time-since-start [s],throttle_mpc,roll_mpc,pitch_mpc,yaw_mpc,throttle_nw,roll_nw,pitch_nw,yaw_nw,position_x [m],position_y [m],position_z [m],rotation_w [quaternion],rotation_x [quaternion],rotation_y [quaternion],rotation_z [quaternion],velocity_x [m/s],velocity_y [m/s],velocity_z [m/s],omega_x [rad/s],omega_y [rad/s],omega_z [rad/s],network_used
0.0,6.908652253286348,0.13015199971765407,-5.999999268707046,-0.11371386495681603,10.698695,1.5695431,-5.0620933,-1.2029,12.42535,-11.379731,1.2052342,0.34487528,-0.3926113,0.15779059,0.83786607,-4.265631,4.185425,1.2388908,0.3162994,-0.26845098,0.26592615,0
0.01,6.908652253286348,0.13015199971765407,-5.999999268707046,-0.11371386495681603,11.391299,0.5401543,-5.479284,-0.2028031,12.3824835,-11.337671,1.2173798,0.34483412,-0.3890842,0.15820618,0.8394485,-4.3075027,4.22635,1.1899986,0.21073203,-1.0856314,0.25417536,0
0.02,6.908652253286348,0.13015199971765407,-5.999999268707046,-0.11371386495681603,11.391299,0.5401543,-5.479284,-0.2028031,12.339207,-11.295211,1.2290299,0.345281,-0.38247687,0.15692466,0.84253615,-4.3474054,4.2655783,1.1398692,0.15052006,-1.8042867,0.24041435,0
0.03,6.908652253286348,0.13015199971765407,-5.999999268707046,-0.11371386495681603,11.391299,0.5401543,-5.479284,-0.2028031,12.295542,-11.252367,1.2401745,0.34621066,-0.37307566,0.15426208,0.84685063,-4.3852496,4.3029404,1.0889611,0.12677829,-2.4379702,0.224904,0
0.04,6.908652253286348,0.13015199971765407,-5.999999268707046,-0.11371386495681603,11.161122,0.98813266,-5.7707925,-0.34474137,12.251509,-11.209158,1.2508086,0.34759608,-0.36113012,0.15047397,0.85212654,-4.4212337,4.3386006,1.0380011,0.12622333,-2.9923375,0.2083937,0
0.05,6.908652253286348,0.13015199971765407,-5.999999268707046,-0.11371386495681603,11.161122,0.98813266,-5.7707925,-0.34474137,12.207121,-11.165597,1.2609395,0.34935775,-0.34693748,0.14573692,0.8581051,-4.456095,4.373289,0.9884186,0.12686431,-3.461382,0.1925878,0
0.060000000000000005,6.908652253286348,0.13015199971765407,-5.999999268707046,-0.11371386495681603,11.161122,0.98813266,-5.7707925,-0.34474137,12.16239,-11.1216955,1.2705826,0.35139617,-0.33079997,0.14017825,0.86454743,-4.4896894,4.4068727,0.94047886,0.12738886,-3.857279,0.17755748,0
0.07,6.908652253286348,0.13015199971765407,-5.999999268707046,-0.11371386495681603,11.161122,0.98813266,-5.7707925,-0.34474137,12.1173315,-11.077464,1.279755,0.3536232,-0.31297478,0.13390541,0.87124443,-4.521823,4.43917,0.8943086,0.12781946,-4.191436,0.16326472,0
0.08,9.313638540511459,0.014858327662165632,-5.999999125000775,-0.1878642825070589,15.574945,0.62546957,-5.9432554,-0.4172037,12.0719595,-11.032917,1.288475,0.3559621,-0.29368195,0.12701023,0.878015,-4.5523133,4.4700103,0.84998125,0.12817368,-4.473481,0.1496733,0
0.09,9.313638540511459,0.014858327662165632,-5.999999125000775,-0.1878642825070589,15.574945,0.62546957,-5.9432554,-0.4172037,12.02624,-10.988018,1.2968574,0.35834122,-0.273129,0.1195285,0.8847062,-4.5909724,4.5094037,0.8268918,0.11047465,-4.711544,0.13311024,0
0.09999999999999999,9.313638540511459,0.014858327662165632,-5.999999125000775,-0.1878642825070589,15.574945,0.62546957,-5.9432554,-0.4172037,11.980148,-10.942738,1.3050215,0.36070165,-0.25149488,0.1114941,0.8911868,-4.6269794,4.546402,0.80629957,0.09553044,-4.9124804,0.11735992,0
0.10999999999999999,9.313638540511459,0.014858327662165632,-5.999999125000775,-0.1878642825070589,15.574945,0.62546957,-5.9432554,-0.4172037,11.933709,-10.8970995,1.3129919,0.36299875,-0.2289191,0.102978624,0.89734244,-4.660142,4.5808043,0.78813326,0.08291332,-5.0820804,0.102382496,0
0.11999999999999998,9.313638540511459,0.014858327662165632,-5.999999125000775,-0.1878642825070589,15.574945,0.62546957,-5.9432554,-0.4172037,11.886953,-10.851131,1.3207922,0.3651942,-0.20552443,0.094044805,0.9030773,-4.690284,4.612425,0.772278,0.072261184,-5.225231,0.08814,0
0.12999999999999998,11.644744819665576,-0.17780897832605577,-5.999998707626504,-0.24118952047532352,14.149976,0.20332849,-4.635744,0.023329556,11.839912,-10.804862,1.3284448,0.36725512,-0.18141957,0.08474793,0.9083108,-4.7172413,4.6410933,0.7585811,0.063269,-5.346057,0.074596375,0
0.13999999999999999,11.644744819665576,-0.17780897832605577,-5.999998707626504,-0.24118952047532352,14.149976,0.20332849,-4.635744,0.023329556,11.792589,-10.758288,1.3360783,0.369146,-0.15673026,0.07506564,0.9129798,-4.746784,4.6730504,0.768476,0.025622927,-5.448041,0.05910068,0
0.15,11.644744819665576,-0.17780897832605577,-5.999998707626504,-0.24118952047532352,14.149976,0.20332849,-4.635744,0.023329556,11.744992,-10.711414,1.3438219,0.37084007,-0.13156621,0.06498468,0.9170306,-4.7720213,4.7009273,0.7805706,-0.006152036,-5.5341196,0.044365354,0
0.16,12.61649324760065,-0.3519384945105109,-5.999993668776161,-0.22986367112641287,14.771505,-0.48544058,-3.8966382,0.018687451,11.697165,-10.664284,1.3516963,0.3723227,-0.10599743,0.054563753,0.92041475,-4.792829,4.724548,0.794568,-0.03297107,-5.606774,0.03035309,0
0.17,12.61649324760065,-0.3519384945105109,-5.999993668776161,-0.22986367112641287,14.771505,-0.48544058,-3.8966382,0.018687451,11.649144,-10.61693,1.359766,0.3735728,-0.08011346,0.043790765,0.92309684,-4.8104663,4.7453613,0.81963205,-0.082759835,-5.6680965,0.017584184,0
0.18000000000000002,12.61649324760065,-0.3519384945105109,-5.999993668776161,-0.22986367112641287,14.771505,-0.48544058,-3.8966382,0.018687451,11.600972,-10.569393,1.3680934,0.37457427,-0.053993173,0.032660924,0.92504716,-4.823121,4.761239,0.8460364,-0.124782585,-5.7198553,0.0054418473,0
0.19000000000000003,12.61649324760065,-0.3519384945105109,-5.999993668776161,-0.22986367112641287,14.771505,-0.48544058,-3.8966382,0.018687451,11.552699,-10.521724,1.37669,0.37532136,-0.027682904,0.021233246,0.92623794,-4.8307433,4.7720456,0.87339,-0.16025065,-5.763542,-0.006104664,0
0.20000000000000004,12.164159169825078,-0.40533046117863736,-3.048990682373645,-0.20388770799953032,14.836502,-0.6849182,-2.4689374,-0.13149151,11.504375,-10.473971,1.3855631,0.37580845,-0.0012260126,0.0095598865,0.9266473,-4.8332987,4.7776732,0.9012869,-0.19018587,-5.800415,-0.017084582,0
0.21000000000000005,12.164159169825078,-0.40533046117863736,-3.048990682373645,-0.20388770799953032,14.836502,-0.6849182,-2.4689374,-0.13149151,11.456051,-10.426189,1.3946936,0.376029,0.024234807,-0.0018886947,0.926289,-4.8309097,4.778074,0.92478925,-0.22376508,-5.37133,-0.026251068,0
0.22000000000000006,12.164159169825078,-0.40533046117863736,-3.048990682373645,-0.20388770799953032,14.836502,-0.6849182,-2.4689374,-0.13149151,11.407773,-10.378427,1.4040581,0.37602505,0.04779246,-0.012735998,0.92528856,-4.8239784,4.773684,0.9480408,-0.25210232,-5.0091605,-0.03496775,0
0.23000000000000007,12.164159169825078,-0.40533046117863736,-3.048990682373645,-0.20388770799953032,14.836502,-0.6849182,-2.4689374,-0.13149151,11.359585,-10.33073,1.4136525,0.3758501,0.06973047,-0.023067622,0.9237653,-4.812873,4.7648044,0.970737,-0.27601668,-4.7034717,-0.04325671,0
0.24000000000000007,12.164159169825078,-0.40533046117863736,-3.048990682373645,-0.20388770799953032,14.747241,-1.1067063,0.17313744,-0.4694745,11.311528,-10.283145,1.42347,0.37554294,0.090290636,-0.032956865,0.92180747,-4.797911,4.7516966,0.992631,-0.29619864,-4.445454,-0.051138926,0
0.25000000000000006,12.164159169825078,-0.40533046117863736,-3.048990682373645,-0.20388770799953032,14.747241,-1.1067063,0.17313744,-0.4694745,11.263639,-10.23571,1.4335016,0.37513152,0.109678455,-0.04246622,0.9194801,-4.779372,4.73459,1.013519,-0.31323114,-4.227674,-0.058634363,0
0.26000000000000006,12.164159169825078,-0.40533046117863736,-3.048990682373645,-0.20388770799953032,14.747241,-1.1067063,0.17313744,-0.4694745,11.215953,-10.188466,1.4437363,0.37463564,0.1280681,-0.051648784,0.916831,-4.757498,4.7136865,1.033229,-0.3276059,-4.043857,-0.06576198,0
0.2700000000000001,12.164159169825078,-0.40533046117863736,-3.048990682373645,-0.20388770799953032,14.747241,-1.1067063,0.17313744,-0.4694745,11.1685,-10.141449,1.4541616,0.37406904,0.14560686,-0.060549527,0.91389537,-4.7324986,4.6891613,1.0516124,-0.33973765,-3.8887062,-0.07253986,0
0.2800000000000001,11.453480694263593,-0.3785906664296161,2.643494651128966,-0.17097012690265892,14.33592,-0.89227575,1.4440186,-0.9259413,11.121313,-10.094694,1.4647635,0.37344104,0.16241902,-0.06920644,0.9106988,-4.70456,4.6611714,1.0685383,-0.34997645,-3.7577512,-0.07898513,0
0.2900000000000001,11.453480694263593,-0.3785906664296161,2.643494651128966,-0.17097012690265892,14.33592,-0.89227575,1.4440186,-0.9259413,11.0744095,-10.048226,1.4754938,0.37292567,0.1765453,-0.07679406,0.90766776,-4.675716,4.63176,1.0773032,-0.35439584,-2.759479,-0.083498865,0
0.3000000000000001,11.453480694263593,-0.3785906664296161,2.643494651128966,-0.17097012690265892,14.33592,-0.89227575,1.4440186,-0.9259413,11.027805,-10.002067,1.4863054,0.37271065,0.1864624,-0.08266856,0.9052537,-4.6449695,4.599907,1.0848328,-0.35812873,-1.9168872,-0.08779112,0
0.3100000000000001,11.453480694263593,-0.3785906664296161,2.643494651128966,-0.17097012690265892,14.33592,-0.89227575,1.4440186,-0.9259413,10.981516,-9.956234,1.4971874,0.37280035,0.19284756,-0.08710197,0.9034615,-4.6129947,4.5662665,1.0914412,-0.36128235,-1.2056967,-0.09187273,0
0.3200000000000001,10.83792532710493,-0.3265732636561486,5.999998295238004,-0.13050403677306402,14.627742,-0.716747,3.18005,-1.1669384,10.935549,-9.910746,1.5081321,0.37317932,0.1962651,-0.09032141,0.90225214,-4.580348,4.531381,1.0974339,-0.36394733,-0.6054164,-0.095754065,0
0.3300000000000001,10.83792532710493,-0.3265732636561486,5.999998295238004,-0.13050403677306402,14.627742,-0.716747,3.18005,-1.1669384,10.8899,-9.8656,1.519107,0.3739353,0.19598134,-0.09199715,0.9018314,-4.5492983,4.4976616,1.0975428,-0.35805425,0.42469433,-0.09745926,0
0.34000000000000014,10.83792532710493,-0.3265732636561486,5.999998295238004,-0.13050403677306402,14.627742,-0.716747,3.18005,-1.1669384,10.844562,-9.820792,1.5300832,0.37512437,0.19143273,-0.091873914,0.90232706,-4.518728,4.4638705,1.097777,-0.35308835,1.2941598,-0.099080764,0
0.35000000000000014,10.83792532710493,-0.3265732636561486,5.999998295238004,-0.13050403677306402,14.627742,-0.716747,3.18005,-1.1669384,10.799522,-9.77632,1.541064,0.3766655,0.1832756,-0.090224035,0.9035444,-4.4892573,4.4306326,1.0985329,-0.3489041,2.0280328,-0.10062271,0
0.36000000000000015,9.415244466530998,-0.2810391370035453,5.999999638854054,-0.15306687492637824,14.069988,-0.61690235,4.6733956,-0.98077124,10.754771,-9.732175,1.5520564,0.37847406,0.17205684,-0.08727437,0.90528274,-4.461416,4.3984847,1.1001173,-0.34537846,2.6474588,-0.10208901,0
0.37000000000000016,9.415244466530998,-0.2810391370035453,5.999999638854054,-0.15306687492637824,14.069988,-0.61690235,4.6733956,-0.98077124,10.71027,-9.688325,1.5630039,0.38046676,0.15824214,-0.08319805,0.9073491,-4.4390416,4.3719125,1.0895241,-0.33530492,3.1702855,-0.1045905,0
0.38000000000000017,9.415244466530998,-0.2810391370035453,5.999999638854054,-0.15306687492637824,14.069988,-0.61690235,4.6733956,-0.98077124,10.665982,-9.644732,1.5738504,0.38256666,0.14222413,-0.07814182,0.90956515,-4.4188223,4.347057,1.0799525,-0.3268067,3.611578,-0.10696925,0
0.3900000000000002,9.415244466530998,-0.2810391370035453,5.999999638854054,-0.15306687492637824,14.069988,-0.61690235,4.6733956,-0.98077124,10.621884,-9.6013775,1.5846065,0.38470456,0.12432933,-0.07224637,0.91177016,-4.401054,4.3242373,1.0714474,-0.3196374,3.9840508,-0.10923128,0
0.4000000000000002,9.595396070483151,-0.19979658003021006,5.999999698468203,-0.1230091719844324,14.301165,-0.2312818,4.897004,-1.2063009,10.577951,-9.55824,1.5952829,0.38681883,0.104836635,-0.06563174,0.91382307,-4.385994,4.303738,1.0639921,-0.3135897,4.298437,-0.111382306,0
0.4100000000000002,9.595396070483151,-0.19979658003021006,5.999999698468203,-0.1230091719844324,14.301165,-0.2312818,4.897004,-1.2063009,10.534156,-9.515296,1.6058984,0.38884875,0.083997965,-0.05837159,0.9156055,-4.3736324,4.2854657,1.0592681,-0.29582274,4.5637937,-0.11195284,0
0.4200000000000002,9.595396070483151,-0.19979658003021006,5.999999698468203,-0.1230091719844324,14.301165,-0.2312818,4.897004,-1.2063009,10.490468,-9.472521,1.6164712,0.39074254,0.062030107,-0.050531436,0.9170162,-4.3644457,4.2700434,1.0554196,-0.28082973,4.7877684,-0.112495385,0
0.4300000000000002,9.595396070483151,-0.19979658003021006,5.999999698468203,-0.1230091719844324,14.301165,-0.2312818,4.897004,-1.2063009,10.446856,-9.429885,1.6270093,0.39246207,0.039109223,-0.04219644,0.91796684,-4.3585896,4.257673,1.0522834,-0.26817706,4.9768143,-0.11301129,0
0.4400000000000002,9.595396070483151,-0.19979658003021006,5.999999698468203,-0.1230091719844324,14.65941,0.11065759,5.0150204,-1.0072718,10.403284,-9.387357,1.6375186,0.3939748,0.0153890215,-0.033440594,0.9183836,-4.3561926,4.2485285,1.0496608,-0.25749978,5.136379,-0.1135019,0
0.45000000000000023,9.595396070483151,-0.19979658003021006,5.999999698468203,-0.1230091719844324,14.65941,0.11065759,5.0150204,-1.0072718,10.359719,-9.344902,1.6480035,0.39525324,-0.008995762,-0.024328465,0.91820574,-4.3573585,4.242757,1.0473238,-0.24848956,5.271059,-0.11396842,0
0.46000000000000024,9.595396070483151,-0.19979658003021006,5.999999698468203,-0.1230091719844324,14.65941,0.11065759,5.0150204,-1.0072718,10.316125,-9.302489,1.6584653,0.3962742,-0.033926494,-0.014916612,0.91738373,-4.362164,4.2404795,1.0450197,-0.24088609,5.3847365,-0.11441205,0
0.47000000000000025,9.595396070483151,-0.19979658003021006,5.999999698468203,-0.1230091719844324,14.65941,0.11065759,5.0150204,-1.0072718,10.272465,-9.260081,1.6689029,0.39701846,-0.059298236,-0.005254792,0.91587776,-4.370662,4.241793,1.0424767,-0.23446967,5.4806857,-0.114833914,0
0.48000000000000026,10.587645432845115,-0.11341310538426569,5.999999661287091,-0.07583356576338413,13.946972,0.056860197,4.137869,-1.0679005,10.228701,-9.217641,1.679313,0.39747012,-0.08501773,0.004613042,0.91365635,-4.382884,4.246771,1.0394073,-0.22905505,5.561672,-0.11523507,0
0.49000000000000027,10.587645432845115,-0.11341310538426569,5.999999661287091,-0.07583356576338413,13.946972,0.056860197,4.137869,-1.0679005,10.184787,-9.175129,1.689737,0.39761403,-0.110987954,0.014679978,0.910697,-4.400487,4.256364,1.0452553,-0.21102269,5.630028,-0.11330163,0
0.5000000000000002,10.587645432845115,-0.11341310538426569,5.999999661287091,-0.07583356576338413,13.946972,0.056860197,4.137869,-1.0679005,10.1406765,-9.1325,1.7002136,0.39743847,-0.13712324,0.024936814,0.9069827,-4.4221835,4.2700963,1.0498573,-0.1958031,5.687723,-0.111463055,0
0.5100000000000002,10.587645432845115,-0.11341310538426569,5.999999661287091,-0.07583356576338413,13.946972,0.056860197,4.137869,-1.0679005,10.096329,-9.089713,1.7107286,0.39693594,-0.16336009,0.035343613,0.90249974,-4.44793,4.2879844,1.0528715,-0.18295734,5.7364206,-0.10971472,0
0.5200000000000002,11.996313723622519,-0.008520326648762329,5.999999417006902,-0.03250414555321032,14.606585,0.53608036,3.0218613,-0.868909,10.051703,-9.046726,1.7212644,0.39610055,-0.18964075,0.04586491,0.8972384,-4.4776607,4.310023,1.0539547,-0.17211533,5.7775245,-0.108052164,0
0.5300000000000002,11.996313723622519,-0.008520326648762329,5.999999417006902,-0.03250414555321032,14.606585,0.53608036,3.0218613,-0.868909,10.00674,-9.003481,1.7318646,0.39493138,-0.21589561,0.05650767,0.8911929,-4.515765,4.3396635,1.0656583,-0.14661436,5.8122177,-0.104345,0
0.5400000000000003,11.996313723622519,-0.008520326648762329,5.999999417006902,-0.03250414555321032,14.606585,0.53608036,3.0218613,-0.868909,9.961373,-8.959916,1.7425672,0.3934286,-0.24206284,0.067274116,0.88436043,-4.5581613,4.373927,1.0744034,-0.12509003,5.8415008,-0.10081976,0
0.5500000000000003,11.996313723622519,-0.008520326648762329,5.999999417006902,-0.03250414555321032,14.606585,0.53608036,3.0218613,-0.868909,9.915562,-8.915987,1.753341,0.39158967,-0.26810247,0.07812785,0.87674075,-4.604702,4.4127455,1.0798137,-0.10692216,5.866217,-0.097467504,0
0.5600000000000003,12.680420018401637,0.0867492745796273,5.99999875377922,0.0003408002909681175,13.584748,0.7452063,4.267523,-0.64811337,9.869266,-8.871648,1.7641509,0.38941288,-0.293977,0.0890365,0.86833596,-4.655224,4.4560256,1.0815217,-0.09158719,5.8870792,-0.094279744,0
0.5700000000000003,12.680420018401637,0.0867492745796273,5.99999875377922,0.0003408002909681175,13.584748,0.7452063,4.267523,-0.64811337,9.822429,-8.82684,1.7749852,0.38690525,-0.31963602,0.10000537,0.85914826,-4.7126446,4.506368,1.0846316,-0.06379261,5.904687,-0.089636676,0
0.5800000000000003,12.680420018401637,0.0867492745796273,5.99999875377922,0.0003408002909681175,13.584748,0.7452063,4.267523,-0.64811337,9.774999,-8.781506,1.7858275,0.38407356,-0.3450342,0.11103549,0.8491818,-4.7738667,4.561172,1.0830891,-0.040331665,5.919549,-0.08522147,0
0.5900000000000003,12.680420018401637,0.0867492745796273,5.99999875377922,0.0003408002909681175,13.584748,0.7452063,4.267523,-0.64811337,9.726938,-8.735601,1.7966297,0.38091668,-0.37014434,0.12209365,0.8384441,-4.83866,4.6202807,1.0765474,-0.020529063,5.932094,-0.0810229,0
0.6000000000000003,12.395352417352205,0.17047164753080438,5.999996228209116,0.0588979842441243,11.8286295,0.6786366,5.23351,-0.40346608,9.678214,-8.689086,1.80734,0.37743416,-0.39493996,0.13315032,0.8269441,-4.9067802,4.683519,1.0646765,-0.0038140211,5.9426827,-0.07703036,1
0.6100000000000003,12.395352417352205,0.17047164753080438,5.999996228209116,0.0588979842441243,11.8286295,0.6786366,5.23351,-0.40346608,9.628817,-8.64194,1.8178765,0.37380692,-0.4190632,0.1442395,0.8147693,-4.973176,4.7461777,1.0417651,0.10266913,5.8320813,-0.093048654,1
0.6200000000000003,12.395352417352205,0.17047164753080438,5.999996228209116,0.0588979842441243,11.8286295,0.6786366,5.23351,-0.40346608,9.578742,-8.594151,1.8281568,0.37020317,-0.44224334,0.15538222,0.80201405,-5.0420785,4.8123116,1.0134271,0.19254251,5.738727,-0.10828093,1
0.6300000000000003,12.395352417352205,0.17047164753080438,5.999996228209116,0.0588979842441243,11.8286295,0.6786366,5.23351,-0.40346608,9.527967,-8.545682,1.8381261,0.36660266,-0.4645727,0.16653663,0.7886951,-5.1131315,4.881722,0.9795276,0.26839647,5.659931,-0.12276576,1
0.6400000000000003,12.395352417352205,0.17047164753080438,5.999996228209116,0.0588979842441243,11.203438,0.5582251,4.8657074,-0.13246037,9.476473,-8.496504,1.8477279,0.36298543,-0.4861268,0.17766689,0.77482677,-5.186,4.9542084,0.9399444,0.3324183,5.593423,-0.13653979,0
0.6500000000000004,12.395352417352205,0.17047164753080438,5.999996228209116,0.0588979842441243,11.203438,0.5582251,4.8657074,-0.13246037,9.424225,-8.4465685,1.8569179,0.35913038,-0.50726366,0.18872353,0.7603237,-5.2639394,5.033172,0.89707786,0.30713326,5.656832,-0.1269496,0
0.6600000000000004,12.395352417352205,0.17047164753080438,5.999996228209116,0.0588979842441243,11.203438,0.5582251,4.8657074,-0.13246037,9.371189,-8.39583,1.8656477,0.3548377,-0.52824825,0.1996687,0.7451014,-5.3432193,5.1149077,0.84791285,0.2857915,5.7103524,-0.11783,0
0.6700000000000004,12.395352417352205,0.17047164753080438,5.999996228209116,0.0588979842441243,11.203438,0.5582251,4.8657074,-0.13246037,9.317356,-8.344261,1.8738536,0.35012093,-0.5490106,0.21048835,0.7291756,-5.42361,5.1991615,0.7922284,0.26777837,5.755525,-0.109157905,0
0.6800000000000004,11.712340777270239,0.13214747282207653,3.360749073027061,0.1037475331549314,10.212457,-0.013774063,4.4141927,0.0829041,9.262714,-8.29184,1.8814691,0.34499368,-0.56948876,0.22116879,0.712563,-5.5048704,5.2856636,0.72983074,0.25257504,5.7936525,-0.10091135,0
0.6900000000000004,11.712340777270239,0.13214747282207653,3.360749073027061,0.1037475331549314,10.212457,-0.013774063,4.4141927,0.0829041,9.207279,-8.238565,1.8884183,0.33970052,-0.5888975,0.23133117,0.6959087,-5.5822277,5.3692436,0.65901953,0.23373388,5.4142456,-0.09086868,0
0.7000000000000004,11.712340777270239,0.13214747282207653,3.360749073027061,0.1037475331549314,10.212457,-0.013774063,4.4141927,0.0829041,9.151068,-8.184449,1.8946282,0.3344752,-0.6066757,0.24069878,0.679805,-5.6598954,5.4543233,0.5819907,0.21784084,5.0940065,-0.081318796,0
0.7100000000000004,11.712340777270239,0.13214747282207653,3.360749073027061,0.1037475331549314,10.212457,-0.013774063,4.4141927,0.0829041,9.09408,-8.129476,1.9000379,0.32931,-0.62307,0.24939533,0.664184,-5.7376413,5.5405827,0.49906003,0.20443402,4.823708,-0.07223752,0
0.7200000000000004,10.553612461272136,0.09046517276030314,-2.349517952480885,0.13371078017233812,8.9572,0.44115603,-1.1176832,-0.095844254,9.036316,-8.073634,1.9045899,0.32419434,-0.6382836,0.2575233,0.6489789,-5.8152704,5.6277494,0.4105086,0.19312432,4.595562,-0.06360189,0
0.7300000000000004,10.553612461272136,0.09046517276030314,-2.349517952480885,0.13371078017233812,8.9572,0.44115603,-1.1176832,-0.095844254,8.977809,-8.016954,1.9082277,0.31972748,-0.651052,0.26447192,0.63557845,-5.88574,5.7077675,0.31633136,0.18872994,3.5241616,-0.054994483,0
0.7400000000000004,10.553612461272136,0.09046517276030314,-2.349517952480885,0.13371078017233812,8.9572,0.44115603,-1.1176832,-0.095844254,8.918605,-7.959479,1.9109032,0.31640053,-0.66045845,0.26973355,0.62524307,-5.9551024,5.7873025,0.21826288,0.17335671,2.6081662,-0.045734663,0
0.7500000000000004,10.553612461272136,0.09046517276030314,-2.349517952480885,0.13371078017233812,8.9572,0.44115603,-1.1176832,-0.095844254,8.858708,-7.9012074,1.9125831,0.3140786,-0.66712296,0.2735997,0.6176119,-6.0241275,5.867083,0.117341235,0.16039594,1.8350196,-0.036929224,0
0.7600000000000005,9.40994996739356,0.15639261906384141,-5.9999993859810274,0.11881597235421992,8.917489,1.2311635,-5.318513,-0.021322984,8.798122,-7.842137,1.913243,0.3126351,-0.67153805,0.2763163,0.61232746,-6.0928507,5.9470286,0.014399178,0.14946806,1.1824443,-0.028555859,0
0.7700000000000005,9.40994996739356,0.15639261906384141,-5.9999993859810274,0.11881597235421992,8.917489,1.2311635,-5.318513,-0.021322984,8.736872,-7.78229,1.9128685,0.31240743,-0.6732501,0.27773595,0.6099167,-6.1566367,6.0216136,-0.08937788,0.18476278,0.105365396,-0.024403188,0
0.7800000000000005,9.40994996739356,0.15639261906384141,-5.9999993859810274,0.11881597235421992,8.917489,1.2311635,-5.318513,-0.021322984,8.674997,-7.7217135,1.9114555,0.31362545,-0.67182964,0.27763796,0.6109017,-6.2178144,6.0934377,-0.19315587,0.18445638,-0.8426323,-0.017759245,0
0.7900000000000005,9.40994996739356,0.15639261906384141,-5.9999993859810274,0.11881597235421992,8.917489,1.2311635,-5.318513,-0.021322984,8.612515,-7.660421,1.9090078,0.31601822,-0.66771585,0.27617148,0.6148309,-6.2786565,6.1650496,-0.29622048,0.18007745,-1.6469201,-0.01105747,0
0.8000000000000005,7.102518563048605,0.5527852459176986,-5.999999872839542,-0.30618999418986953,8.616548,3.0350983,-5.146075,-0.5784844,8.549424,-7.5984116,1.9055363,0.31937686,-0.661278,0.273526,0.62120295,-6.3395023,6.236743,-0.39782587,0.17638856,-2.3257797,-0.0046845456,0
0.8100000000000005,7.102518563048605,0.5527852459176986,-5.999999872839542,-0.30618999418986953,8.616548,3.0350983,-5.146075,-0.5784844,8.485796,-7.53577,1.9010607,0.32363066,-0.65279126,0.26991493,0.6295017,-6.3858104,6.291303,-0.49699038,0.2296152,-2.8933308,-0.018976541,0
0.8200000000000005,7.102518563048605,0.5527852459176986,-5.999999872839542,-0.30618999418986953,8.616548,3.0350983,-5.146075,-0.5784844,8.421709,-7.472586,1.8956034,0.32874647,-0.64244294,0.26551646,0.6392914,-6.431771,6.345441,-0.59413445,0.2799766,-3.3778172,-0.033070184,0
0.8300000000000005,7.102518563048605,0.5527852459176986,-5.999999872839542,-0.30618999418986953,8.616548,3.0350983,-5.146075,-0.5784844,8.357161,-7.4088607,1.8891861,0.33455256,-0.6304283,0.2604134,0.6502456,-6.477686,6.3995233,-0.6889174,0.32247934,-3.786749,-0.046472237,0
0.8400000000000005,7.102518563048605,0.5527852459176986,-5.999999872839542,-0.30618999418986953,8.948702,2.6672764,-5.8923798,0.018552382,8.292154,-7.344596,1.881834,0.34089372,-0.6169155,0.25467333,0.6620785,-6.523485,6.4534745,-0.78104484,0.35835072,-4.131908,-0.059216667,0
0.8500000000000005,7.102518563048605,0.5527852459176986,-5.999999872839542,-0.30618999418986953,8.948702,2.6672764,-5.8923798,0.018552382,8.22669,-7.2797923,1.8735751,0.34763587,-0.6020468,0.24835382,0.6745436,-6.569082,6.507198,-0.870275,0.3886267,-4.42324,-0.07133572,0
0.8600000000000005,7.102518563048605,0.5527852459176986,-5.999999872839542,-0.30618999418986953,8.948702,2.6672764,-5.8923798,0.018552382,8.160773,-7.2144527,1.8644391,0.3546635,-0.5859446,0.24150477,0.6874285,-6.6143746,6.5605764,-0.9564129,0.41418073,-4.66914,-0.082860075,0
0.8700000000000006,7.102518563048605,0.5527852459176986,-5.999999872839542,-0.30618999418986953,8.948702,2.6672764,-5.8923798,0.018552382,8.094405,-7.148582,1.8544579,0.36187726,-0.56871575,0.23417014,0.70055073,-6.65925,6.6134787,-1.0393059,0.43574992,-4.876691,-0.09381894,0
0.8800000000000006,8.479522013497714,0.7098412816179577,-5.999999904695358,-0.5233428152838838,9.683366,-0.11176191,-5.833644,0.4424924,8.02759,-7.0821853,1.8436644,0.36919186,-0.55045456,0.22638911,0.713754,-6.703585,6.66576,-1.1188407,0.4539565,-5.0518746,-0.10424004,0
0.8900000000000006,8.479522013497714,0.7098412816179577,-5.999999904695358,-0.5233428152838838,9.683366,-0.11176191,-5.833644,0.4424924,7.9602933,-7.0152197,1.8321136,0.37658742,-0.531228,0.21822746,0.7268804,-6.755715,6.7272525,-1.1906737,0.49378195,-5.1997437,-0.12480554,0
0.9000000000000006,8.479522013497714,0.7098412816179577,-5.999999904695358,-0.5233428152838838,9.683366,-0.11176191,-5.833644,0.4424924,7.8924794,-6.947644,1.8198652,0.38404498,-0.51109815,0.20974086,0.7397949,-6.80687,6.7876363,-1.2583497,0.5273984,-5.3245525,-0.1443619,0
0.9100000000000006,8.479522013497714,0.7098412816179577,-5.999999904695358,-0.5233428152838838,9.683366,-0.11176191,-5.833644,0.4424924,7.8241596,-6.8794713,1.806961,0.3914978,-0.49013877,0.20094943,0.75240445,-6.856873,6.846722,-1.3218498,0.5557747,-5.429898,-0.16295859,0
0.9200000000000006,11.415323681451827,0.5318795283089583,-5.999999881807192,-0.15595932300476062,11.716786,0.033956103,-6.1156054,-0.22992001,7.755347,-6.8107147,1.7934427,0.3988886,-0.46841708,0.1918724,0.76462924,-6.905547,6.904315,-1.3811896,0.57972825,-5.518814,-0.18064275,1
0.9300000000000006,11.415323681451827,0.5318795283089583,-5.999999881807192,-0.15595932300476062,11.716786,0.033956103,-6.1156054,-0.22992001,7.6859636,-6.7412834,1.7794322,0.40601593,-0.44609663,0.18233748,0.7764673,-6.970738,6.9815526,-1.420049,0.49459755,-5.593846,-0.1830608,1
0.9400000000000006,11.415323681451827,0.5318795283089583,-5.999999881807192,-0.15595932300476062,11.716786,0.033956103,-6.1156054,-0.22992001,7.6159396,-6.671093,1.7650609,0.41272014,-0.4233175,0.17220952,0.7879136,-7.0337014,7.0561175,-1.4533376,0.4227447,-5.6571774,-0.18536018,1
0.9500000000000006,11.415323681451827,0.5318795283089583,-5.999999881807192,-0.15595932300476062,11.716786,0.033956103,-6.1156054,-0.22992001,7.545298,-6.6001716,1.7503841,0.419011,-0.40010637,0.16155775,0.7989014,-7.094294,7.1276774,-1.481205,0.36209872,-5.7106333,-0.18754673,1
0.9600000000000006,14.038277683986633,0.36112199909882675,-5.999999824015349,0.06867686192521084,13.485085,-0.050509576,-5.9889984,0.2165661,7.474063,-6.528551,1.7354549,0.42489508,-0.37648976,0.15044366,0.8093738,-7.1523666,7.1959157,-1.5038339,0.31091177,-5.755754,-0.189626,1
0.9700000000000006,14.038277683986633,0.36112199909882675,-5.999999824015349,0.06867686192521084,13.485085,-0.050509576,-5.9889984,0.2165661,7.402218,-6.4562163,1.7203848,0.43031877,-0.35250372,0.13891703,0.8193098,-7.2161326,7.2702847,-1.5092881,0.2546192,-5.792118,-0.16969402,1
0.9800000000000006,14.038277683986633,0.36112199909882675,-5.999999824015349,0.06867686192521084,13.485085,-0.050509576,-5.9889984,0.2165661,7.329751,-6.3831606,1.705288,0.43523288,-0.32818216,0.12702389,0.8286937,-7.276665,7.3401556,-1.5092361,0.207103,-5.8228135,-0.15074015,1
0.9900000000000007,14.038277683986633,0.36112199909882675,-5.999999824015349,0.06867686192521084,13.485085,-0.050509576,-5.9889984,0.2165661,7.2566957,-6.30943,1.690218,0.43964696,-0.30354837,0.114810795,0.8374885,-7.333807,7.4052205,-1.5039859,0.16699456,-5.8487244,-0.13271631,1
1.0000000000000007,15.836405616377021,0.37030715488646443,-5.999999638725612,0.18914846180343503,14.639849,0.19747949,-6.016707,0.5831994,7.183087,-6.235074,1.675225,0.44356862,-0.2786259,0.10231927,0.8456623,-7.3874025,7.4651947,-1.493871,0.13313866,-5.870596,-0.11557693,0
1.0100000000000007,15.836405616377021,0.37030715488646443,-5.999999638725612,0.18914846180343503,14.639849,0.19747949,-6.016707,0.5831994,7.1089163,-6.160096,1.6604537,0.44705275,-0.25336036,0.0897265,0.85317117,-7.4459906,7.5293503,-1.4595932,0.17018096,-5.8907776,-0.10062397,0
1.0200000000000007,15.836405616377021,0.37030715488646443,-5.999999638725612,0.18914846180343503,14.639849,0.19747949,-6.016707,0.5831994,7.034183,-6.084509,1.6460497,0.45013812,-0.22771296,0.07717814,0.8599799,-7.499991,7.5869985,-1.4204599,0.20144428,-5.9078107,-0.08640475,0
1.0300000000000007,15.836405616377021,0.37030715488646443,-5.999999638725612,0.18914846180343503,14.639849,0.19747949,-6.016707,0.5831994,6.9589334,-6.0083785,1.6320596,0.45280957,-0.20172921,0.06466654,0.86607534,-7.5491686,7.6379433,-1.3769317,0.22782981,-5.922187,-0.07288327,0
1.0400000000000007,15.836405616377021,0.37030715488646443,-5.999999638725612,0.18914846180343503,15.771619,0.4238658,-6.1025233,0.71358776,6.883217,-5.9317737,1.6185246,0.45505512,-0.17545187,0.05218661,0.8714456,-7.5933113,7.6820083,-1.3294914,0.25009826,-5.934321,-0.060025305,1
1.0500000000000007,15.836405616377021,0.37030715488646443,-5.999999638725612,0.18914846180343503,15.771619,0.4238658,-6.1025233,0.71358776,6.8070855,-5.8547635,1.6054783,0.4568127,-0.14890835,0.039765246,0.8761088,-7.6320686,7.7188907,-1.2792505,0.27734402,-5.944558,-0.022063896,1
1.0600000000000007,15.836405616377021,0.37030715488646443,-5.999999638725612,0.18914846180343503,15.771619,0.4238658,-6.1025233,0.71358776,6.7305937,-5.7774205,1.5929493,0.45802438,-0.122127146,0.027424537,0.8800829,-7.6654463,7.748648,-1.2261293,0.3003341,-5.9531975,0.0140347425,1
1.0700000000000007,15.836405616377021,0.37030715488646443,-5.999999638725612,0.18914846180343503,15.771619,0.4238658,-6.1025233,0.71358776,6.6537957,-5.6998158,1.5809639,0.45868847,-0.09514927,0.0151558425,0.88335794,-7.6932898,7.7711854,-1.1706575,0.31973222,-5.9604883,0.04836201,1
1.0800000000000007,16.210790199798165,0.39958035597301444,-5.999999151511674,0.23917141797675062,16.12735,0.33313775,-6.218497,0.6439383,6.5767474,-5.6220217,1.5695424,0.4588052,-0.06801357,0.002953024,0.8859247,-7.7154646,7.7864327,-1.1133767,0.336099,-5.966642,0.08100482,1
1.0900000000000007,16.210790199798165,0.39958035597301444,-5.999999151511674,0.23917141797675062,16.12735,0.33313775,-6.218497,0.6439383,6.4995036,-5.5441113,1.5587182,0.458382,-0.040773723,-0.0092206085,0.88777125,-7.732233,7.7945232,-1.0513042,0.3357451,-5.971838,0.108628124,1
1.1000000000000008,16.210790199798165,0.39958035597301444,-5.999999151511674,0.23917141797675062,16.12735,0.33313775,-6.218497,0.6439383,6.4221225,-5.4661574,1.5485188,0.45742893,-0.013478171,-0.021392878,0.8888863,-7.743019,7.795086,-0.98851544,0.33544117,-5.9762244,0.13489594,1
1.1100000000000008,16.210790199798165,0.39958035597301444,-5.999999151511674,0.23917141797675062,16.12735,0.33313775,-6.218497,0.6439383,6.3446636,-5.3882356,1.5389484,0.4559517,0.013844013,-0.0335547,0.8892637,-7.747771,7.7881203,-0.92558515,0.33517978,-5.9799266,0.1598748,1
1.1200000000000008,15.907040987559515,0.40401657051714324,-5.999996462198728,0.20440090991850973,16.142221,0.32017848,-6.028321,0.50962347,6.2671876,-5.3104205,1.5300057,0.45395645,0.041164286,-0.04569691,0.8888984,-7.746457,7.773655,-0.86308986,0.33495423,-5.983052,0.18362793,1
1.1300000000000008,15.907040987559515,0.40401657051714324,-5.999996462198728,0.20440090991850973,16.142221,0.32017848,-6.028321,0.50962347,6.1897554,-5.2327876,1.5216839,0.45146483,0.06845304,-0.057814095,0.8877785,-7.7390614,7.751726,-0.8014581,0.3327128,-5.9856915,0.19962461,1
1.1400000000000008,15.907040987559515,0.40401657051714324,-5.999996462198728,0.20440090991850973,16.142221,0.32017848,-6.028321,0.50962347,6.112427,-5.155411,1.5139711,0.4484979,0.095681846,-0.06989923,0.88589406,-7.7255964,7.7224326,-0.74141145,0.33081785,-5.9879203,0.21483634,1
1.1500000000000008,15.907040987559515,0.40401657051714324,-5.999996462198728,0.20440090991850973,16.142221,0.32017848,-6.028321,0.50962347,6.0352645,-5.0783634,1.5068483,0.44506165,0.12282451,-0.08194085,0.8832438,-7.7060957,7.685888,-0.683518,0.32921538,-5.989801,0.22930162,1
1.1600000000000008,14.683635986117883,0.3438835813045703,-3.340951243086895,0.11893384526982079,15.943985,0.37209466,-3.9022923,0.33706596,5.9583263,-5.0017176,1.5002913,0.44116232,0.14985512,-0.09392767,0.8798276,-7.6806126,7.642232,-0.62833846,0.32786003,-5.991389,0.24305709,0
1.1700000000000008,14.683635986117883,0.3438835813045703,-3.340951243086895,0.11893384526982079,15.943985,0.37209466,-3.9022923,0.33706596,5.881659,-4.9255204,1.4942023,0.43696082,0.17582537,-0.105366975,0.87581295,-7.6520977,7.596257,-0.5899525,0.33027118,-5.578056,0.23696634,0
1.1800000000000008,14.683635986117883,0.3438835813045703,-3.340951243086895,0.11893384526982079,15.943985,0.37209466,-3.9022923,0.33706596,5.805302,-4.849812,1.488481,0.43264025,0.20000097,-0.11587797,0.87143224,-7.6185827,7.544526,-0.5547988,0.33232045,-5.2291813,0.23117445,0
1.1900000000000008,14.683635986117883,0.3438835813045703,-3.340951243086895,0.11893384526982079,15.943985,0.37209466,-3.9022923,0.33706596,5.729304,-4.7746477,1.4830946,0.42822948,0.22264786,-0.12560092,0.8667593,-7.5804405,7.4875846,-0.52305526,0.33406162,-4.934714,0.22566678,0
1.2000000000000008,13.430674495059103,0.28944370707477296,1.4133943399919,0.036930489915161076,14.181112,0.6128743,0.30122316,0.3177869,5.653708,-4.7000766,1.4780079,0.42374682,0.24399096,-0.13465375,0.86184406,-7.537996,7.425905,-0.49485794,0.3355408,-4.6861687,0.22042936,0
1.2100000000000009,13.430674495059103,0.28944370707477296,1.4133943399919,0.036930489915161076,14.181112,0.6128743,0.30122316,0.3177869,5.5785375,-4.626116,1.4731326,0.41949067,0.26258242,-0.1423522,0.8572127,-7.495557,7.3656034,-0.48071575,0.32819328,-3.7349484,0.21142502,0
1.2200000000000009,13.430674495059103,0.28944370707477296,1.4133943399919,0.036930489915161076,14.181112,0.6128743,0.30122316,0.3177869,5.503807,-4.5527744,1.4683837,0.41575193,0.27732104,-0.14818119,0.8533964,-7.4501133,7.302213,-0.46948484,0.3220231,-2.9320698,0.20286253,0
1.2300000000000009,13.430674495059103,0.28944370707477296,1.4133943399919,0.036930489915161076,14.181112,0.6128743,0.30122316,0.3177869,5.4295435,-4.480079,1.4637346,0.41251034,0.28884038,-0.15245399,0.85039043,-7.402279,7.236518,-0.46065837,0.3168406,-2.2543995,0.1947202,0
1.2400000000000009,13.430674495059103,0.28944370707477296,1.4133943399919,0.036930489915161076,13.780003,0.87232184,5.152663,0.124317884,5.355768,-4.40805,1.459164,0.40972897,0.2976664,-0.1554291,0.84814996,-7.352553,7.1691465,-0.45375293,0.31248686,-1.6824113,0.1869774,0
1.2500000000000009,13.430674495059103,0.28944370707477296,1.4133943399919,0.036930489915161076,13.780003,0.87232184,5.152663,0.124317884,5.282498,-4.3367004,1.4546547,0.407363,0.30423576,-0.15731986,0.84660864,-7.3013444,7.1006083,-0.44832447,0.3088287,-1.1996241,0.17961454,0
1.260000000000001,13.430674495059103,0.28944370707477296,1.4133943399919,0.036930489915161076,13.780003,0.87232184,5.152663,0.124317884,5.2097454,-4.2660403,1.4501939,0.40536517,0.30891138,-0.15830274,0.8456907,-7.2489896,7.031317,-0.44397536,0.3057543,-0.7921269,0.17261301,0
1.270000000000001,13.430674495059103,0.28944370707477296,1.4133943399919,0.036930489915161076,13.780003,0.87232184,5.152663,0.124317884,5.137521,-4.1960754,1.4457726,0.40368918,0.3119954,-0.15852393,0.8453188,-7.1957664,6.9616127,-0.44035596,0.30317017,-0.44817862,0.16595504,0
1.280000000000001,12.701873229959983,0.23592736011489837,5.999298285712324,-0.017898649375834033,12.469634,0.8390533,5.89535,-0.16000529,5.065832,-4.126808,1.4413854,0.4022916,0.31373963,-0.15810491,0.8454179,-7.141907,6.8917756,-0.43716305,0.3009975,-0.15786883,0.15962377,1
1.290000000000001,12.701873229959983,0.23592736011489837,5.999298285712324,-0.017898649375834033,12.469634,0.8390533,5.89535,-0.16000529,4.994665,-4.058214,1.4369929,0.4013667,0.31292948,-0.15623212,0.8465052,-7.0915303,6.8270946,-0.441307,0.3848164,0.78613216,0.14393948,1
1.300000000000001,12.701873229959983,0.23592736011489837,5.999298285712324,-0.017898649375834033,12.469634,0.8390533,5.89535,-0.16000529,4.9240017,-3.990264,1.4325612,0.40105504,0.30860314,-0.15226237,0.848961,-7.0411906,6.763189,-0.44490314,0.45559475,1.582914,0.12902482,1
1.310000000000001,12.701873229959983,0.23592736011489837,5.999298285712324,-0.017898649375834033,12.469634,0.8390533,5.89535,-0.16000529,4.85384,-3.9229457,1.4280989,0.40123475,0.3012856,-0.14651318,0.8525088,-6.9913197,6.700718,-0.4473008,0.515359,2.2554364,0.114842035,1
1.320000000000001,12.482858925791646,0.2071204146320382,5.999998265379434,-0.06954043774253768,11.416908,0.5932449,6.4915524,-0.30691522,4.7841725,-3.8562427,1.423621,0.40178993,0.29141095,-0.13924785,0.8568863,-6.9423003,6.6402583,-0.4479838,0.56582093,2.823078,0.1013552,0
1.330000000000001,12.482858925791646,0.2071204146320382,5.999998265379434,-0.06954043774253768,11.416908,0.5932449,6.4915524,-0.30691522,4.7149897,-3.790132,1.4191471,0.4026832,0.27920216,-0.13089007,0.8618351,-6.894441,6.5822535,-0.4464548,0.509867,3.3185103,0.0929693,0
1.340000000000001,12.482858925791646,0.2071204146320382,5.999998265379434,-0.06954043774253768,11.416908,0.5932449,6.4915524,-0.30691522,4.646278,-3.7245874,1.4147003,0.40386882,0.26485288,-0.12178823,0.86712754,-6.848193,6.5271792,-0.44253215,0.4626479,3.7366815,0.0849949,0
1.350000000000001,12.482858925791646,0.2071204146320382,5.999998265379434,-0.06954043774253768,11.416908,0.5932449,6.4915524,-0.30691522,4.5780187,-3.6595771,1.4103054,0.40523735,0.24865937,-0.11204459,0.8725805,-6.803942,6.4753976,-0.43603343,0.42279908,4.08964,0.0774118,0
1.360000000000001,12.381209753414954,0.08628456218586107,5.999998771034734,-0.08042030560921655,11.856649,0.67958564,5.814177,-0.23783778,4.510191,-3.5950665,1.4059888,0.40669498,0.2308746,-0.1017466,0.87803376,-6.762042,6.427241,-0.42687064,0.38916963,4.387556,0.07020081,1
1.370000000000001,12.381209753414954,0.08628456218586107,5.999998771034734,-0.08042030560921655,11.856649,0.67958564,5.814177,-0.23783778,4.4427586,-3.531007,1.4017497,0.40813076,0.21186052,-0.09082913,0.8833425,-6.7247705,6.3852377,-0.4205563,0.434495,4.610035,0.055085264,1
1.380000000000001,12.381209753414954,0.08628456218586107,5.999998771034734,-0.08042030560921655,11.856649,0.67958564,5.814177,-0.23783778,4.3756857,-3.4673479,1.3975862,0.40946203,0.19192116,-0.07924577,0.88838434,-6.6902385,6.3472624,-0.4117874,0.47275484,4.797817,0.04071145,1
1.390000000000001,12.381209753414954,0.08628456218586107,5.999998771034734,-0.08042030560921655,11.856649,0.67958564,5.814177,-0.23783778,4.3089437,-3.404047,1.3935219,0.41065264,0.17118096,-0.06709309,0.89306194,-6.6586213,6.313584,-0.4007018,0.5050499,4.9563146,0.02704297,1
1.400000000000001,12.614427592687488,-0.04580012960395,5.999998410868175,-0.07861257153165732,11.628038,0.63083804,6.533721,0.04682403,4.2425027,-3.3410606,1.3895793,0.41167176,0.1497493,-0.054455496,0.89729357,-6.6300807,6.2844415,-0.38748512,0.5323093,5.0900936,0.0140451975,1
1.410000000000001,12.614427592687488,-0.04580012960395,5.999998410868175,-0.07861257153165732,11.628038,0.63083804,6.533721,0.04682403,4.176328,-3.2783396,1.3857678,0.41246766,0.12764594,-0.041399017,0.9010342,-6.605255,6.260519,-0.37454593,0.547668,5.2319937,0.01565366,1
1.420000000000001,12.614427592687488,-0.04580012960395,5.999998410868175,-0.07861257153165732,11.628038,0.63083804,6.533721,0.04682403,4.110386,-3.2158334,1.382094,0.41298947,0.10489528,-0.027982172,0.90424174,-6.583745,6.241447,-0.35998842,0.5606318,5.351764,0.017183213,1
1.430000000000001,12.614427592687488,-0.04580012960395,5.999998410868175,-0.07861257153165732,11.628038,0.63083804,6.533721,0.04682403,4.0446415,-3.1534934,1.3785727,0.41321507,0.08159519,-0.01426453,0.906858,-6.5656896,6.2273936,-0.3440949,0.5715742,5.452857,0.018637696,1
1.440000000000001,12.614427592687488,-0.04580012960395,5.999998410868175,-0.07861257153165732,12.110287,0.50182855,6.8638015,0.005381635,3.9790595,-3.0912678,1.3752156,0.41312656,0.057832994,-0.0002990542,0.90883505,-6.5512104,6.2184973,-0.32717702,0.5808103,5.538184,0.020020816,1
1.450000000000001,12.614427592687488,-0.04580012960395,5.999998410868175,-0.07861257153165732,12.110287,0.50182855,6.8638015,0.005381635,3.9136066,-3.0291061,1.3720555,0.41271687,0.03366565,0.013820271,0.91013175,-6.5399632,6.214715,-0.30477178,0.56849486,5.6102033,0.01930247,1
1.460000000000001,12.614427592687488,-0.04580012960395,5.999998410868175,-0.07861257153165732,12.110287,0.50182855,6.8638015,0.005381635,3.8482468,-2.9669542,1.3691214,0.41197988,0.009146745,0.02801385,0.91071594,-6.5326505,6.216488,-0.28201815,0.55810004,5.6709914,0.01861937,1
1.470000000000001,12.614427592687488,-0.04580012960395,5.999998410868175,-0.07861257153165732,12.110287,0.50182855,6.8638015,0.005381635,3.78294,-2.904757,1.366415,0.41090435,-0.015653923,0.042256333,0.9105638,-6.5293555,6.2238574,-0.25930017,0.54932636,5.7223,0.01796979,1
1.480000000000001,12.945011325587293,-0.283390776908813,5.999994923583484,-0.0773012224292956,12.797095,0.116763756,6.3196244,0.21235888,3.7176456,-2.842458,1.363934,0.40948182,-0.0406732,0.05652407,0.90965647,-6.5301404,6.23684,-0.23701355,0.5419211,5.7656074,0.017352097,1
1.490000000000001,12.945011325587293,-0.283390776908813,5.999994923583484,-0.0773012224292956,12.797095,0.116763756,6.3196244,0.21235888,3.6523218,-2.7799962,1.361706,0.40767562,-0.065915145,0.07065596,0.90799946,-6.5353303,6.2564726,-0.20878117,0.4755816,5.802163,0.026921123,1
1.500000000000001,12.945011325587293,-0.283390776908813,5.999994923583484,-0.0773012224292956,12.797095,0.116763756,6.3196244,0.21235888,3.5869238,-2.7173088,1.3597541,0.40545002,-0.09137499,0.08452254,0.90560275,-6.5449457,6.2819448,-0.18185747,0.41958907,5.833017,0.036020596,1
1.5100000000000011,12.945011325587293,-0.283390776908813,5.999994923583484,-0.0773012224292956,12.797095,0.116763756,6.3196244,0.21235888,3.5214074,-2.654338,1.358063,0.40280232,-0.116985895,0.09814521,0.90245867,-6.559037,6.313149,-0.15666968,0.37233013,5.859059,0.044673566,1
1.5200000000000011,12.752589746871495,-0.5933564510885337,3.6249447464390596,-0.11388848693951478,12.995003,-0.28903317,5.594241,0.2243628,3.4557276,-2.5910265,1.3566133,0.39973253,-0.14268751,0.11154031,0.8985613,-6.577628,6.34996,-0.133644,0.33244252,5.8810396,0.05290193,0
1.5300000000000011,12.752589746871495,-0.5933564510885337,3.6249447464390596,-0.11388848693951478,12.995003,-0.28903317,5.594241,0.2243628,3.38984,-2.5273204,1.3553791,0.39635354,-0.16769321,0.124082394,0.8940838,-6.6006126,6.3920407,-0.11359338,0.18810642,5.5291967,0.04471747,0
1.5400000000000011,12.752589746871495,-0.5933564510885337,3.6249447464390596,-0.11388848693951478,12.995003,-0.28903317,5.594241,0.2243628,3.3237007,-2.4631684,1.3543316,0.3927954,-0.19139172,0.13528758,0.8892568,-6.6278844,6.4390564,-0.0963462,0.066273205,5.232226,0.036934633,0
1.5500000000000012,12.752589746871495,-0.5933564510885337,3.6249447464390596,-0.11388848693951478,12.995003,-0.28903317,5.594241,0.2243628,3.2572682,-2.3985238,1.3534421,0.38907897,-0.2139697,0.1453578,0.8841408,-6.6592426,6.4905057,-0.08206673,-0.036565587,4.9815693,0.029533694,0
1.5600000000000012,12.188676642180273,-0.8300850471724501,-1.106664402600293,-0.2052256589191919,12.424285,-0.4949617,2.6196167,-0.09073369,3.1905024,-2.3333442,1.3526797,0.38521886,-0.23558472,0.15446311,0.8787757,-6.6945066,6.545954,-0.070888735,-0.12337071,4.7700033,0.02249593,0
1.5700000000000012,12.188676642180273,-0.8300850471724501,-1.106664402600293,-0.2052256589191919,12.424285,-0.4949617,2.6196167,-0.09073369,3.1233737,-2.2676053,1.3519897,0.38152087,-0.25475392,0.16193813,0.87368053,-6.7317305,6.6023474,-0.06755748,-0.23354064,3.8535397,0.0113215605,0
1.5800000000000012,12.188676642180273,-0.8300850471724501,-1.106664402600293,-0.2052256589191919,12.424285,-0.4949617,2.6196167,-0.09073369,3.0558574,-2.2012885,1.3513192,0.37827864,-0.27034578,0.16728653,0.86938655,-6.771969,6.6614094,-0.066928096,-0.32654402,3.0800002,0.00069552404,0
1.5900000000000012,12.188676642180273,-0.8300850471724501,-1.106664402600293,-0.2052256589191919,12.424285,-0.4949617,2.6196167,-0.09073369,2.9879258,-2.1343706,1.3506433,0.3754681,-0.2829486,0.17086191,0.86589223,-6.8147016,6.722429,-0.068560526,-0.40505427,2.4270945,-0.009409084,0
1.6000000000000012,12.003504851276992,-0.8479078506872475,-5.676592935895535,-0.28249173392843874,11.476088,-0.583799,-2.911801,0.025086477,2.9195561,-2.0668352,1.3499416,0.37305292,-0.29305115,0.17295638,0.86315584,-6.8595066,6.7848325,-0.07203458,-0.47132906,1.8760103,-0.01901785,0
1.6100000000000012,12.003504851276992,-0.8479078506872475,-5.676592935895535,-0.28249173392843874,11.476088,-0.583799,-2.911801,0.025086477,2.8507328,-1.9986753,1.3491913,0.37131566,-0.29949313,0.17312138,0.86165935,-6.9053097,6.8471804,-0.07825752,-0.53081405,0.6989406,-0.031876463,0
1.6200000000000012,12.003504851276992,-0.8479078506872475,-5.676592935895535,-0.28249173392843874,11.476088,-0.583799,-2.911801,0.025086477,2.7814465,-1.9298911,1.3483745,0.37047982,-0.30136982,0.17101811,0.86178476,-6.9521093,6.9096217,-0.08514761,-0.5802873,-0.29531464,-0.04417423,0
1.6300000000000012,12.003504851276992,-0.8479078506872475,-5.676592935895535,-0.28249173392843874,11.476088,-0.583799,-2.911801,0.025086477,2.7116895,-1.8604848,1.347489,0.3704038,-0.2993952,0.16700357,0.8632917,-6.9993114,6.9714956,-0.091859326,-0.62205493,-1.134516,-0.055868533,0
1.6400000000000012,12.003504851276992,-0.8479078506872475,-5.676592935895535,-0.28249173392843874,11.431654,-0.517052,-5.80779,-0.053517286,2.6414607,-1.7904652,1.3465402,0.370948,-0.29415566,0.16136885,0.86592686,-7.046388,7.03221,-0.09773308,-0.65731555,-1.8428445,-0.066989005,1
1.6500000000000012,12.003504851276992,-0.8479078506872475,-5.676592935895535,-0.28249173392843874,11.431654,-0.517052,-5.80779,-0.053517286,2.5707748,-1.7198607,1.3455167,0.37200397,-0.28603613,0.15445709,0.8694473,-7.0906625,7.0884376,-0.10669276,-0.6354676,-2.4611766,-0.06632794,1
1.6600000000000013,12.003504851276992,-0.8479078506872475,-5.676592935895535,-0.28249173392843874,11.431654,-0.517052,-5.80779,-0.053517286,2.4996507,-1.6487035,1.3444121,0.37346533,-0.2753598,0.14655067,0.8736262,-7.133951,7.1426544,-0.11394117,-0.6170221,-2.9830801,-0.06569931,1
1.6700000000000013,12.003504851276992,-0.8479078506872475,-5.676592935895535,-0.28249173392843874,11.431654,-0.517052,-5.80779,-0.053517286,2.4281006,-1.5770156,1.3432448,0.3752129,-0.2624906,0.13778883,0.87825245,-7.175865,7.1944904,-0.1191785,-0.6014494,-3.423593,-0.06510152,1
1.6800000000000013,12.153825526023686,-0.7117864983990136,-5.999996822357278,-0.2627264347016847,11.581304,-0.411435,-5.895715,0.05763141,2.3561394,-1.504823,1.3420361,0.37714306,-0.24773575,0.128289,0.8831371,-7.216054,7.2436047,-0.12220188,-0.588302,-3.795408,-0.06453307,1
1.6900000000000013,12.153825526023686,-0.7117864983990136,-5.999996822357278,-0.2627264347016847,11.581304,-0.411435,-5.895715,0.05763141,2.283784,-1.432151,1.3408151,0.37916893,-0.23130757,0.1181786,0.88812196,-7.2546983,7.290289,-0.12161939,-0.56071734,-4.1229534,-0.058538415,1
1.7000000000000013,12.153825526023686,-0.7117864983990136,-5.999996822357278,-0.2627264347016847,11.581304,-0.411435,-5.895715,0.05763141,2.2110534,-1.3590288,1.3396119,0.38121274,-0.21339019,0.10756547,0.8930679,-7.2909636,7.3336105,-0.1186312,-0.53743106,-4.3994174,-0.052837912,1
1.7100000000000013,12.153825526023686,-0.7117864983990136,-5.999996822357278,-0.2627264347016847,11.581304,-0.411435,-5.895715,0.05763141,2.1379733,-1.2854912,1.3384506,0.38320473,-0.19418901,0.09651657,0.8978465,-7.324567,7.3733025,-0.113262236,-0.51777375,-4.6327667,-0.04741715,1
1.7200000000000013,12.504635277845582,-0.5492234449793331,-5.999996790327265,-0.19933705672924837,12.001089,-0.3431785,-6.202878,0.079657435,2.0645719,-1.211576,1.3373545,0.38508648,-0.17388189,0.08509046,0.90234816,-7.3552527,7.409122,-0.10560026,-0.5011802,-4.829725,-0.0422624,1
1.7300000000000013,12.504635277845582,-0.5492234449793331,-5.999996790327265,-0.19933705672924837,12.001089,-0.3431785,-6.202878,0.079657435,1.9908743,-1.1373171,1.3363653,0.38681465,-0.15257509,0.07334775,0.90648466,-7.3837876,7.441998,-0.09187535,-0.47652546,-5.0122313,-0.03627977,1
1.7400000000000013,12.504635277845582,-0.5492234449793331,-5.999996790327265,-0.19933705672924837,12.001089,-0.3431785,-6.202878,0.079657435,1.9169085,-1.0627514,1.335524,0.38835064,-0.13036501,0.06134124,0.9101786,-7.4088306,7.4704223,-0.07611323,-0.45571458,-5.166276,-0.030590702,1
1.7500000000000013,12.504635277845582,-0.5492234449793331,-5.999996790327265,-0.19933705672924837,12.001089,-0.3431785,-6.202878,0.079657435,1.8427105,-0.9879246,1.3348492,0.38965663,-0.107383795,0.049109206,0.9133585,-7.4301767,7.4942083,-0.058549475,-0.43814853,-5.296296,-0.025180789,1
1.7600000000000013,12.800876095454287,-0.37245454602739847,-5.999975269521997,-0.15172299364212735,13.4821415,0.030281622,-6.418498,0.013541283,1.7683182,-0.91288376,1.3343581,0.39070186,-0.083748005,0.03668621,0.9159648,-7.4476457,7.5131946,-0.03945837,-0.42332163,-5.40604,-0.020036332,1
1.7700000000000014,12.800876095454287,-0.37245454602739847,-5.999975269521997,-0.15172299364212735,13.4821415,0.030281622,-6.418498,0.013541283,1.6937625,-0.8376685,1.3341372,0.39148042,-0.05950279,0.024240043,0.91794,-7.4627366,7.528982,-0.0045336382,-0.3525777,-5.498669,-0.01838866,1
1.7800000000000014,12.800876095454287,-0.37245454602739847,-5.999975269521997,-0.15172299364212735,13.4821415,0.030281622,-6.418498,0.013541283,1.6190795,-0.76232344,1.3342708,0.39198464,-0.034693927,0.01190789,0.91923964,-7.4731073,7.539144,0.031387396,-0.2928663,-5.576852,-0.016821839,1
1.7900000000000014,12.800876095454287,-0.37245454602739847,-5.999975269521997,-0.15172299364212735,13.4821415,0.030281622,-6.418498,0.013541283,1.544317,-0.6869052,1.3347671,0.3921905,-0.009419835,-0.00032174424,0.9198352,-7.4785943,7.5436263,0.06790592,-0.2424668,-5.6428423,-0.015331919,1
1.8000000000000014,12.315963148666869,-0.23765006399693314,-3.4737127632083626,-0.0880802585157692,14.825232,0.22498998,-4.9713616,-0.06470937,1.4695247,-0.6114706,1.3356297,0.3920793,0.016231772,-0.012456836,0.91970336,-7.4790673,7.5423975,0.10460395,-0.19992723,-5.698541,-0.013915103,0
1.8100000000000014,12.315963148666869,-0.23765006399693314,-3.4737127632083626,-0.0880802585157692,14.825232,0.22498998,-4.9713616,-0.06470937,1.3947514,-0.5360742,1.3368001,0.39167523,0.04121153,-0.024204787,0.918861,-7.4748745,7.5360837,0.12941517,-0.20581962,-5.3515797,-0.017554404,0
1.8200000000000014,12.315963148666869,-0.23765006399693314,-3.4737127632083626,-0.0880802585157692,14.825232,0.22498998,-4.9713616,-0.06470937,1.3200423,-0.46076593,1.3382158,0.3910451,0.064685486,-0.035334624,0.91741496,-7.466277,7.5248213,0.15364377,-0.2107916,-5.058727,-0.021015132,0
1.8300000000000014,12.315963148666869,-0.23765006399693314,-3.4737127632083626,-0.0880802585157692,14.825232,0.22498998,-4.9713616,-0.06470937,1.2454399,-0.38559374,1.3398699,0.39022788,0.08687406,-0.04593505,0.91545856,-7.4535584,7.5089016,0.17699404,-0.21498708,-4.8115444,-0.024306042,0
1.8400000000000014,12.315963148666869,-0.23765006399693314,-3.4737127632083626,-0.0880802585157692,13.692998,-0.7940689,-2.3017406,-0.26265368,1.1709841,-0.31060302,1.3417518,0.3892522,0.10796472,-0.056081478,0.91306114,-7.4369683,7.4885793,0.19921617,-0.21852742,-4.6029096,-0.027435457,0
1.8500000000000014,12.315963148666869,-0.23765006399693314,-3.4737127632083626,-0.0880802585157692,13.692998,-0.7940689,-2.3017406,-0.26265368,1.0967128,-0.23583655,1.3438494,0.38813868,0.12811638,-0.06583783,0.91027427,-7.416726,7.464082,0.22009507,-0.22151504,-4.426811,-0.030411318,0
1.8600000000000014,12.315963148666869,-0.23765006399693314,-3.4737127632083626,-0.0880802585157692,13.692998,-0.7940689,-2.3017406,-0.26265368,1.0226616,-0.16133505,1.3461484,0.38690236,0.14746343,-0.075258106,0.9071365,-7.393026,7.4356103,0.23944171,-0.22403637,-4.2781754,-0.03324115,0
1.8700000000000014,12.315963148666869,-0.23765006399693314,-3.4737127632083626,-0.0880802585157692,13.692998,-0.7940689,-2.3017406,-0.26265368,0.9488638,-0.087137386,1.3486323,0.38555378,0.16611916,-0.08438781,0.9036762,-7.3660417,7.4033437,0.2570868,-0.22616394,-4.1527195,-0.03593213,0
1.8800000000000014,11.938195089107692,-0.09919300275493857,-0.6223077758780653,-0.04111957485978568,13.532592,-0.53008777,-0.6067437,-0.013424555,0.87535155,-0.013280671,1.3512837,0.38410032,0.18417889,-0.09326519,0.8999144,-7.335928,7.3674445,0.27287602,-0.22795945,-4.046828,-0.038491067,0
1.8900000000000015,11.938195089107692,-0.09919300275493857,-0.6223077758780653,-0.04111957485978568,13.532592,-0.53008777,-0.6067437,-0.013424555,0.8021504,0.06020558,1.3540659,0.38264656,0.20072074,-0.101437286,0.8961041,-7.3038764,7.3293095,0.28326035,-0.20786533,-3.5127764,-0.038620044,0
1.9000000000000015,11.938195089107692,-0.09919300275493857,-0.6223077758780653,-0.04111957485978568,13.532592,-0.53008777,-0.6067437,-0.013424555,0.7292827,0.13329543,1.3569427,0.38130394,0.2150341,-0.108554825,0.8925149,-7.2693214,7.288236,0.2917893,-0.19090693,-3.0620098,-0.0387427,0
1.9100000000000015,11.938195089107692,-0.09919300275493857,-0.6223077758780653,-0.04111957485978568,13.532592,-0.53008777,-0.6067437,-0.013424555,0.65677136,0.20596161,1.359896,0.38007924,0.22747566,-0.11478627,0.8891671,-7.2326317,7.2446365,0.2985894,-0.17659482,-2.6815403,-0.03885933,0
1.9200000000000015,11.418706580769898,0.062361212956076086,3.2428772000097332,0.00787156099783365,12.435416,-0.119602546,3.299962,-0.52035385,0.58463633,0.27818066,1.3629091,0.37897152,0.23834476,-0.12027297,0.8860622,-7.1941113,7.198853,0.3037918,-0.16451599,-2.3604045,-0.038970232,0
1.9300000000000015,11.418706580769898,0.062361212956076086,3.2428772000097332,0.00787156099783365,12.435416,-0.119602546,3.299962,-0.52035385,0.5128858,0.3499426,1.3659446,0.37814647,0.24654959,-0.12449332,0.8835833,-7.1558037,7.1532936,0.30313462,-0.12911013,-1.4865768,-0.0366717,0
1.9400000000000015,11.418706580769898,0.062361212956076086,3.2428772000097332,0.00787156099783365,12.435416,-0.119602546,3.299962,-0.52035385,0.44152364,0.4212424,1.3689685,0.37774846,0.25124803,-0.12704504,0.88206553,-7.1165223,7.1065187,0.30151045,-0.09923157,-0.7490218,-0.034485955,0
1.9500000000000015,11.418706580769898,0.062361212956076086,3.2428772000097332,0.00787156099783365,12.435416,-0.119602546,3.299962,-0.52035385,0.37055704,0.49207073,1.3719732,0.37773073,0.25300002,-0.1281944,0.88140583,-7.0767584,7.059081,0.29936442,-0.07401705,-0.12648821,-0.03240745,0
1.9600000000000015,11.223580819044022,0.22356741099227317,5.409503878019277,0.02172670108781899,12.3909645,0.19294094,6.061888,-0.32246783,0.29998872,0.56242335,1.3749553,0.37804073,0.25226992,-0.12816216,0.8814869,-7.0369205,7.011441,0.29708725,-0.05273831,0.39896208,-0.030430937,0
1.9700000000000015,11.223580819044022,0.22356741099227317,5.409503878019277,0.02172670108781899,12.3909645,0.19294094,6.061888,-0.32246783,0.22981425,0.6323043,1.3779073,0.37871754,0.24870282,-0.12674701,0.88241416,-6.9980497,6.964825,0.2933948,-0.0096351225,1.1803524,-0.027871542,0
1.9800000000000015,11.223580819044022,0.22356741099227317,5.409503878019277,0.02172670108781899,12.3909645,0.19294094,6.061888,-0.32246783,0.1600252,0.7017224,1.3808253,0.37977564,0.2420285,-0.12379417,0.8842326,-6.9599056,6.91893,0.29034925,0.026741702,1.8398857,-0.025437742,0
1.9900000000000015,11.223580819044022,0.22356741099227317,5.409503878019277,0.02172670108781899,12.3909645,0.19294094,6.061888,-0.32246783,0.09061215,0.7706872,1.3837179,0.38112584,0.23271318,-0.119533636,0.88673496,-6.9229136,6.874256,0.28833374,0.057442185,2.396565,-0.023123378,0
2.0000000000000013,,,,,11.952833,0.11422266,6.281345,-0.074995294,0.021561678,0.83921325,1.3865967,0.3826845,0.22114648,-0.11415753,0.8897272,-6.887444,6.831239,0.28763846,0.08335217,2.8664308,-0.02092256,1
2.010000000000001,,,,,11.952833,0.11422266,6.281345,-0.074995294,-0.047132105,0.90730566,1.389508,0.38442123,0.20742962,-0.107772894,0.8930721,-6.85165,6.7876096,0.29490086,0.08817873,3.3551092,-0.023575915,1
2.020000000000001,,,,,11.952833,0.11422266,6.281345,-0.074995294,-0.115479425,0.97497433,1.3925009,0.38629922,0.19165727,-0.10047151,0.89663,-6.818209,6.746573,0.303961,0.09225288,3.7675781,-0.026099091,1
2.0300000000000007,,,,,11.952833,0.11422266,6.281345,-0.074995294,-0.18350561,1.0422473,1.3955938,0.38823855,0.17412472,-0.092382625,0.9002313,-6.7874713,6.7085094,0.31490993,0.09569131,4.1157227,-0.028498445,1
2.0400000000000005,,,,,11.952833,0.11422266,6.281345,-0.074995294,-0.25123924,1.1091559,1.3988056,0.39016956,0.1550845,-0.08361687,0.90372795,-6.759749,6.673761,0.32775596,0.09859328,4.4095745,-0.030780062,1
2.0500000000000003,,,,,12.20979,0.05033319,6.2379093,0.050550174,-0.31871188,1.175735,1.4021552,0.39203227,0.13475394,-0.07426951,0.90699255,-6.7353177,6.642634,0.34243444,0.101042226,4.6576,-0.032949723,1
2.06,,,,,12.20979,0.05033319,6.2379093,0.050550174,-0.38595542,1.242019,1.4056726,0.39376473,0.11331001,-0.06444842,0.9099208,-6.713973,6.6148157,0.36127815,0.09312575,4.866947,-0.02885237,1
2.07,,,,,12.20979,0.05033319,6.2379093,0.050550174,-0.45300454,1.3080457,1.4093863,0.3953124,0.090907484,-0.054245565,0.9124257,-6.6964636,6.591217,0.38167518,0.086442724,5.0436463,-0.024956068,1
2.0799999999999996,,,,,12.20979,0.05033319,6.2379093,0.050550174,-0.51989853,1.3738586,1.4133106,0.39663857,0.067692675,-0.043716833,0.91443074,-6.682984,6.572045,0.40339002,0.08080132,5.192789,-0.021250967,1
2.0899999999999994,,,,,11.690688,0.08752299,5.666243,0.21879582,-0.5866786,1.4395025,1.4174576,0.39771295,0.043794084,-0.03291161,0.9158725,-6.6736984,6.557479,0.4261466,0.07603947,5.3186736,-0.017727656,1
2.099999999999999,,,,,11.690688,0.08752299,5.666243,0.21879582,-0.65338856,1.5050267,1.4218103,0.39848807,0.019452864,-0.021914136,0.91670483,-6.668948,6.548082,0.44446525,0.07779042,5.372877,-0.006121384,1
2.109999999999999,,,,,11.690688,0.08752299,5.666243,0.21879582,-0.72007203,1.57048,1.4263483,0.39892915,-0.0051289,-0.0107952645,0.91690344,-6.6684055,6.5433207,0.46316054,0.079269394,5.4186277,0.0049153664,1
2.1199999999999988,,,,,11.690688,0.08752299,5.666243,0.21879582,-0.7867713,1.6359092,1.4310737,0.39903042,-0.02989766,0.00042195548,0.9164496,-6.672108,6.5432506,0.4818952,0.08051897,5.4572434,0.015410537,1
2.1299999999999986,,,,,10.356509,0.15257017,3.498003,0.27183598,-0.8535289,1.7013613,1.4359852,0.39878786,-0.054804575,0.011716502,0.9153287,-6.680076,6.547906,0.5003236,0.08157534,5.489837,0.025390714,1
2.1399999999999983,,,,,10.356509,0.15257017,3.498003,0.27183598,-0.92038083,1.7668786,1.4410118,0.3982141,-0.079001725,0.022747708,0.9136005,-6.6908875,6.556201,0.50487643,0.09261113,5.179213,0.03748386,1
2.149999999999998,,,,,10.356509,0.15257017,3.498003,0.27183598,-0.98735887,1.832499,1.4460799,0.39735475,-0.10181919,0.033245847,0.9113923,-6.705258,6.568477,0.5085917,0.10193103,4.9170303,0.048983596,1
2.159999999999998,,,,,10.356509,0.15257017,3.498003,0.27183598,-1.0544974,1.8982612,1.4511801,0.3962476,-0.12345717,0.043289527,0.9087746,-6.7229586,6.584508,0.5112561,0.10980167,4.695735,0.059919037,1
2.1699999999999977,,,,,9.76232,0.09343921,-0.59578854,0.3492426,-1.1218287,1.9642015,1.4563009,0.3949212,-0.14408539,0.052945502,0.9057994,-6.743789,6.6040926,0.5126873,0.11644801,4.5089507,0.07031786,1
2.1799999999999975,,,,,9.76232,0.09343921,-0.59578854,0.3492426,-1.1893766,2.0303483,1.461401,0.39348596,-0.16237745,0.06160545,0.902777,-6.766164,6.6256843,0.5071193,0.112862796,3.7128704,0.084004775,1
2.1899999999999973,,,,,9.76232,0.09343921,-0.59578854,0.3492426,-1.25716,2.0967247,1.4664389,0.39207456,-0.17730942,0.06879901,0.9000582,-6.7908382,6.6499295,0.5003032,0.10984422,3.040938,0.09702007,1
2.199999999999997,,,,,9.76232,0.09343921,-0.59578854,0.3492426,-1.3251996,2.1633544,1.4714029,0.39072332,-0.18941896,0.07476334,0.8977001,-6.81736,6.6763334,0.49236473,0.107301414,2.4737933,0.10939669,1
2.209999999999997,,,,,9.555703,0.0100916885,-4.7072253,0.34276873,-1.3935121,2.2302573,1.4762827,0.38944927,-0.19915709,0.07969761,0.8957194,-6.8453574,6.704486,0.4834469,0.10515823,1.9950944,0.12116599,1
2.2199999999999966,,,,,9.555703,0.0100916885,-4.7072253,0.34276873,-1.4621128,2.2974513,1.4810759,0.38840675,-0.20549248,0.08322008,0.8944197,-6.8747463,6.7342787,0.47455055,0.12088853,0.9803547,0.12928197,1
2.2299999999999964,,,,,9.555703,0.0100916885,-4.7072253,0.34276873,-1.5310057,2.3649426,1.4857626,0.38770196,-0.20756987,0.08488809,0.894089,-6.9038663,6.764001,0.46263957,0.105155975,0.09485182,0.13962002,1
2.239999999999996,,,,,9.555703,0.0100916885,-4.7072253,0.34276873,-1.6001902,2.432732,1.4903283,0.38727933,-0.20602466,0.08491344,0.894627,-6.932989,6.793879,0.45050642,0.09040276,-0.65403014,0.14958858,1
2.249999999999996,,,,,10.073016,-0.2442879,-5.5013666,0.20029159,-1.6696641,2.5008192,1.4947735,0.3870863,-0.20141707,0.0835528,0.8958869,-6.96172,6.8234673,0.43860474,0.07794761,-1.2861242,0.15906797,1
2.259999999999996,,,,,10.073016,-0.2442879,-5.5013666,0.20029159,-1.7394295,2.569207,1.4991255,0.38708764,-0.19397,0.080803126,0.8977799,-6.9911914,6.853899,0.43189228,0.027765788,-1.9434941,0.1610908,1
2.2699999999999956,,,,,10.073016,-0.2442879,-5.5013666,0.20029159,-1.8094838,2.637893,1.5034142,0.38724253,-0.18387838,0.076669924,0.90019596,-7.0194683,6.883113,0.42595056,-0.014599603,-2.4983468,0.1630144,1
2.2799999999999954,,,,,10.073016,-0.2442879,-5.5013666,0.20029159,-1.8798134,2.7068636,1.5076479,0.38748816,-0.17153545,0.07136273,0.902959,-7.046208,6.9106865,0.42096713,-0.05036631,-2.9666698,0.16484359,1
2.289999999999995,,,,,8.736613,-0.36678484,-5.82434,0.598392,-1.9504017,2.7761,1.5118372,0.38776588,-0.15727296,0.06505812,0.90590805,-7.0711074,6.9362535,0.4170592,-0.080561996,-3.3619578,0.16658303,1
2.299999999999995,,,,,8.736613,-0.36678484,-5.82434,0.598392,-2.021213,2.8455648,1.5159299,0.3879782,-0.14127086,0.057818577,0.9089398,-7.090873,6.9564066,0.40163496,-0.1251053,-3.7459714,0.18777204,1
2.3099999999999947,,,,,8.736613,-0.36678484,-5.82434,0.598392,-2.092212,2.91522,1.5198733,0.38803354,-0.12368746,0.049701907,0.91195405,-7.1085887,6.974265,0.38719597,-0.16270219,-4.0700984,0.20792128,1
2.3199999999999945,,,,,8.736613,-0.36678484,-5.82434,0.598392,-2.1633768,2.9850414,1.5236771,0.38789105,-0.104755625,0.04084066,0.9148212,-7.1240563,6.989583,0.37370044,-0.19443762,-4.343678,0.22708179,1
2.3299999999999943,,,,,8.3672905,-0.4177526,-5.910938,0.6269942,-2.2346845,3.0550025,1.5273503,0.38751578,-0.08467613,0.031348336,0.9174299,-7.1370983,7.002149,0.36106193,-0.22122672,-4.5745926,0.2453021,1
2.339999999999994,,,,,8.3672905,-0.4177526,-5.910938,0.6269942,-2.3061073,3.1250722,1.5308827,0.38687438,-0.06359891,0.021290665,0.91968966,-7.1471167,7.0113745,0.34551185,-0.25178328,-4.783003,0.26403183,1
2.349999999999994,,,,,8.3672905,-0.4177526,-5.910938,0.6269942,-2.3776176,3.1952198,1.5342624,0.38593826,-0.041656204,0.010726546,0.92152065,-7.1545305,7.0176353,0.33051237,-0.2775784,-4.958911,0.28184253,1
2.3599999999999937,,,,,8.3672905,-0.4177526,-5.910938,0.6269942,-2.4491885,3.2654145,1.5374943,0.38468748,-0.01898722,-0.00026210304,0.92285097,-7.159226,7.0208015,0.31588513,-0.29935485,-5.1073866,0.29877922,1
2.3699999999999934,,,,,9.128405,-0.20692281,-5.8033714,0.5432801,-2.5207927,3.335625,1.5405809,0.38310617,0.004285712,-0.011604089,0.92362094,-7.1611056,7.0207705,0.30142817,-0.31773964,-5.2327065,0.3148848,1
2.3799999999999932,,,,,9.128405,-0.20692281,-5.8033714,0.5432801,-2.5924008,3.4058175,1.5435607,0.38119167,0.028047264,-0.023142815,0.9237801,-7.1599975,7.0171666,0.29452434,-0.3004008,-5.3217,0.32609224,1
2.389999999999993,,,,,9.128405,-0.20692281,-5.8033714,0.5432801,-2.6639817,3.475956,1.5464703,0.37894356,0.052195992,-0.034748916,0.92329234,-7.155654,7.009957,0.28730923,-0.28576967,-5.3968153,0.33674973,1
2.399999999999993,,,,,9.128405,-0.20692281,-5.8033714,0.5432801,-2.7355025,3.546004,1.5493051,0.37635446,0.07664908,-0.04640104,0.9221324,-7.148017,6.999134,0.27951643,-0.27342358,-5.4602165,0.34688422,1
2.4099999999999926,,,,,9.797572,-0.099459246,-5.5109158,0.7786433,-2.8069303,3.6159263,1.5520577,0.3734198,0.10133261,-0.058079515,0.9202799,-7.1370463,6.984708,0.2708722,-0.26300615,-5.5137305,0.35652143,1
2.4199999999999924,,,,,9.797572,-0.099459246,-5.5109158,0.7786433,-2.8782268,3.68568,1.554751,0.37011385,0.12608714,-0.069686286,0.91774756,-7.1216726,6.965391,0.2675746,-0.23742676,-5.513289,0.37723508,1
2.429999999999992,,,,,9.797572,-0.099459246,-5.5109158,0.7786433,-2.9493515,3.7552214,1.5574039,0.3664176,0.1507799,-0.081143744,0.914559,-7.10271,6.9423227,0.26277617,-0.21584024,-5.5129166,0.39693233,1
2.439999999999992,,,,,9.797572,-0.099459246,-5.5109158,0.7786433,-3.020269,3.824514,1.5600002,0.36233845,0.17538439,-0.092462175,0.9107145,-7.0801845,6.915602,0.25619426,-0.1976235,-5.5126023,0.415663,1
2.4499999999999917,,,,,10.167065,-0.33575982,-5.628379,1.396001,-3.0909433,3.893521,1.5625206,0.35788444,0.1998753,-0.10364904,0.90621436,-7.0541377,6.885339,0.24755187,-0.1822509,-5.512337,0.43347457,1
2.4599999999999915,,,,,10.167065,-0.33575982,-5.628379,1.396001,-3.1613345,3.9622025,1.5649598,0.35300905,0.22422904,-0.114827245,0.9010658,-7.0235105,6.850377,0.23986283,-0.20601518,-5.530447,0.480706,1
2.4699999999999913,,,,,10.167065,-0.33575982,-5.628379,1.396001,-3.2314017,4.0305166,1.5673087,0.34766874,0.24841982,-0.12609638,0.89527243,-6.989362,6.811965,0.22947131,-0.22608157,-5.545732,0.5256198,1
2.479999999999991,,,,,10.167065,-0.33575982,-5.628379,1.396001,-3.30111,4.09843,1.5695388,0.34187633,0.2724208,-0.13742901,0.88883054,-6.9517794,6.770215,0.21610005,-0.24302669,-5.5586333,0.56832963,1
2.489999999999991,,,,,10.590057,-0.22656308,-2.0307367,1.4724184,-3.370426,4.1659102,1.5716194,0.33564448,0.29620627,-0.14880046,0.8817381,-6.9108624,6.725258,0.19948028,-0.25733694,-5.5695224,0.6089437,1
2.4999999999999907,,,,,10.590057,-0.22656308,-2.0307367,1.4724184,-3.4393075,4.2329154,1.5735328,0.32919297,0.3185065,-0.15967715,0.8744644,-6.864919,6.6752753,0.18264115,-0.25261712,-5.0176563,0.6513147,1
2.5099999999999905,,,,,10.590057,-0.22656308,-2.0307367,1.4724184,-3.5077145,4.299406,1.5752599,0.32274592,0.33835584,-0.16966179,0.8675047,-6.8160152,6.622519,0.16224575,-0.24863116,-4.5518527,0.69160646,1
2.5199999999999902,,,,,10.590057,-0.22656308,-2.0307367,1.4724184,-3.575619,4.3653574,1.5767659,0.3163126,0.35613838,-0.17891465,0.8608719,-6.7645283,6.567375,0.13845223,-0.24526234,-4.1586905,0.7299211,1
2.52999999999999,,,,,10.150043,-0.082336634,4.7767935,1.3517786,-3.642997,4.430747,1.5780177,0.3098939,0.3721756,-0.18756808,0.85455745,-6.710771,6.510162,0.11141804,-0.2424125,-3.8268416,0.76635563,1
2.53999999999999,,,,,10.150043,-0.082336634,4.7767935,1.3517786,-3.7098029,4.4955287,1.5790144,0.30409986,0.3846515,-0.19526087,0.84937555,-6.6504507,6.446284,0.08703385,-0.3548917,-2.6220393,0.7828115,1
2.5499999999999896,,,,,10.150043,-0.082336634,4.7767935,1.3517786,-3.7760088,4.559676,1.5797412,0.29942736,0.392108,-0.20157592,0.84614474,-6.5909233,6.3832617,0.057627216,-0.40728757,-1.5626079,0.8022602,1
2.5599999999999894,,,,,10.150043,-0.082336634,4.7767935,1.3517786,-3.8416262,4.6231985,1.580154,0.29569677,0.39525658,-0.20654003,0.8447935,-6.5328035,6.321463,0.024379652,-0.41164482,-0.6285444,0.8243167,1
2.569999999999989,,,,,9.782395,0.42158848,5.479831,1.0804433,-3.9066713,4.6861105,1.5802191,0.292734,0.3946779,-0.21017814,0.8451985,-6.476521,6.2611656,-0.011707637,-0.37790865,0.19725402,0.84863424,1
2.579999999999989,,,,,9.782395,0.42158848,5.479831,1.0804433,-3.9711685,4.7484326,1.5799077,0.2903983,0.39070445,-0.21230505,0.84731615,-6.423203,6.2034874,-0.05070461,-0.25837797,1.0164425,0.85957366,1
2.5899999999999888,,,,,9.782395,0.42158848,5.479831,1.0804433,-4.0351377,4.8101807,1.5792068,0.2885829,0.38365614,-0.21285956,0.85100996,-6.370789,6.1461797,-0.08932321,-0.15273894,1.7125636,0.8704118,1
2.5999999999999885,,,,,9.782395,0.42158848,5.479831,1.0804433,-4.098587,4.871357,1.5781254,0.28719023,0.37397608,-0.21207647,0.85597104,-6.319336,6.0892715,-0.12673256,-0.06352122,2.3001173,0.8807181,1
2.6099999999999883,,,,,10.304246,0.443012,5.865242,0.6359875,-4.161528,4.9319677,1.5766778,0.28613028,0.36203343,-0.21015225,0.86191446,-6.269137,6.033033,-0.16249256,0.011829253,2.796035,0.89051867,1
2.619999999999988,,,,,10.304246,0.443012,5.865242,0.6359875,-4.223962,4.992006,1.5748996,0.28539762,0.34801653,-0.2071771,0.86862504,-6.2178736,5.9747567,-0.19282159,0.078820795,3.2747145,0.87802875,1
2.629999999999988,,,,,10.304246,0.443012,5.865242,0.6359875,-4.2858925,5.051467,1.5728297,0.28498474,0.3320883,-0.2032251,0.87589943,-6.1685257,5.917695,-0.22073917,0.1354135,3.678737,0.8661517,1
2.6399999999999877,,,,,10.304246,0.443012,5.865242,0.6359875,-4.34734,5.110365,1.5704938,0.284812,0.31450024,-0.19842365,0.88351506,-6.1213913,5.862089,-0.24601835,0.18322049,4.019747,0.85485744,1
2.6499999999999875,,,,,9.690809,0.77963567,5.8981476,0.5888261,-4.4083285,5.1687145,1.5679189,0.28480965,0.2954676,-0.19288003,0.8912793,-6.076753,5.808166,-0.26851395,0.22360475,4.3075724,0.84411746,1
2.6599999999999873,,,,,9.690809,0.77963567,5.8981476,0.5888261,-4.468897,5.22655,1.56511,0.28488585,0.27520353,-0.1865594,0.8990538,-6.0373707,5.759241,-0.29282287,0.31021824,4.555667,0.8315903,1
2.669999999999987,,,,,9.690809,0.77963567,5.8981476,0.5888261,-4.529086,5.2839065,1.5620717,0.28496686,0.25389084,-0.17943844,0.90671617,-6.0008063,5.7123256,-0.31442717,0.38334733,4.765063,0.8196778,1
2.679999999999987,,,,,9.690809,0.77963567,5.8981476,0.5888261,-4.5889244,5.340804,1.5588307,0.28502047,0.23166241,-0.17161795,0.9141346,-5.9672627,5.667636,-0.33336204,0.44509053,4.941797,0.8083499,1
2.6899999999999866,,,,,9.935119,1.0204767,5.7603946,0.45178363,-4.6484427,5.397267,1.5554135,0.28501832,0.2086354,-0.1631851,0.92119783,-5.9369326,5.625372,-0.34971157,0.49721986,5.090963,0.79757774,1
2.6999999999999864,,,,,9.935119,1.0204767,5.7603946,0.45178363,-4.707671,5.4533153,1.5518557,0.28492332,0.18499514,-0.15413906,0.9278123,-5.9093127,5.58472,-0.36148,0.5788248,5.1953964,0.7806095,1
2.709999999999986,,,,,9.935119,1.0204767,5.7603946,0.45178363,-4.7666416,5.508971,1.548192,0.28471065,0.16090001,-0.1444851,0.93390256,-5.8853097,5.546932,-0.37089813,0.6477108,5.283536,0.76447386,1
2.719999999999986,,,,,9.935119,1.0204767,5.7603946,0.45178363,-4.8253903,5.5642643,1.5444452,0.2843732,0.13641177,-0.13430284,0.93940693,-5.8650455,5.512182,-0.37816718,0.70585984,5.3579235,0.7491301,1
2.7299999999999858,,,,,10.844021,0.81999004,5.845465,0.36701798,-4.8839555,5.6192255,1.5406352,0.28390387,0.111586936,-0.12366199,0.9442741,-5.8486314,5.4806237,-0.38351452,0.75494504,5.4207053,0.73453915,1
2.7399999999999856,,,,,10.844021,0.81999004,5.845465,0.36701798,-4.9423704,5.673875,1.5368235,0.28331795,0.086423725,-0.11268893,0.9484525,-5.835028,5.4498086,-0.37855193,0.7651215,5.486942,0.7165048,1
2.7499999999999853,,,,,10.844021,0.81999004,5.845465,0.36701798,-5.0006714,5.728235,1.5330694,0.28262484,0.060927466,-0.10148968,0.95189804,-5.8258533,5.4227376,-0.37206033,0.7737142,5.5428486,0.69935536,1
2.759999999999985,,,,,10.844021,0.81999004,5.845465,0.36701798,-5.0589027,5.782343,1.5293864,0.28181037,0.035157755,-0.090094365,0.9545831,-5.8212094,5.3995023,-0.36435428,0.7809687,5.590037,0.6830475,1
2.769999999999985,,,,,12.225167,-0.23389019,6.3952584,0.26034352,-5.117111,5.836238,1.5257853,0.28086254,0.009169117,-0.07853046,0.9564853,-5.821178,5.380178,-0.35576347,0.78709316,5.629865,0.6675398,1
2.7799999999999847,,,,,12.225167,-0.23389019,6.3952584,0.26034352,-5.175345,5.8899493,1.5223413,0.27978873,-0.017164644,-0.0672094,0.9575518,-5.826426,5.3628535,-0.33297506,0.6279203,5.6875105,0.6475585,1
2.7899999999999845,,,,,12.225167,-0.23389019,6.3952584,0.26034352,-5.2336583,5.9435096,1.5191264,0.2785822,-0.043936316,-0.056461062,0.95774347,-5.8371015,5.349925,-0.3099945,0.49357188,5.7361803,0.62855774,1
2.7999999999999843,,,,,12.225167,-0.23389019,6.3952584,0.26034352,-5.2921057,5.996962,1.5161406,0.27721676,-0.07105244,-0.04619886,0.9570616,-5.8533382,5.3412914,-0.28724992,0.38017577,5.7772717,0.61048937,1
2.809999999999984,,,,,13.583783,-0.44576457,6.045966,0.33767587,-5.350744,6.0503497,1.5133792,0.27567294,-0.09842974,-0.036350515,0.9555069,-5.8752255,5.3368554,-0.26517174,0.2844638,5.811964,0.59330755,1
2.819999999999984,,,,,13.583783,-0.44576457,6.045966,0.33767587,-5.4096446,6.103713,1.5108997,0.27391806,-0.12601726,-0.026935922,0.9530802,-5.905882,5.3364787,-0.23095748,0.17062162,5.841243,0.5807636,1
2.8299999999999836,,,,,13.583783,-0.44576457,6.045966,0.33767587,-5.4688835,6.1570945,1.5087543,0.27192342,-0.15376626,-0.017967967,0.9497839,-5.942906,5.340513,-0.19844377,0.074532725,5.8659635,0.5688352,1
2.8399999999999834,,,,,13.583783,-0.44576457,6.045966,0.33767587,-5.5285244,6.210538,1.5069233,0.26968238,-0.18160889,-0.009382203,0.94562167,-5.986291,5.3488126,-0.16810787,-0.006571619,5.8868365,0.55749214,1
2.849999999999983,,,,,13.010334,-0.76084137,4.7766643,0.24266408,-5.588631,6.264085,1.5053829,0.2671914,-0.20948365,-0.0011251534,0.94059706,-6.0359917,5.3612285,-0.14042017,-0.0750284,5.90446,0.5467056,1
2.859999999999983,,,,,13.010334,-0.76084137,4.7766643,0.24266408,-5.6492543,6.317773,1.5040781,0.26443622,-0.23691069,0.006596251,0.93482727,-6.089546,5.3768997,-0.12100973,-0.18186215,5.7285447,0.5317862,1
2.869999999999983,,,,,13.010334,-0.76084137,4.7766643,0.24266408,-5.7104416,6.371635,1.5029513,0.2614189,-0.2635155,0.013621574,0.9284573,-6.148827,5.39607,-0.1049126,-0.27205074,5.58007,0.5175989,1
2.8799999999999826,,,,,13.010334,-0.76084137,4.7766643,0.24266408,-5.7722497,6.4257054,1.5019675,0.25816008,-0.2893882,0.0200542,0.9215229,-6.2135735,5.418444,-0.09242268,-0.34818715,5.4547567,0.5041078,1
2.8899999999999824,,,,,11.668968,-1.0587736,0.11050476,0.19942737,-5.8347316,6.4800143,1.5010896,0.25467762,-0.31460342,0.025981098,0.9140502,-6.283534,5.4437537,-0.0838087,-0.41246095,5.348991,0.49127862,1
2.899999999999982,,,,,11.668968,-1.0587736,0.11050476,0.19942737,-5.897899,6.5345755,1.5002241,0.25101367,-0.337561,0.030892933,0.9066913,-6.3506775,5.4688187,-0.089836724,-0.512949,4.532024,0.4769574,1
2.909999999999982,,,,,11.668968,-1.0587736,0.11050476,0.19942737,-5.961757,6.589397,1.4992809,0.24723928,-0.3570503,0.03440204,0.90011287,-6.421617,5.4957385,-0.09929487,-0.59782153,3.842469,0.46333894,1
2.9199999999999817,,,,,11.668968,-1.0587736,0.11050476,0.19942737,-6.026342,6.6444945,1.4982276,0.24339834,-0.37364495,0.036738127,0.89431304,-6.4957523,5.523998,-0.11183584,-0.6695034,3.2604551,0.4503887,1
2.9299999999999815,,,,,11.0682955,-1.5008396,-5.130694,-0.012134923,-6.0916815,6.69988,1.4970348,0.23951957,-0.38782144,0.038093314,0.889254,-6.572602,5.5531754,-0.12712148,-0.73004335,2.76921,0.43807393,1
2.9399999999999813,,,,,11.0682955,-1.5008396,-5.130694,-0.012134923,-6.157795,6.7555575,1.4956704,0.23560378,-0.39828432,0.03789473,0.88567674,-6.6499786,5.5822186,-0.14652835,-0.8851356,1.5724401,0.41916975,1
2.949999999999981,,,,,11.0682955,-1.5008396,-5.130694,-0.012134923,-6.224678,6.811521,1.4940908,0.23172358,-0.4038941,0.03578768,0.88424647,-6.726697,5.6103363,-0.16966334,-0.98286843,0.5290837,0.3981933,1
2.959999999999981,,,,,11.0682955,-1.5008396,-5.130694,-0.012134923,-6.292332,6.867762,1.4922746,0.2279197,-0.40534094,0.03213339,0.88471335,-6.8041635,5.6377277,-0.19360663,-1.0634209,-0.35356233,0.37805837,1
2.9699999999999807,,,,,10.731942,-1.5489659,-6.0705247,0.017894799,-6.360762,6.9242716,1.4902189,0.22417454,-0.40326798,0.027184378,0.8867811,-6.8819804,5.6639786,-0.21750495,-1.1314659,-1.0985562,0.35891148,1
2.9799999999999804,,,,,10.731942,-1.5489659,-6.0705247,0.017894799,-6.429959,6.981033,1.4879155,0.2204618,-0.3978965,0.021056574,0.890298,-6.957313,5.6879387,-0.24302348,-1.1964163,-1.8629359,0.3421777,1
2.9899999999999802,,,,,10.731942,-1.5489659,-6.0705247,0.017894799,-6.4999065,7.0380244,1.4853624,0.21674936,-0.38941213,0.01385216,0.8950893,-7.0320606,5.7100377,-0.26735777,-1.2512783,-2.5081081,0.32626504,1
2.99999999999998,,,,,10.731942,-1.5489659,-6.0705247,0.017894799,-6.570597,7.095227,1.4825739,0.2130064,-0.37825003,0.0057454165,0.90084463,-7.105777,5.7299476,-0.2900512,-1.2976167,-3.052664,0.3111332,1
3.00999999999998,,,,,11.015545,-1.5527552,-6.180338,-0.25379542,-6.642018,7.152615,1.4795681,0.20920506,-0.3647729,-0.0031165422,0.90728337,-7.178045,5.7473836,-0.31075814,-1.3367541,-3.5122948,0.2967439,1
3.0199999999999796,,,,,11.015545,-1.5527552,-6.180338,-0.25379542,-6.714162,7.2101665,1.4763769,0.20535128,-0.34928632,-0.012622254,0.9141496,-7.2503285,5.762491,-0.3271295,-1.3704329,-3.9002335,0.26972878,1
3.0299999999999794,,,,,11.015545,-1.5527552,-6.180338,-0.25379542,-6.787017,7.267854,1.473034,0.20145369,-0.33204958,-0.022676691,0.92121875,-7.3203297,5.7745934,-0.34105152,-1.398879,-4.227673,0.2440393,1
3.039999999999979,,,,,11.015545,-1.5527552,-6.180338,-0.25379542,-6.860559,7.3256474,1.4695644,0.1974942,-0.31328455,-0.03318546,0.92830294,-7.3876743,5.7835064,-0.35244775,-1.4229035,-4.5040474,0.21961041,1
3.049999999999979,,,,,11.376861,-1.6158592,-6.4905276,-0.2870485,-6.93476,7.383513,1.4659936,0.19345853,-0.29318288,-0.044066694,0.9352403,-7.4520054,5.7890744,-0.3613147,-1.4431921,-4.737322,0.19638023,1
3.0599999999999787,,,,,11.376861,-1.6158592,-6.4905276,-0.2870485,-7.009598,7.4414177,1.4623616,0.18933234,-0.27191597,-0.055273835,0.94189095,-7.514983,5.7912393,-0.36470556,-1.4701704,-4.934216,0.17265823,1
3.0699999999999785,,,,,11.376861,-1.6158592,-6.4905276,-0.2870485,-7.085047,7.4993258,1.458708,0.18510602,-0.24963333,-0.06676414,0.94813514,-7.574168,5.789705,-0.3656698,-1.4929467,-5.1004047,0.15010029,1
3.0799999999999783,,,,,11.376861,-1.6158592,-6.4905276,-0.2870485,-7.161067,7.5571985,1.4550562,0.18077631,-0.22646205,-0.07847558,0.9538738,-7.62925,5.7843843,-0.36438122,-1.5121745,-5.240677,0.12864928,1
3.089999999999978,,,,,11.98461,-1.6921961,-6.3345547,0.3261541,-7.2376165,7.615,1.4514276,0.17634143,-0.202515,-0.090353355,0.95902365,-7.6799393,5.775217,-0.36105743,-1.5284052,-5.359074,0.108250864,1
3.099999999999978,,,,,11.98461,-1.6921961,-6.3345547,0.3261541,-7.3146625,7.6726866,1.4478687,0.17172213,-0.17790526,-0.10236311,0.9635257,-7.7284284,5.7614684,-0.3504408,-1.5539031,-5.4590387,0.11894344,1
3.1099999999999777,,,,,11.98461,-1.6921961,-6.3345547,0.3261541,-7.392167,7.7302155,1.444424,0.16684647,-0.15273492,-0.11447309,0.9673308,-7.7717557,5.7436066,-0.33825427,-1.5754266,-5.5434136,0.12911133,1
3.1199999999999775,,,,,11.98461,-1.6921961,-6.3345547,0.3261541,-7.470079,7.7875447,1.4411077,0.16172485,-0.12708472,-0.12664095,0.97038925,-7.8096914,5.7216344,-0.3248312,-1.5935954,-5.6146297,0.13878027,1
3.1299999999999772,,,,,12.516863,-1.5886298,-6.157464,0.35194346,-7.548342,7.844634,1.4379306,0.15636773,-0.10102803,-0.13882901,0.97266006,-7.8420315,5.6955814,-0.3105276,-1.6089329,-5.674739,0.14797474,1
3.139999999999977,,,,,12.516863,-1.5886298,-6.157464,0.35194346,-7.6269064,7.9014363,1.4349241,0.15078627,-0.07462598,-0.15096296,0.9741167,-7.8697762,5.6641684,-0.2907024,-1.6057245,-5.725474,0.15798353,1
3.149999999999977,,,,,12.516863,-1.5886298,-6.157464,0.35194346,-7.705717,7.9579034,1.432117,0.1449899,-0.04793583,-0.16298059,0.97473896,-7.891327,5.6286497,-0.27074805,-1.6030184,-5.768296,0.1675012,1
3.1599999999999766,,,,,12.516863,-1.5886298,-6.157464,0.35194346,-7.784712,8.013995,1.4295083,0.13898689,-0.021016542,-0.17486629,0.9745056,-7.906547,5.589147,-0.2510743,-1.6007364,-5.804439,0.17655182,1
3.1699999999999764,,,,,12.766663,-1.4484519,-5.4003572,0.43219125,-7.8638263,8.069674,1.4270931,0.13278605,0.0060774963,-0.18660536,0.9734002,-7.915331,5.545802,-0.23209852,-1.5988123,-5.834945,0.18515834,1
3.179999999999976,,,,,12.766663,-1.4484519,-5.4003572,0.43219125,-7.9429965,8.124894,1.4248741,0.12643243,0.033067968,-0.19809899,0.97143024,-7.917659,5.497842,-0.21192545,-1.5753263,-5.767181,0.19728032,1
3.189999999999976,,,,,12.766663,-1.4484519,-5.4003572,0.43219125,-8.022158,8.179619,1.4228493,0.11996641,0.05972814,-0.20927297,0.96863,-7.913388,5.446351,-0.19330065,-1.5555048,-5.709984,0.20880747,1
3.1999999999999758,,,,,12.766663,-1.4484519,-5.4003572,0.43219125,-8.101244,8.23381,1.4210014,0.11339033,0.08608037,-0.22014688,0.9650217,-7.902591,5.3915644,-0.17661324,-1.5387759,-5.6617064,0.21976899,1
3.2099999999999755,,,,,12.384921,-1.0618889,-3.6763518,0.69868946,-8.180188,8.287439,1.419309,0.106707156,0.112141155,-0.2307362,0.9606235,-7.8853536,5.3337164,-0.1622371,-1.5246576,-5.6209574,0.2301926,1
3.2199999999999753,,,,,12.384921,-1.0618889,-3.6763518,0.69868946,-8.258931,8.340484,1.4177308,0.100033134,0.13727044,-0.24083953,0.9555864,-7.8625107,5.274871,-0.1538001,-1.4524546,-5.3177085,0.25318187,1
3.229999999999975,,,,,12.384921,-1.0618889,-3.6763518,0.69868946,-8.337418,8.392928,1.4162233,0.09346575,0.16096862,-0.25031745,0.9501017,-7.833873,5.2136054,-0.14816256,-1.391516,-5.0617495,0.27504307,1
3.239999999999975,,,,,12.384921,-1.0618889,-3.6763518,0.69868946,-8.415591,8.444749,1.4147575,0.08698177,0.18343654,-0.25926277,0.9442282,-7.7998,5.150217,-0.14548394,-1.3400837,-4.845707,0.29583153,1
3.2499999999999747,,,,,11.604514,-0.2650461,0.53421175,0.78856426,-8.493397,8.495927,1.413303,0.08056091,0.20484409,-0.2677521,0.9380066,-7.7606106,5.084968,-0.14589798,-1.2966743,-4.6633554,0.3155999,1
3.2599999999999745,,,,,11.604514,-0.2650461,0.53421175,0.78856426,-8.570801,8.546465,1.4117994,0.07456567,0.22378905,-0.2754319,0.9319304,-7.7194023,5.022273,-0.15535109,-1.1368554,-3.8537374,0.33871898,1
3.2699999999999743,,,,,11.604514,-0.2650461,0.53421175,0.78856426,-8.647773,8.596369,1.4101866,0.0692951,0.23919114,-0.28205562,0.92651445,-7.674487,4.958414,-0.16760498,-1.0010018,-3.1694236,0.360793,1
3.279999999999974,,,,,11.604514,-0.2650461,0.53421175,0.78856426,-8.72428,8.64563,1.4084392,0.064643085,0.251622,-0.2878276,0.9217709,-7.626563,4.893583,-0.1822449,-0.88632953,-2.591829,0.38178387,1
3.289999999999974,,,,,11.934705,0.86242694,4.9111004,0.57840943,-8.800296,8.694239,1.4065346,0.06051582,0.26155958,-0.2929112,0.91767424,-7.576232,4.8279567,-0.19894572,-0.7895341,-2.104311,0.4017447,1
3.2999999999999736,,,,,11.934705,0.86242694,4.9111004,0.57840943,-8.875782,8.742167,1.4044784,0.05725743,0.2679231,-0.29701146,0.9147249,-7.521229,4.7580757,-0.21301988,-0.5627965,-1.040815,0.40763494,1
3.3099999999999734,,,,,11.934705,0.86242694,4.9111004,0.57840943,-8.950722,8.789407,1.4022626,0.055138025,0.26976195,-0.29977617,0.91341186,-7.46656,4.6894026,-0.23025557,-0.34077913,-0.11256018,0.4160149,1
3.319999999999973,,,,,11.934705,0.86242694,4.9111004,0.57840943,-9.025112,8.835956,1.399872,0.0539848,0.26774138,-0.30137965,0.9135476,-7.411771,4.620387,-0.24786532,-0.1533552,0.6709268,0.42398366,1
3.329999999999973,,,,,12.222907,1.4318784,5.8511705,0.43853402,-9.098958,8.881813,1.3973061,0.05365012,0.26245826,-0.3020054,0.91489273,-7.357616,4.5511565,-0.26523146,0.004866641,1.3322233,0.43156138,1
3.3399999999999728,,,,,12.222907,1.4318784,5.8511705,0.43853402,-9.172262,8.92697,1.3945796,0.05407643,0.2540793,-0.3015625,0.9173757,-7.303478,4.480155,-0.2798598,0.22720987,2.0370133,0.43190354,1
3.3499999999999726,,,,,12.222907,1.4318784,5.8511705,0.43853402,-9.245035,8.971416,1.3917134,0.05521272,0.24275322,-0.29997295,0.9208894,-7.2513347,4.4092216,-0.29317263,0.41490948,2.631882,0.4322289,1
3.3599999999999723,,,,,12.222907,1.4318784,5.8511705,0.43853402,-9.317298,9.015155,1.3887224,0.056948457,0.22891062,-0.2973829,0.92515886,-7.2018056,4.338537,-0.30473024,0.5733634,3.133973,0.43253827,1
3.369999999999972,,,,,11.418487,2.2300544,6.06935,0.7792417,-9.389081,9.058188,1.385626,0.05918786,0.21291372,-0.29391065,0.92993534,-7.1554427,4.2682843,-0.31420973,0.70712835,3.557756,0.43283248,1
3.379999999999972,,,,,11.418487,2.2300544,6.06935,0.7792417,-9.460433,9.100546,1.3824164,0.061759844,0.19502051,-0.2893606,0.93510526,-7.115547,4.203247,-0.32736704,0.9444771,3.9387,0.44983092,1
3.3899999999999717,,,,,11.418487,2.2300544,6.06935,0.7792417,-9.531405,9.142256,1.3790867,0.06452243,0.17545179,-0.28357795,0.9405508,-7.0794754,4.139074,-0.33819175,1.1448234,4.2602296,0.4659952,1
3.3999999999999715,,,,,11.418487,2.2300544,6.06935,0.7792417,-9.602037,9.1833315,1.3756609,0.06743656,0.1544434,-0.27670792,0.9460607,-7.0475926,4.0760565,-0.346579,1.3139371,4.53161,0.48136628,1
3.4099999999999713,,,,,11.061151,2.3142428,6.1070924,0.79315263,-9.672373,9.2237835,1.3721634,0.0704669,0.13219947,-0.26887423,0.95145303,-7.0202293,4.0144777,-0.3525098,1.456688,4.7606635,0.4959831,1
3.419999999999971,,,,,11.061151,2.3142428,6.1070924,0.79315263,-9.742461,9.263636,1.3686041,0.073575765,0.10889989,-0.26015127,0.956581,-6.998385,3.9564881,-0.35899928,1.5903138,4.9539957,0.51056534,1
3.429999999999971,,,,,11.061151,2.3142428,6.1070924,0.79315263,-9.812357,9.302918,1.3649911,0.076730564,0.08470241,-0.25060537,0.96131855,-6.981452,3.9004278,-0.3632765,1.7031097,5.1171722,0.52443194,1
3.4399999999999706,,,,,11.061151,2.3142428,6.1070924,0.79315263,-9.882109,9.341652,1.3613456,0.07990804,0.05974446,-0.2403253,0.9655504,-6.969646,3.8465543,-0.36551034,1.7983234,5.2548966,0.53761816,1
3.4499999999999704,,,,,12.017222,1.7036077,6.3301926,0.78415465,-9.951769,9.379857,1.3576872,0.0830872,0.034148175,-0.22938886,0.9691799,-6.9631495,3.795114,-0.36591917,1.8786961,5.3711386,0.5501573,1
3.45999999999997,,,,,12.017222,1.7036077,6.3301926,0.78415465,-10.02139,9.4175415,1.3540754,0.08625664,0.008002546,-0.21810207,0.9720729,-6.9620247,3.742111,-0.35619017,1.8513153,5.4692135,0.56163955,1
3.46999999999997,,,,,12.017222,1.7036077,6.3301926,0.78415465,-10.09103,9.454711,1.350568,0.08939872,-0.018611215,-0.20671587,0.9741296,-6.966974,3.6921506,-0.34512496,1.8282106,5.5519943,0.57255846,1
3.47999999999997,,,,,12.017222,1.7036077,6.3301926,0.78415465,-10.16075,9.491396,1.3471763,0.092488796,-0.045600194,-0.19522002,0.97532254,-6.9781036,3.6453617,-0.33311415,1.8087149,5.6218653,0.5829416,1
3.4899999999999696,,,,,12.232811,0.8971385,6.20594,0.9618774,-10.230614,9.527629,1.3439077,0.0955069,-0.07288055,-0.18360785,0.9756298,-6.9954834,3.601867,-0.32056355,1.7922646,5.680841,0.5928152,1
3.4999999999999694,,,,,12.232811,0.8971385,6.20594,0.9618774,-10.300684,9.56344,1.3407755,0.09838926,-0.10041141,-0.17218909,0.9749803,-7.0195723,3.5610468,-0.30590966,1.6525834,5.7305794,0.61092526,1
3.509999999999969,,,,,12.232811,0.8971385,6.20594,0.9618774,-10.371029,9.598861,1.3377883,0.10107259,-0.12815344,-0.16121061,0.9733297,-7.050073,3.5236814,-0.2916108,1.5346909,5.772566,0.6281466,1
3.519999999999969,,,,,12.232811,0.8971385,6.20594,0.9618774,-10.4417095,9.633926,1.3349404,0.10354517,-0.15603615,-0.1505843,0.97069776,-7.0869694,3.489742,-0.27814564,1.4351885,5.8080087,0.6445229,1
3.5299999999999687,,,,,12.371486,-0.2349086,5.9212794,0.8625708,-10.51279,9.668669,1.332221,0.10580008,-0.18399528,-0.14023662,0.9671011,-7.130208,3.459206,-0.2659825,1.3512081,5.837928,0.6600956,1
3.5399999999999685,,,,,12.371486,-0.2349086,5.9212794,0.8625708,-10.584337,9.703121,1.3296208,0.10775434,-0.21198824,-0.13055012,0.96249956,-7.180266,3.4317217,-0.2543558,1.1038108,5.850827,0.6700311,1
3.5499999999999683,,,,,12.371486,-0.2349086,5.9212794,0.8625708,-10.656416,9.737314,1.327126,0.109332696,-0.23997694,-0.12182501,0.95687765,-7.2365475,3.4074564,-0.24500942,0.89499736,5.8617287,0.67947906,1
3.559999999999968,,,,,12.371486,-0.2349086,5.9212794,0.8625708,-10.72909,9.77128,1.3247112,0.110546,-0.26791045,-0.11389395,0.9502791,-7.298921,3.386206,-0.2384238,0.71875066,5.870942,0.6884634,1
3.569999999999968,,,,,11.699729,-1.540206,4.303394,0.7765614,-10.802416,9.805048,1.3223464,0.11140799,-0.29574132,-0.10661593,0.9427391,-7.367225,3.3677921,-0.23505157,0.5699918,5.8787284,0.69700694,1
3.5799999999999677,,,,,11.699729,-1.540206,4.303394,0.7765614,-10.876434,9.838649,1.319971,0.111719035,-0.3228776,-0.10044013,0.9344407,-7.4372263,3.3528752,-0.24062034,0.24100477,5.6329074,0.7009107,1
3.5899999999999674,,,,,11.699729,-1.540206,4.303394,0.7765614,-10.951179,9.872112,1.3175213,0.1113208,-0.34886727,-0.09571746,0.92560047,-7.5122895,3.3400881,-0.24991111,-0.036692575,5.4254436,0.7046229,1
3.5999999999999672,,,,,11.699729,-1.540206,4.303394,0.7765614,-11.026696,9.905457,1.3149592,0.11028624,-0.37385616,-0.09220545,0.916278,-7.592049,3.3290412,-0.2631489,-0.2710965,5.250353,0.708153,1
3.609999999999967,,,,,12.070019,-2.5063765,-1.3593129,0.7392455,-11.103035,9.938699,1.312244,0.108681574,-0.3979643,-0.089699,0.9065128,-7.67617,3.3193977,-0.28052595,-0.46895647,5.102583,0.7115098,1
3.619999999999967,,,,,12.070019,-2.5063765,-1.3593129,0.7392455,-11.18025,9.9718485,1.3093485,0.10622729,-0.41931367,-0.08860463,0.89724,-7.767371,3.3105133,-0.29942322,-0.7820153,4.098922,0.7124781,1
3.6299999999999666,,,,,12.070019,-2.5063765,-1.3593129,0.7392455,-11.258391,10.004912,1.3062415,0.10269684,-0.43646777,-0.08926938,0.8893699,-7.8615813,3.3021564,-0.322547,-1.0505366,3.2475877,0.71379155,1
3.6399999999999664,,,,,12.070019,-2.5063765,-1.3593129,0.7392455,-11.337489,10.037892,1.3028861,0.0982408,-0.45013118,-0.0914051,0.88282186,-7.958363,3.2936785,-0.34903127,-1.2772422,2.5290375,0.7150405,1
3.649999999999966,,,,,12.575201,-2.7573085,-5.2365127,0.80007064,-11.417566,10.070783,1.2992513,0.09298703,-0.46088168,-0.094764225,0.8774736,-8.057117,3.284561,-0.37834024,-1.468644,1.9225612,0.71622825,1
3.659999999999966,,,,,12.575201,-2.7573085,-5.2365127,0.80007064,-11.49866,10.103576,1.2953267,0.08684925,-0.4678543,-0.09935354,0.87389773,-8.16171,3.2738974,-0.40700963,-1.6667268,0.8083773,0.72012097,1
3.6699999999999657,,,,,12.575201,-2.7573085,-5.2365127,0.80007064,-11.580804,10.136255,1.2911061,0.07974379,-0.47037086,-0.105176196,0.87254167,-8.266888,3.2615576,-0.43729568,-1.8363605,-0.13440414,0.72404414,1
3.6799999999999655,,,,,12.575201,-2.7573085,-5.2365127,0.80007064,-11.6640005,10.1688,1.286579,0.0717911,-0.46911985,-0.11200675,0.8730555,-8.372152,3.247013,-0.46815807,-1.9796045,-0.9301474,0.7277748,1
3.6899999999999653,,,,,12.730162,-3.1930354,-5.682759,0.45636845,-11.748246,10.201188,1.2817438,0.06309443,-0.46465936,-0.1196525,0.8750959,-8.4769,3.2298505,-0.4988329,-2.100565,-1.6017848,0.73132235,1
3.699999999999965,,,,,12.730162,-3.1930354,-5.682759,0.45636845,-11.833541,10.233388,1.2766095,0.053677723,-0.4572928,-0.12813294,0.87839776,-8.581858,3.209479,-0.5278422,-2.2706513,-2.2382715,0.7178303,1
3.709999999999965,,,,,12.730162,-3.1930354,-5.682759,0.45636845,-11.919878,10.2653675,1.2711917,0.043572165,-0.4472663,-0.13745418,0.8827,-8.68518,3.1857724,-0.55546606,-2.4142685,-2.7754843,0.7050003,1
3.7199999999999647,,,,,12.730162,-3.1930354,-5.682759,0.45636845,-12.007237,10.297092,1.2655065,0.032872003,-0.43492264,-0.1474465,0.88770485,-8.786322,3.15845,-0.58126426,-2.5355341,-3.2289078,0.6927998,1
3.7299999999999645,,,,,13.037507,-3.3604052,-5.9703426,0.34074277,-12.095594,10.328525,1.2595739,0.021660827,-0.4205494,-0.157965,0.8931487,-8.884759,3.1273065,-0.60490763,-2.6379259,-3.611611,0.68119806,1
3.7399999999999642,,,,,13.037507,-3.3604052,-5.9703426,0.34074277,-12.184933,10.359621,1.253426,0.009979791,-0.4042859,-0.1689533,0.89883626,-8.982271,3.091352,-0.6243081,-2.7504761,-3.979474,0.6644918,1
3.749999999999964,,,,,13.037507,-3.3604052,-5.9703426,0.34074277,-12.275228,10.390337,1.2470969,-0.0021286954,-0.386253,-0.18035647,0.90458506,-9.075935,3.0512311,-0.64109635,-2.845504,-4.2899604,0.64860535,1
3.759999999999964,,,,,13.037507,-3.3604052,-5.9703426,0.34074277,-12.366437,10.42063,1.2406133,-0.01459169,-0.36665434,-0.19206095,0.9101993,-9.165213,3.0068913,-0.65518755,-2.9257367,-4.55202,0.63349855,1
3.7699999999999636,,,,,14.34192,-2.7866704,-6.234024,0.32648116,-12.458514,10.45046,1.2340024,-0.0273433,-0.34566778,-0.20396861,0.91551155,-9.249581,2.958341,-0.66657823,-2.9934764,-4.7732067,0.61913294,1
3.7799999999999634,,,,,14.34192,-2.7866704,-6.234024,0.32648116,-12.551448,10.479757,1.2273353,-0.04024692,-0.32344696,-0.21578458,0.9204335,-9.336443,2.900386,-0.666392,-2.9611945,-4.9644833,0.6047724,1
3.789999999999963,,,,,14.34192,-2.7866704,-6.234024,0.32648116,-12.64522,10.508452,1.2206843,-0.053193476,-0.30013448,-0.22726929,0.92489845,-9.416852,2.8380969,-0.6634083,-2.9339597,-5.1259346,0.5911166,1
3.799999999999963,,,,,14.34192,-2.7866704,-6.234024,0.32648116,-12.739761,10.536505,1.2140764,-0.06616239,-0.27586266,-0.23841883,0.92880434,-9.490346,2.7717452,-0.6577811,-2.910982,-5.262211,0.5781309,1
3.8099999999999627,,,,,16.0136,-2.142079,-6.2599397,0.42022896,-12.835002,10.563874,1.207537,-0.079132125,-0.25074917,-0.24922898,0.93206584,-9.5564995,2.7016273,-0.64971936,-2.8915956,-5.3772388,0.56578237,1
3.8199999999999625,,,,,16.0136,-2.142079,-6.2599397,0.42022896,-12.9309,10.590483,1.2011524,-0.09202906,-0.22492428,-0.2594524,0.934678,-9.621741,2.6195045,-0.6268429,-2.7746987,-5.4743023,0.55864006,1
3.8299999999999623,,,,,16.0136,-2.142079,-6.2599397,0.42022896,-13.027406,10.616253,1.1950077,-0.10480044,-0.19850892,-0.268894,0.93664604,-9.678014,2.5340316,-0.60180116,-2.6760366,-5.5562367,0.5518482,1
3.839999999999962,,,,,16.0136,-2.142079,-6.2599397,0.42022896,-13.124428,10.641154,1.1891228,-0.117451176,-0.17158887,-0.27762014,0.937917,-9.725022,2.4457204,-0.57489246,-2.592765,-5.6254005,0.5453896,1
3.849999999999962,,,,,16.970749,-1.15132,-6.0564055,0.40660584,-13.221873,10.66516,1.183515,-0.12998107,-0.1442408,-0.2856869,0.9384462,-9.762522,2.355075,-0.54645026,-2.522483,-5.683784,0.53924793,1
3.8599999999999617,,,,,16.970749,-1.15132,-6.0564055,0.40660584,-13.319654,10.688223,1.178236,-0.14233123,-0.116586834,-0.29277077,0.93831414,-9.791985,2.2570896,-0.5091884,-2.3086576,-5.7330127,0.53273916,1
3.8699999999999615,,,,,16.970749,-1.15132,-6.0564055,0.40660584,-13.417678,10.710298,1.1733346,-0.15446551,-0.08873849,-0.29862174,0.93759793,-9.811072,2.1578593,-0.47097605,-2.1281805,-5.7745776,0.52654976,1
3.8799999999999613,,,,,16.970749,-1.15132,-6.0564055,0.40660584,-13.51584,10.731378,1.1688187,-0.1664069,-0.06074512,-0.3033828,0.9362567,-9.81975,2.0580673,-0.43211496,-1.9758497,-5.8096724,0.52066404,1
3.889999999999961,,,,,17.326881,-0.5823757,-5.043263,0.6683795,-13.614037,10.751459,1.1646934,-0.17816946,-0.032650612,-0.30717513,0.93425477,-9.818017,1.9583534,-0.3929332,-1.8472761,-5.839304,0.5150671,1
3.899999999999961,,,,,17.326881,-0.5823757,-5.043263,0.6683795,-13.712163,10.770536,1.1609744,-0.18966879,-0.0049036504,-0.30996066,0.93162495,-9.805695,1.8572446,-0.35089526,-1.6500291,-5.715104,0.52259016,1
3.9099999999999606,,,,,17.326881,-0.5823757,-5.043263,0.6683795,-13.810115,10.788609,1.1576743,-0.20085098,0.022132585,-0.31173232,0.9284347,-9.783115,1.7574255,-0.3092087,-1.4835386,-5.610281,0.5297441,1
3.9199999999999604,,,,,17.326881,-0.5823757,-5.043263,0.6683795,-13.907791,10.805692,1.154788,-0.21176106,0.048538126,-0.3126256,0.9246975,-9.750641,1.6594348,-0.2681773,-1.3430088,-5.521812,0.53654695,1
3.92999999999996,,,,,17.00045,-0.019677483,-2.3666525,0.9999834,-14.005095,10.821805,1.1523076,-0.22243297,0.07438092,-0.31275392,0.920421,-9.708619,1.5637571,-0.22809464,-1.2243916,-5.4471464,0.54301596,1
3.93999999999996,,,,,17.00045,-0.019677483,-2.3666525,0.9999834,-14.101936,10.836985,1.1502092,-0.23261753,0.09867194,-0.3122573,0.9157768,-9.658426,1.4725554,-0.19181465,-1.0366138,-4.966694,0.56543946,1
3.9499999999999598,,,,,17.00045,-0.019677483,-2.3666525,0.9999834,-14.1982355,10.851267,1.1484666,-0.2421447,0.12064009,-0.31128934,0.91099375,-9.600099,1.3842256,-0.156904,-0.8781087,-4.561173,0.5867626,1
3.9599999999999596,,,,,17.00045,-0.019677483,-2.3666525,0.9999834,-14.293914,10.864679,1.147066,-0.25114036,0.14063409,-0.30994946,0.90613496,-9.534496,1.2988596,-0.12345191,-0.7443115,-4.218898,0.60703945,1
3.9699999999999593,,,,,16.87609,0.28807098,2.3623989,0.9164729,-14.388903,10.8772545,1.1459924,-0.2597059,0.15895048,-0.30831507,0.901237,-9.462352,1.2165139,-0.09150575,-0.6313699,-3.9300044,0.6263213,1
3.979999999999959,,,,,16.87609,0.28807098,2.3623989,0.9164729,-14.483143,10.889024,1.145226,-0.26735747,0.17411304,-0.30683824,0.89669037,-9.384978,1.1377258,-0.062000513,-0.48835576,-2.9486537,0.64055914,1
3.989999999999959,,,,,16.87609,0.28807098,2.3623989,0.9164729,-14.576587,10.900018,1.1447479,-0.2737362,0.18498886,-0.30591547,0.8928953,-9.303136,1.06139,-0.033794224,-0.36759847,-2.1203508,0.6540983,1
3.9999999999999587,,,,,16.87609,0.28807098,2.3623989,0.9164729,-14.669195,10.910258,1.1445465,-0.27907506,0.19226608,-0.30551088,0.8898385,-9.2181015,0.98687744,-0.0066085374,-0.26563275,-1.4212272,0.66697305,1
4.009999999999959,,,,,16.566122,0.11239852,5.369219,1.0112492,-14.760941,10.919761,1.144613,-0.28355882,0.1965187,-0.30557752,0.88746595,-9.1309185,0.9136159,0.019837495,-0.17953221,-0.83113694,0.6792161,1
4.019999999999959,,,,,16.566122,0.11239852,5.369219,1.0112492,-14.851816,10.928541,1.14493,-0.28696385,0.19717531,-0.30647218,0.88591594,-9.044132,0.84236866,0.043539163,-0.1344342,0.13582383,0.695509,1
4.0299999999999585,,,,,16.566122,0.11239852,5.369219,1.0112492,-14.941822,10.936608,1.1454831,-0.28911215,0.19380397,-0.30846915,0.8852681,-8.95727,0.7709588,0.06709037,-0.09631932,0.95198536,0.7110025,1
4.039999999999958,,,,,16.566122,0.11239852,5.369219,1.0112492,-15.030965,10.943956,1.1462723,-0.29019243,0.18702772,-0.31139874,0.88534653,-8.871405,0.69855607,0.09076133,-0.064104125,1.6408648,0.72573566,1
4.049999999999958,,,,,16.674206,-0.24256414,5.9783053,1.054104,-15.119258,10.950573,1.1472995,-0.29035378,0.1773654,-0.31510434,0.88597065,-8.787451,0.6244612,0.1147459,-0.036873195,2.2223122,0.73974586,1
4.059999999999958,,,,,16.674206,-0.24256414,5.9783053,1.054104,-15.206722,10.956435,1.1485728,-0.2896176,0.16507462,-0.31964096,0.8869612,-8.705682,0.5475795,0.13995281,-0.06926052,2.8080409,0.75517154,1
4.069999999999958,,,,,16.674206,-0.24256414,5.9783053,1.054104,-15.293384,10.961515,1.1501002,-0.2880013,0.15037851,-0.32503456,0.88813996,-8.627408,0.46780607,0.16558765,-0.09656147,3.3024275,0.76984024,1
4.079999999999957,,,,,16.674206,-0.24256414,5.9783053,1.054104,-15.379284,10.965781,1.1518856,-0.28560796,0.1336327,-0.33111176,0.88934463,-8.553324,0.38464075,0.19156562,-0.119573295,3.7197165,0.78378916,1
4.089999999999957,,,,,16.913898,-0.09795482,6.2361946,0.9156191,-15.464466,10.969195,1.153932,-0.28252256,0.11513962,-0.3377207,0.8904308,-8.484047,0.29770154,0.2177311,-0.13896832,4.0719314,0.7970536,1
4.099999999999957,,,,,16.913898,-0.09795482,6.2361946,0.9156191,-15.548978,10.971714,1.156249,-0.27880412,0.09513984,-0.3446778,0.8912982,-8.41921,0.20540613,0.24565454,-0.1327449,4.3726153,0.8028716,1
4.109999999999957,,,,,16.913898,-0.09795482,6.2361946,0.9156191,-15.632871,10.973288,1.1588441,-0.2744996,0.07384286,-0.3518274,0.8918594,-8.360325,0.10883507,0.27329203,-0.12746865,4.6264076,0.80840415,1
4.119999999999957,,,,,16.913898,-0.09795482,6.2361946,0.9156191,-15.716207,10.973874,1.1617129,-0.2696592,0.051448163,-0.35908386,0.892017,-8.307847,0.007907119,0.30034232,-0.12299515,4.8406205,0.8136653,1
4.129999999999956,,,,,17.35095,-0.20475133,6.001481,1.0008981,-15.799052,10.97343,1.1648479,-0.2643268,0.028129037,-0.3663728,0.89168924,-8.262179,-0.09738476,0.32646227,-0.11920243,5.0214267,0.8186681,1
4.139999999999956,,,,,17.35095,-0.20475133,6.001481,1.0008981,-15.881471,10.971896,1.1682537,-0.25854972,0.004044149,-0.373668,0.89078987,-8.222672,-0.20981544,0.35444942,-0.1326551,5.1740265,0.8276102,1
4.149999999999956,,,,,17.35095,-0.20475133,6.001481,1.0008981,-15.963532,10.969217,1.1719308,-0.2523716,-0.020668883,-0.3809435,0.8892481,-8.1908,-0.3265561,0.38066703,-0.14399716,5.3028297,0.83611345,1
4.159999999999956,,,,,17.35095,-0.20475133,6.001481,1.0008981,-16.045315,10.96535,1.1758592,-0.24582408,-0.045896333,-0.38813964,0.8870233,-8.166801,-0.4474467,0.40466675,-0.15355945,5.4115467,0.8441995,1
4.1699999999999555,,,,,17.247063,-0.34380335,4.4625983,0.8958918,-16.126896,10.960255,1.1800148,-0.23893514,-0.071537286,-0.39520475,0.88408387,-8.150868,-0.5722774,0.4259902,-0.16162087,5.5033107,0.8518887,1
4.179999999999955,,,,,17.247063,-0.34380335,4.4625983,0.8958918,-16.20836,10.953896,1.1843649,-0.23197015,-0.09694125,-0.40200317,0.8804456,-8.143146,-0.7000113,0.4434913,-0.18994956,5.3409963,0.85404795,1
4.189999999999955,,,,,17.247063,-0.34380335,4.4625983,0.8958918,-16.289785,10.946242,1.1888728,-0.22515684,-0.12159095,-0.40844736,0.8761789,-8.143348,-0.8310275,0.45752653,-0.21387379,5.203997,0.8561012,1
4.199999999999955,,,,,17.247063,-0.34380335,4.4625983,0.8958918,-16.37125,10.937265,1.1935025,-0.2184659,-0.14558315,-0.41456014,0.8713305,-8.151203,-0.96494895,0.4677927,-0.23407835,5.0883646,0.85805374,1
4.209999999999955,,,,,16.625587,-0.7567478,1.1046729,0.9741285,-16.452831,10.926936,1.1982149,-0.21187122,-0.16899844,-0.42035955,0.8659369,-8.166454,-1.1014229,0.47401157,-0.25114137,4.990767,0.8599104,1
4.2199999999999545,,,,,16.625587,-0.7567478,1.1046729,0.9741285,-16.5346,10.915255,1.20295,-0.20595913,-0.19071575,-0.42572755,0.8602111,-8.187961,-1.2351044,0.47236288,-0.3296673,4.384688,0.8655151,1
4.229999999999954,,,,,16.625587,-0.7567478,1.1046729,0.9741285,-16.616611,10.902228,1.2076483,-0.2012213,-0.20987579,-0.4306114,0.8544206,-8.215455,-1.3705401,0.46666652,-0.39599568,3.8731325,0.8708448,1
4.239999999999954,,,,,16.625587,-0.7567478,1.1046729,0.9741285,-16.698925,10.887839,1.21227,-0.19750175,-0.22689103,-0.4351044,0.8486438,-8.248065,-1.5074251,0.4570938,-0.4520215,3.4413595,0.8759129,1
4.249999999999954,,,,,16.09181,-0.8201141,-2.7151763,1.0496848,-16.78159,10.872075,1.2167774,-0.19466169,-0.24210744,-0.43927798,0.84292597,-8.285053,-1.6455346,0.4438238,-0.49934533,3.076926,0.88073236,1
4.259999999999954,,,,,16.09181,-0.8201141,-2.7151763,1.0496848,-16.864634,10.854946,1.2211214,-0.19326888,-0.25453177,-0.44291514,0.8376667,-8.324403,-1.7802243,0.42448512,-0.5488633,2.1736193,0.88902295,1
4.269999999999953,,,,,16.09181,-0.8201141,-2.7151763,1.0496848,-16.948086,10.836466,1.2252578,-0.19377856,-0.26341066,-0.445863,0.8332283,-8.366215,-1.9157538,0.4023939,-0.590731,1.4111869,0.8969067,1
4.279999999999953,,,,,16.09181,-0.8201141,-2.7151763,1.0496848,-17.031963,10.8166275,1.2291622,-0.19591841,-0.26932517,-0.4482452,0.82955086,-8.409416,-2.0519993,0.37821913,-0.62613136,0.7676592,0.9044035,1
4.289999999999953,,,,,16.233385,-0.69814754,-5.36059,0.97980624,-17.116278,10.7954235,1.232817,-0.19944982,-0.27275556,-0.45015174,0.8265507,-8.45312,-2.1888828,0.35255674,-0.6560643,0.22449209,0.9115325,1
4.299999999999953,,,,,16.233385,-0.69814754,-5.36059,0.97980624,-17.201029,10.772842,1.2362133,-0.20462154,-0.27323118,-0.45139784,0.8244472,-8.496915,-2.3275483,0.32660896,-0.66210914,-0.64650357,0.9148827,1
4.3099999999999525,,,,,16.233385,-0.69814754,-5.36059,0.97980624,-17.286211,10.748872,1.2393489,-0.21161333,-0.2703927,-0.45182264,0.8233847,-8.539419,-2.4666808,0.30053225,-0.6672887,-1.3816671,0.91806847,1
4.319999999999952,,,,,16.233385,-0.69814754,-5.36059,0.97980624,-17.371809,10.723508,1.2422262,-0.22013484,-0.26474956,-0.4515111,0.8231553,-8.579687,-2.6061409,0.27510247,-0.67172635,-2.0021818,0.921098,1
4.329999999999952,,,,,16.26481,-0.846435,-5.6279488,0.878897,-17.457794,10.696748,1.2448554,-0.22993313,-0.2567238,-0.45052454,0.82355934,-8.616921,-2.7457607,0.25096935,-0.6755281,-2.5259275,0.9239788,1
4.339999999999952,,,,,16.26481,-0.846435,-5.6279488,0.878897,-17.544132,10.668591,1.2472527,-0.24084118,-0.24655905,-0.44893533,0.8244149,-8.650501,-2.8856077,0.2288163,-0.7018944,-3.0097008,0.9217667,1
4.349999999999952,,,,,16.26481,-0.846435,-5.6279488,0.878897,-17.630785,10.639036,1.2494396,-0.2527066,-0.23446183,-0.44679686,0.82555336,-8.679726,-3.0251725,0.20894508,-0.72419506,-3.4180272,0.9196631,1
4.3599999999999515,,,,,16.26481,-0.846435,-5.6279488,0.878897,-17.717707,10.608089,1.2514408,-0.26534432,-0.22070737,-0.44412586,0.8268202,-8.704043,-3.1641748,0.19170715,-0.7430568,-3.7626734,0.9176627,1
4.369999999999951,,,,,16.055151,-1.1737992,-5.8217335,0.7209666,-17.804848,10.575756,1.2532839,-0.2785941,-0.20552933,-0.44093624,0.82808036,-8.722991,-3.3022933,0.17736551,-0.7590098,-4.0535707,0.9157604,1
4.379999999999951,,,,,16.055151,-1.1737992,-5.8217335,0.7209666,-17.892149,10.542056,1.2549931,-0.29236096,-0.18901715,-0.43733042,0.8291794,-8.736002,-3.43741,0.1649821,-0.82355833,-4.3293486,0.9062019,1
4.389999999999951,,,,,16.055151,-1.1737992,-5.8217335,0.7209666,-17.97955,10.507013,1.2565942,-0.30655232,-0.17125079,-0.43338826,0.82998323,-8.742938,-3.5709412,0.15573047,-0.87806773,-4.5621123,0.8971123,1
4.399999999999951,,,,,16.055151,-1.1737992,-5.8217335,0.7209666,-18.066988,10.470645,1.2581186,-0.3210425,-0.15240432,-0.42909172,0.8304117,-8.74347,-3.7024963,0.14963724,-0.9240988,-4.758571,0.88846874,1
4.40999999999995,,,,,16.229525,-1.3084357,-5.773774,0.4619214,-18.154398,10.432972,1.2595978,-0.335723,-0.13262922,-0.42442745,0.83039725,-8.737341,-3.8316603,0.14667372,-0.9629699,-4.924388,0.8802493,1
4.41999999999995,,,,,16.229525,-1.3084357,-5.773774,0.4619214,-18.24171,10.394013,1.2610679,-0.35047227,-0.112042025,-0.4194416,0.82986933,-8.724214,-3.9593754,0.14782536,-1.0168368,-5.0568666,0.85972184,1
4.42999999999995,,,,,16.229525,-1.3084357,-5.773774,0.4619214,-18.328856,10.353795,1.2625643,-0.36518252,-0.09074403,-0.41417283,0.8287742,-8.704004,-4.083806,0.15191542,-1.0623145,-5.1686797,0.8402017,1
4.43999999999995,,,,,16.229525,-1.3084357,-5.773774,0.4619214,-18.415764,10.312351,1.2641157,-0.37978548,-0.06883946,-0.4086031,0.827083,-8.676621,-4.2045164,0.15875833,-1.1007091,-5.2630515,0.8216394,1
4.4499999999999496,,,,,16.24891,-1.353152,-4.4634566,0.30631292,-18.502361,10.269719,1.2657484,-0.39422244,-0.046421103,-0.40271896,0.8247726,-8.642024,-4.321071,0.16813777,-1.1331228,-5.342703,0.803988,1
4.459999999999949,,,,,16.24891,-1.353152,-4.4634566,0.30631292,-18.58858,10.2259445,1.267487,-0.40822124,-0.023989288,-0.3967395,0.82181287,-8.600198,-4.433195,0.17992646,-1.1675911,-5.205584,0.7795669,1
4.469999999999949,,,,,16.24891,-1.353152,-4.4634566,0.30631292,-18.674341,10.181072,1.2693535,-0.42157897,-0.0019463594,-0.39086184,0.8182256,-8.551399,-4.540497,0.19363832,-1.1966649,-5.089846,0.75634414,1
4.479999999999949,,,,,16.24891,-1.353152,-4.4634566,0.30631292,-18.759583,10.135151,1.2713653,-0.43434197,0.019762984,-0.3850451,0.8140611,-8.4958935,-4.642788,0.2089075,-1.221189,-4.9921556,0.734261,1
4.489999999999949,,,,,15.937193,-0.8516469,-2.288458,0.2909597,-18.844236,10.088234,1.273536,-0.4465493,0.041183654,-0.37925345,0.8093597,-8.433936,-4.7398896,0.22539358,-1.2418754,-4.9096985,0.7132614,1
4.4999999999999485,,,,,15.937193,-0.8516469,-2.288458,0.2909597,-18.928247,10.040382,1.2758651,-0.4579202,0.061559904,-0.37369144,0.8042841,-8.367136,-4.8299127,0.24055535,-1.1812705,-4.5008736,0.692539,1
4.509999999999948,,,,,15.937193,-0.8516469,-2.288458,0.2909597,-19.011559,9.991654,1.2783489,-0.46826968,0.08029981,-0.3685517,0.7990267,-8.294844,-4.9148593,0.2562673,-1.1300751,-4.1558113,0.6728334,1
4.519999999999948,,,,,15.937193,-0.8516469,-2.288458,0.2909597,-19.094126,9.9421015,1.2809916,-0.47775292,0.09765847,-0.36378303,0.793647,-8.217607,-4.9949512,0.27225387,-1.0868294,-3.8645666,0.6540947,1
4.529999999999948,,,,,15.718105,-0.18625201,0.32543895,0.34214908,-19.175898,9.891771,1.2837944,-0.4864974,0.11385166,-0.3593362,0.78818417,-8.135891,-5.0703917,0.2882927,-1.0502996,-3.6187458,0.63627553,1
4.539999999999948,,,,,15.718105,-0.18625201,0.32543895,0.34214908,-19.256836,9.8407135,1.2867491,-0.49427634,0.12810796,-0.35547313,0.7828901,-8.05132,-5.140446,0.30263606,-0.9158352,-3.003588,0.6218427,1
4.549999999999947,,,,,15.718105,-0.18625201,0.32543895,0.34214908,-19.33691,9.788974,1.2898462,-0.5009449,0.13983501,-0.35242227,0.7780088,-7.96341,-5.2067018,0.31672415,-0.8022897,-2.484375,0.608118,1
4.559999999999947,,,,,15.718105,-0.18625201,0.32543895,0.34214908,-19.416094,9.736589,1.2930825,-0.50670135,0.14944038,-0.35008729,0.77353674,-7.8727717,-5.269767,0.33048233,-0.70641017,-2.0461423,0.5950668,1
4.569999999999947,,,,,15.499615,0.24094327,2.7385206,0.43127263,-19.49436,9.683589,1.2964545,-0.51170385,0.1572661,-0.34837788,0.7694532,-7.7798967,-5.330174,0.34387305,-0.6254489,-1.676259,0.582656,1
4.579999999999947,,,,,15.499615,0.24094327,2.7385206,0.43127263,-19.571693,9.629998,1.299951,-0.51578164,0.16276641,-0.34757933,0.76593983,-7.6865325,-5.3876367,0.35533834,-0.4906016,-0.98772305,0.57522756,1
4.589999999999947,,,,,15.499615,0.24094327,2.7385206,0.43127263,-19.648087,9.57584,1.30356,-0.5188102,0.16552655,-0.3479183,0.76314384,-7.591938,-5.4437733,0.3664367,-0.37673727,-0.40657306,0.5681637,1
4.599999999999946,,,,,15.499615,0.24094327,2.7385206,0.43127263,-19.72353,9.521124,1.3072783,-0.52096,0.16598381,-0.34923226,0.7609768,-7.4966273,-5.4993668,0.37718987,-0.28059152,0.0839393,0.5614464,1
4.609999999999946,,,,,15.495638,0.7106907,4.582202,0.43426985,-19.798018,9.465853,1.3111026,-0.52236456,0.16450313,-0.3513755,0.7593471,-7.401022,-5.555087,0.38761926,-0.19940782,0.49795038,0.55505884,1
4.619999999999946,,,,,15.495638,0.7106907,4.582202,0.43426985,-19.87155,9.41002,1.3150295,-0.5228997,0.160731,-0.3544617,0.75835156,-7.305526,-5.61153,0.3977134,-0.057704248,1.1349387,0.5491317,1
4.629999999999946,,,,,15.495638,0.7106907,4.582202,0.43426985,-19.944132,9.353616,1.3190559,-0.5224577,0.15439957,-0.3585662,0.758042,-7.2106047,-5.669476,0.4075175,0.061940342,1.6725801,0.5434954,1
4.6399999999999455,,,,,15.495638,0.7106907,4.582202,0.43426985,-20.015768,9.296621,1.3231789,-0.52115273,0.14590372,-0.3635132,0.758267,-7.116741,-5.7296505,0.41702527,0.16295953,2.1263692,0.5381357,1
4.649999999999945,,,,,15.810915,1.3055594,5.2071633,0.26294976,-20.086472,9.239013,1.3273953,-0.51907414,0.13557482,-0.3691477,0.75888747,-7.024361,-5.792654,0.42619607,0.24825218,2.5093842,0.533039,1
4.659999999999945,,,,,15.810915,1.3055594,5.2071633,0.26294976,-20.156252,9.18075,1.3317122,-0.51621485,0.12338628,-0.3752795,0.7599092,-6.932026,-5.860337,0.43713814,0.41301763,2.9301548,0.5197856,1
4.669999999999945,,,,,15.810915,1.3055594,5.2071633,0.26294976,-20.22512,9.121792,1.3361363,-0.5125578,0.1093323,-0.38174182,0.76131654,-6.842098,-5.9318986,0.44761354,0.5521156,3.2852955,0.5071826,1
4.679999999999945,,,,,15.810915,1.3055594,5.2071633,0.26294976,-20.293104,9.062098,1.3406627,-0.50815547,0.09369932,-0.38843933,0.76296276,-6.7550592,-6.007736,0.45753658,0.66954356,3.5850434,0.49519804,1
4.689999999999944,,,,,16.015429,1.6921159,4.712223,0.37045255,-20.360233,9.001621,1.3452849,-0.5030522,0.07673111,-0.39528853,0.76471996,-6.67135,-6.088151,0.46677682,0.76867676,3.8380387,0.48380157,1
4.699999999999944,,,,,16.015429,1.6921159,4.712223,0.37045255,-20.426538,8.940312,1.3500023,-0.49738744,0.05870476,-0.4020008,0.7665205,-6.5903425,-6.1744437,0.47655448,0.9126579,3.974409,0.4782395,1
4.709999999999944,,,,,16.015429,1.6921159,4.712223,0.37045255,-20.492056,8.878117,1.3548127,-0.49127966,0.039854437,-0.40834665,0.7683149,-6.5135036,-6.2656217,0.48535767,1.0341922,4.0895047,0.47295037,1
4.719999999999944,,,,,16.015429,1.6921159,4.712223,0.37045255,-20.556824,8.814983,1.3597057,-0.48473746,0.020315371,-0.41433832,0.7700256,-6.4411845,-6.3616557,0.49305457,1.1367788,4.1866446,0.46792078,1
4.729999999999944,,,,,15.87111,1.8898487,2.7629466,0.56358165,-20.620895,8.750867,1.3646694,-0.4777706,0.00020406116,-0.41998568,0.77158666,-6.373702,-6.462477,0.49948534,1.2233716,4.2686305,0.463138,1
4.739999999999943,,,,,15.87111,1.8898487,2.7629466,0.56358165,-20.68432,8.685723,1.3696858,-0.4707418,-0.019824462,-0.4248691,0.7729775,-6.311878,-6.566988,0.50356555,1.3273661,4.0338554,0.4680668,1
4.749999999999943,,,,,15.87111,1.8898487,2.7629466,0.56358165,-20.747152,8.619513,1.374736,-0.46396577,-0.03924484,-0.42867956,0.77422744,-6.2551813,-6.6757,0.5062268,1.4151336,3.835689,0.47275373,1
4.759999999999943,,,,,15.87111,1.8898487,2.7629466,0.56358165,-20.809443,8.5521965,1.3798057,-0.45738563,-0.05814017,-0.43157178,0.77534676,-6.2036204,-6.788182,0.5075012,1.4892061,3.6684227,0.4772107,1
4.769999999999943,,,,,15.272247,0.98890513,-0.6805901,0.65675265,-20.871243,8.483738,1.3848813,-0.45095253,-0.0765812,-0.43367475,0.7763389,-6.1572003,-6.904054,0.5074057,1.5517201,3.527238,0.48144895,1
4.7799999999999425,,,,,15.272247,0.98890513,-0.6805901,0.65675265,-20.932611,8.414127,1.3899308,-0.44526964,-0.093402416,-0.43476382,0.777168,-6.117408,-7.0184417,0.50233084,1.4641386,2.87101,0.49005118,1
4.789999999999942,,,,,15.272247,0.98890513,-0.6805901,0.65675265,-20.993605,8.343361,1.3949242,-0.44084907,-0.107691765,-0.43470055,0.77787447,-6.081998,-7.1350985,0.49620768,1.3901901,2.317124,0.4982313,1
4.799999999999942,,,,,15.272247,0.98890513,-0.6805901,0.65675265,-21.054262,8.27142,1.3998524,-0.43751913,-0.119846255,-0.433691,0.7785401,-6.0503964,-7.2534304,0.48933184,1.327752,1.8496188,0.50601,1
4.809999999999942,,,,,14.872686,0.6641274,-3.620756,0.6777653,-21.114624,8.198289,1.4047091,-0.4351254,-0.13020095,-0.43189976,0.77921426,-6.022112,-7.3729644,0.48197848,1.275032,1.455023,0.513407,1
4.819999999999942,,,,,14.872686,0.6641274,-3.620756,0.6777653,-21.17472,8.123974,1.4094794,-0.4340599,-0.13806655,-0.42905048,0.78002816,-5.997337,-7.49013,0.47206986,1.1800227,0.6634327,0.5214721,1
4.8299999999999415,,,,,14.872686,0.6641274,-3.620756,0.6777653,-21.23458,8.048487,1.4141515,-0.4346234,-0.14291146,-0.42493203,0.78109556,-5.974639,-7.6074834,0.46247113,1.0997958,-0.004705921,0.5291414,1
4.839999999999941,,,,,14.872686,0.6641274,-3.620756,0.6777653,-21.294218,7.971826,1.4187316,-0.43655795,-0.14520577,-0.41974404,0.7823976,-5.9533334,-7.7244744,0.45369405,1.0320503,-0.5686453,0.5364344,1
4.849999999999941,,,,,14.912432,-0.105545774,-5.4054337,0.51210946,-21.35365,7.8939996,1.4232298,-0.4396358,-0.14534321,-0.41364425,0.7838959,-5.932847,-7.84064,0.44617686,0.97484356,-1.0446355,0.5433696,1
4.859999999999941,,,,,14.912432,-0.105545774,-5.4054337,0.51210946,-21.412876,7.815016,1.427662,-0.4439798,-0.14294936,-0.4066875,0.78552616,-5.9126105,-7.9558644,0.44055074,0.8065965,-1.7247598,0.5418356,1
4.869999999999941,,,,,14.912432,-0.105545774,-5.4054337,0.51210946,-21.471899,7.734888,1.4320478,-0.4496572,-0.13773744,-0.39891073,0.7872139,-5.891999,-8.069333,0.43698865,0.66454875,-2.2988098,0.54037696,1
4.87999999999994,,,,,14.912432,-0.105545774,-5.4054337,0.51210946,-21.53071,7.653637,1.43641,-0.45640486,-0.13012971,-0.39040214,0.78888893,-5.8703675,-8.180539,0.43585303,0.54462093,-2.7833288,0.53898984,1
4.88999999999994,,,,,14.741514,-0.45271692,-5.8122087,0.6351122,-21.5893,7.5712867,1.4407741,-0.46399435,-0.12048256,-0.38123152,0.79047734,-5.8471904,-8.289012,0.43741742,0.44336843,-3.1922805,0.53767085,1
4.89999999999994,,,,,14.741514,-0.45271692,-5.8122087,0.6351122,-21.64765,7.4878736,1.4451624,-0.4723177,-0.10891004,-0.37148723,0.7918652,-5.822315,-8.393091,0.44069844,0.3037787,-3.6009047,0.54245234,1
4.90999999999994,,,,,14.741514,-0.45271692,-5.8122087,0.6351122,-21.705736,7.403437,1.4495983,-0.4812706,-0.095518626,-0.36123767,0.7929444,-5.795055,-8.493562,0.446959,0.18593708,-3.9457974,0.5469992,1
4.9199999999999395,,,,,14.741514,-0.45271692,-5.8122087,0.6351122,-21.763538,7.318016,1.454112,-0.4906753,-0.080578856,-0.35050935,0.79365396,-5.765052,-8.589975,0.4562482,0.08645505,-4.2368984,0.551323,1
4.929999999999939,,,,,14.653998,-0.8738987,-5.7513375,0.5739294,-21.821028,7.2316527,1.4587338,-0.50037956,-0.06432286,-0.33932605,0.79393905,-5.732033,-8.681898,0.46854728,0.002471624,-4.4825974,0.5554345,1
4.939999999999939,,,,,14.653998,-0.8738987,-5.7513375,0.5739294,-21.87817,7.1443973,1.4634897,-0.51024944,-0.04688253,-0.32785687,0.7936976,-5.696005,-8.768398,0.48309788,-0.13412355,-4.6805058,0.55634207,1
4.949999999999939,,,,,14.653998,-0.8738987,-5.7513375,0.5739294,-21.934937,7.0563025,1.468405,-0.5201678,-0.028374868,-0.3162399,0.79284996,-5.6565814,-8.849651,0.50038373,-0.24942784,-4.8475432,0.5572051,1
4.959999999999939,,,,,14.653998,-0.8738987,-5.7513375,0.5739294,-21.991291,6.967423,1.473506,-0.53003776,-0.008966884,-0.30445537,0.7913816,-5.6136203,-8.925311,0.5201814,-0.34676006,-4.988525,0.5580257,1
4.9699999999999385,,,,,14.292991,-1.0051385,-5.3639865,0.5650233,-22.047197,6.877816,1.4788165,-0.5397775,0.011195775,-0.2924891,0.7892803,-5.5670395,-8.995048,0.5422341,-0.42892122,-5.1075153,0.55880606,1
4.979999999999938,,,,,14.292991,-1.0051385,-5.3639865,0.5650233,-22.102625,6.787551,1.4843426,-0.5492727,0.031892356,-0.28045806,0.7865265,-5.5180483,-9.056996,0.5632429,-0.5187663,-5.147545,0.5591112,1
4.989999999999938,,,,,14.292991,-1.0051385,-5.3639865,0.5650233,-22.157545,6.696697,1.4900868,-0.5584362,0.052938573,-0.26846123,0.7831178,-5.4655237,-9.1126585,0.5858388,-0.5946026,-5.181327,0.5594013,1
4.999999999999938,,,,,14.292991,-1.0051385,-5.3639865,0.5650233,-22.211924,6.6053195,1.4960635,-0.56724024,0.07426434,-0.25646636,0.7790679,-5.409528,-9.161854,0.6096767,-0.65861416,-5.209836,0.5596771,1
5.009999999999938,,,,,13.463894,-0.97163135,-4.1126857,0.45388997,-22.265724,6.513483,1.5022833,-0.57566184,0.09580706,-0.24444787,0.77438885,-5.350152,-9.204417,0.6344077,-0.7126448,-5.2338953,0.55993944,1
5.019999999999937,,,,,13.463894,-0.97163135,-4.1126857,0.45388997,-22.318933,6.421265,1.5087178,-0.5835573,0.117120236,-0.23266602,0.76916105,-5.2911587,-9.2381525,0.6525208,-0.75311464,-5.0590553,0.55473554,1
5.029999999999937,,,,,13.463894,-0.97163135,-4.1126857,0.45388997,-22.371536,6.3287416,1.5153344,-0.5908377,0.1378518,-0.22133926,0.7634888,-5.229298,-9.265599,0.6707991,-0.7872613,-4.9114795,0.54978704,1
5.039999999999937,,,,,13.463894,-0.97163135,-4.1126857,0.45388997,-22.42351,6.235974,1.5221332,-0.59755737,0.15807684,-0.21039121,0.75741065,-5.164775,-9.286878,0.68892395,-0.81607306,-4.786916,0.5450814,1
5.049999999999937,,,,,13.231206,-0.8769028,-2.0960238,0.2932031,-22.474825,6.143025,1.5291114,-0.6037612,0.17785746,-0.19975644,0.75095606,-5.097786,-9.302095,0.70660484,-0.84038305,-4.681776,0.5406066,1
5.0599999999999365,,,,,13.231206,-0.8769028,-2.0960238,0.2932031,-22.525465,6.049954,1.536253,-0.609327,0.19662398,-0.18983848,0.7443248,-5.029727,-9.311239,0.7215883,-0.8462543,-4.278525,0.52846646,1
5.069999999999936,,,,,13.231206,-0.8769028,-2.0960238,0.2932031,-22.57541,5.956819,1.5435401,-0.6141957,0.21394224,-0.1809667,0.73772746,-4.959682,-9.314969,0.7356656,-0.8511807,-3.93816,0.516922,1
5.079999999999936,,,,,13.231206,-0.8769028,-2.0960238,0.2932031,-22.62465,5.8636713,1.5509627,-0.6184801,0.23004095,-0.17298587,0.7311893,-4.887873,-9.313721,0.7486794,-0.8553149,-3.650875,0.505944,1
5.089999999999936,,,,,12.586197,-0.926289,0.46173596,0.6667195,-22.673164,5.77056,1.5585096,-0.6222701,0.24511176,-0.16576153,0.72472167,-4.814484,-9.30787,0.7605086,-0.8587846,-3.4083922,0.49550477,1
5.099999999999936,,,,,12.586197,-0.926289,0.46173596,0.6667195,-22.720955,5.677526,1.566142,-0.6255053,0.258583,-0.15984356,0.71855843,-4.7433195,-9.298289,0.76577044,-0.86949086,-2.8048563,0.50390637,1
5.1099999999999355,,,,,12.586197,-0.926289,0.46173596,0.6667195,-22.768026,5.5846057,1.5738208,-0.6281724,0.27002525,-0.15567172,0.7129168,-4.6709466,-9.285327,0.76981914,-0.87850344,-2.2954407,0.51189566,1
5.119999999999935,,,,,12.586197,-0.926289,0.46173596,0.6667195,-22.814367,5.4918294,1.5815344,-0.6303908,0.2797736,-0.15298675,0.7077623,-4.597474,-9.269631,0.77269465,-0.88608956,-1.8654673,0.5194929,1
5.129999999999935,,,,,11.600859,-0.7765801,3.3483474,0.7592954,-22.859972,5.399221,1.589271,-0.63225067,0.28810605,-0.15156586,0.70305055,-4.5229783,-9.251749,0.7744513,-0.89247394,-1.5025476,0.5267174,1
5.139999999999935,,,,,11.600859,-0.7765801,3.3483474,0.7592954,-22.904856,5.306793,1.5969809,-0.6336738,0.294405,-0.15191156,0.699074,-4.4534225,-9.233727,0.7674284,-0.87465394,-0.7460536,0.53813004,1
5.149999999999935,,,,,11.600859,-0.7765801,3.3483474,0.7592954,-22.949041,5.2145495,1.6046165,-0.6346038,0.29819775,-0.15441453,0.6960679,-4.3830304,-9.214905,0.75959754,-0.8595822,-0.107534766,0.54898274,1
5.159999999999934,,,,,11.600859,-0.7765801,3.3483474,0.7592954,-22.992516,5.122495,1.6121706,-0.63512,0.2998852,-0.15874436,0.6938948,-4.3118424,-9.196015,0.7511261,-0.8468332,0.43140703,0.5593028,1
5.169999999999934,,,,,10.981525,-0.53165895,4.88522,0.85057914,-23.035275,5.0306277,1.6196374,-0.63527536,0.29979756,-0.16461797,0.6924203,-4.2398853,-9.177675,0.74215347,-0.8360485,0.8863008,0.56911653,1
5.179999999999934,,,,,10.981525,-0.53165895,4.88522,0.85057914,-23.07733,4.938934,1.6269886,-0.6350385,0.29771742,-0.17211923,0.69171077,-4.1710668,-9.161361,0.7280598,-0.7888234,1.5099405,0.582928,1
5.189999999999934,,,,,10.981525,-0.53165895,4.88522,0.85057914,-23.118692,4.847395,1.6341977,-0.63436747,0.2934789,-0.18129766,0.691793,-4.101596,-9.146703,0.7137332,-0.74893576,2.0363224,0.59606177,1
5.199999999999934,,,,,10.981525,-0.53165895,4.88522,0.85057914,-23.15936,4.7559924,1.6412629,-0.6332755,0.2874001,-0.19188078,0.69249076,-4.031534,-9.13428,0.6992746,-0.71524405,2.4806135,0.608551,1
5.209999999999933,,,,,10.73368,0.0879474,5.555982,0.8948898,-23.199324,4.6647005,1.648183,-0.6317673,0.27974573,-0.20363437,0.6936453,-3.9609506,-9.124582,0.68473667,-0.6867844,2.8556166,0.6204274,1
5.219999999999933,,,,,10.73368,0.0879474,5.555982,0.8948898,-23.238586,4.573489,1.654948,-0.62985814,0.2703929,-0.21635565,0.6952372,-3.891537,-9.118187,0.6682525,-0.56616396,3.2767808,0.6338954,1
5.229999999999933,,,,,10.73368,0.0879474,5.555982,0.8948898,-23.277153,4.4823246,1.6615479,-0.6275461,0.2592523,-0.22986709,0.6972327,-3.8218524,-9.115294,0.65173566,-0.46433258,3.632259,0.6467025,1
5.239999999999933,,,,,10.73368,0.0879474,5.555982,0.8948898,-23.315022,4.39117,1.6679826,-0.6248071,0.24657401,-0.24401477,0.69948006,-3.752073,-9.116283,0.63518184,-0.37836227,3.9322956,0.6588812,1
5.2499999999999325,,,,,10.871977,0.55324745,5.2899866,0.98545057,-23.352194,4.299985,1.6742512,-0.6216208,0.23257023,-0.25866497,0.70184714,-3.6823773,-9.1214695,0.61853933,-0.30578166,4.185537,0.67046225,1
5.259999999999932,,,,,10.871977,0.55324745,5.2899866,0.98545057,-23.388666,4.2087255,1.680358,-0.61805004,0.21737866,-0.27350748,0.70423913,-3.6120582,-9.131232,0.60276914,-0.17193547,4.357832,0.68591887,1
5.269999999999932,,,,,10.871977,0.55324745,5.2899866,0.98545057,-23.424437,4.1173444,1.6863059,-0.61414903,0.20112213,-0.28828946,0.70658225,-3.5422387,-9.1456785,0.58673453,-0.058951408,4.5032506,0.70061696,1
5.279999999999932,,,,,10.871977,0.55324745,5.2899866,0.98545057,-23.459515,4.025795,1.6920916,-0.6098922,0.18394887,-0.30297977,0.708799,-3.4731488,-9.16493,0.570329,0.03642266,4.6259856,0.7145938,1
5.289999999999932,,,,,11.097379,0.95861375,4.401036,1.1362652,-23.493904,3.9340289,1.6977108,-0.60525984,0.16598666,-0.31755015,0.71082294,-3.4050083,-9.189077,0.5534187,0.11693203,4.729575,0.7278849,1
5.299999999999931,,,,,11.097379,0.95861375,4.401036,1.1362652,-23.527613,3.8419938,1.703166,-0.60039485,0.147496,-0.33164927,0.7125856,-3.3366423,-9.218761,0.5375254,0.24815479,4.6784053,0.7479242,1
5.309999999999931,,,,,11.097379,0.95861375,4.401036,1.1362652,-23.560642,3.749637,1.7084585,-0.59542876,0.12869515,-0.34500474,0.7140536,-3.2696795,-9.253396,0.5208473,0.35891393,4.635208,0.76698023,1
5.319999999999931,,,,,11.097379,0.95861375,4.401036,1.1362652,-23.593012,3.6569092,1.7135799,-0.59033275,0.10962924,-0.35769856,0.7152196,-3.204321,-9.292855,0.50327235,0.45240057,4.5987406,0.78510123,1
5.329999999999931,,,,,10.633282,0.80837905,2.252453,1.1597841,-23.624735,3.5637634,1.7185205,-0.5850829,0.090337574,-0.36979902,0.7160758,-3.140748,-9.337018,0.48467937,0.5313087,4.567955,0.80233294,1
5.339999999999931,,,,,10.633282,0.80837905,2.252453,1.1597841,-23.655846,3.470163,1.7232531,-0.5799856,0.07150526,-0.38090914,0.7165268,-3.0816872,-9.383682,0.46167377,0.5746579,4.206883,0.81987315,1
5.34999999999993,,,,,10.633282,0.80837905,2.252453,1.1597841,-23.686377,3.3760757,1.7277501,-0.5753238,0.05368094,-0.39074054,0.7165483,-3.024518,-9.434341,0.43753675,0.61122656,3.9021168,0.8365527,1
5.35999999999993,,,,,10.633282,0.80837905,2.252453,1.1597841,-23.716345,3.2814634,1.732,-0.5710416,0.036710434,-0.39948952,0.7162198,-2.9692369,-9.488622,0.4122585,0.64207464,3.644876,0.8524137,1
5.36999999999993,,,,,10.560014,0.43960515,-2.074429,1.2111777,-23.745768,3.186292,1.7359915,-0.56708586,0.020462068,-0.4073196,0.7156008,-2.915833,-9.5462055,0.38583538,0.6680964,3.4277492,0.8674965,1
5.37999999999993,,,,,10.560014,0.43960515,-2.074429,1.2111777,-23.774668,3.090531,1.7397106,-0.5641298,0.0061431676,-0.4134996,0.71465844,-2.864613,-9.606341,0.35781223,0.6329191,2.5696747,0.884361,1
5.3899999999999295,,,,,10.560014,0.43960515,-2.074429,1.2111777,-23.803064,2.9941568,1.7431448,-0.56275004,-0.0052990513,-0.41748637,0.7134341,-2.814957,-9.668767,0.32890883,0.6031691,1.8454185,0.900398,1
5.399999999999929,,,,,10.560014,0.43960515,-2.074429,1.2111777,-23.830973,2.8971498,1.7462867,-0.56275076,-0.014319482,-0.41964638,0.71204096,-2.7665677,-9.732821,0.29941374,0.57800716,1.2341113,0.9156481,1
5.409999999999929,,,,,11.237739,0.29083693,-4.9442234,1.3327898,-23.8584,2.7994967,1.7491319,-0.5639466,-0.021302702,-0.42027617,0.71054715,-2.7191854,-9.797964,0.26959705,0.556724,0.71813864,0.9301498,1
5.419999999999929,,,,,11.237739,0.29083693,-4.9442234,1.3327898,-23.885344,2.7011673,1.7517003,-0.56666267,-0.025730593,-0.41901076,0.70898527,-2.6695743,-9.8679285,0.24410869,0.51579523,-0.16492167,0.9499075,1
5.429999999999929,,,,,11.237739,0.29083693,-4.9442234,1.3327898,-23.911795,2.6021383,1.7540153,-0.571135,-0.027211238,-0.41556096,0.70737,-2.6204267,-9.937844,0.21898156,0.4811846,-0.91026676,0.9686956,1
5.4399999999999284,,,,,11.237739,0.29083693,-4.9442234,1.3327898,-23.937754,2.502413,1.7560828,-0.57707155,-0.026212238,-0.41024202,0.70569235,-2.5714157,-10.007039,0.19462791,0.45191422,-1.5393734,0.9865618,1
5.449999999999928,,,,,10.801807,-0.1572085,-5.9485073,1.3072065,-23.96322,2.402002,1.7579119,-0.58420867,-0.02312668,-0.40330964,0.70392156,-2.5222867,-10.074936,0.17139205,0.4271578,-2.0703692,1.0035512,1
5.459999999999928,,,,,10.801807,-0.1572085,-5.9485073,1.3072065,-23.988207,2.3009336,1.7595007,-0.5924728,-0.017896302,-0.3948627,0.7019529,-2.474754,-10.138452,0.14659908,0.33644706,-2.6752188,1.0184518,1
5.469999999999928,,,,,10.801807,-0.1572085,-5.9485073,1.3072065,-24.012714,2.199241,1.7608494,-0.60177106,-0.01049074,-0.38497758,0.69968027,-2.426701,-10.199681,0.1233923,0.25982943,-3.185735,1.0326211,1
5.479999999999928,,,,,10.801807,-0.1572085,-5.9485073,1.3072065,-24.03674,2.0969496,1.7619748,-0.61185616,-0.0012537686,-0.3738174,0.6970579,-2.37796,-10.258111,0.10195453,0.19511376,-3.6166294,1.046095,1
5.489999999999927,,,,,10.661686,-0.669688,-6.22395,1.3865305,-24.060272,1.9940898,1.7628951,-0.62251157,0.009522718,-0.36152008,0.6940394,-2.3284302,-10.313277,0.0824047,0.14044996,-3.9803207,1.0589077,1
5.499999999999927,,,,,10.661686,-0.669688,-6.22395,1.3865305,-24.08331,1.8907001,1.7636243,-0.63356036,0.02172929,-0.34833297,0.69050133,-2.278715,-10.364088,0.06375434,0.014371358,-4.2953753,1.0749843,1
5.509999999999927,,,,,10.661686,-0.669688,-6.22395,1.3865305,-24.105844,1.7868221,1.7641766,-0.64484584,0.03526575,-0.33446002,0.6863421,-2.228123,-10.410872,0.04699952,-0.09207578,-4.561286,1.090272,1
5.519999999999927,,,,,10.661686,-0.669688,-6.22395,1.3865305,-24.127867,1.6824979,1.7645706,-0.6562204,0.049912903,-0.31995386,0.6815511,-2.1766415,-10.453278,0.032066386,-0.18194963,-4.785718,1.1048095,1
5.5299999999999265,,,,,11.148412,-0.9215887,-6.264788,1.227148,-24.14937,1.5777727,1.7648238,-0.66755736,0.06548194,-0.30486307,0.6761188,-2.124306,-10.490983,0.01884489,-0.25783116,-4.9751415,1.1186337,1
5.539999999999926,,,,,11.148412,-0.9215887,-6.264788,1.227148,-24.170336,1.4726876,1.7649724,-0.678728,0.08188337,-0.28929958,0.670021,-2.068764,-10.525198,0.011136956,-0.3612096,-5.135044,1.1239586,1
5.549999999999926,,,,,11.148412,-0.9215887,-6.264788,1.227148,-24.190742,1.3672876,1.7650514,-0.6896195,0.09903585,-0.2733574,0.66324323,-2.0124917,-10.553932,0.0048730727,-0.44848442,-5.2699986,1.129022,1
5.559999999999926,,,,,11.148412,-0.9215887,-6.264788,1.227148,-24.210585,1.2616287,1.7650741,-0.7001537,0.1167976,-0.2570565,0.65579265,-1.9556035,-10.576953,-0.00016939663,-0.5221641,-5.3838983,1.1338371,1
5.569999999999926,,,,,12.073281,-1.2815719,-5.902544,0.9332838,-24.229853,1.1557689,1.7650515,-0.7102644,0.1350449,-0.24041793,0.647677,-1.898244,-10.594061,-0.0042321207,-0.58436686,-5.4800267,1.1384158,1
5.5799999999999255,,,,,12.073281,-1.2815719,-5.902544,0.9332838,-24.248522,1.0497634,1.7650312,-0.7198429,0.15375584,-0.22357945,0.63890254,-1.8357935,-10.606008,0.00028420158,-0.69308305,-5.545994,1.1283499,1
5.589999999999925,,,,,12.073281,-1.2815719,-5.902544,0.9332838,-24.266565,0.94367194,1.7650588,-0.7287965,0.17290649,-0.20665313,0.6294858,-1.7731726,-10.6112385,0.005257394,-0.78485155,-5.6016603,1.118778,1
5.599999999999925,,,,,12.073281,-1.2815719,-5.902544,0.9332838,-24.283983,0.8375621,1.7651368,-0.7370954,0.19239178,-0.1896264,0.6194485,-1.7105542,-10.609653,0.010352154,-0.862314,-5.6486344,1.1096759,1
5.609999999999925,,,,,12.687756,-1.115228,-4.044554,0.9880219,-24.300776,0.7315025,1.765265,-0.74471545,0.21211892,-0.1724922,0.6088102,-1.6481327,-10.601186,0.015230326,-0.92770034,-5.688273,1.1010202,1
5.619999999999925,,,,,12.687756,-1.115228,-4.044554,0.9880219,-24.31693,0.62556565,1.7654655,-0.7515419,0.23150839,-0.15576743,0.5977659,-1.5829564,-10.585064,0.024768589,-0.95714855,-5.431954,1.0954753,1
5.629999999999924,,,,,12.687756,-1.115228,-4.044554,0.9880219,-24.332438,0.5198251,1.7657572,-0.7575417,0.25011557,-0.1398796,0.5865197,-1.5183871,-10.561988,0.03340437,-0.9819733,-5.215604,1.0902027,1
5.639999999999924,,,,,12.687756,-1.115228,-4.044554,0.9880219,-24.347303,0.41434863,1.7661295,-0.76280177,0.26804522,-0.12470302,0.5750942,-1.4545835,-10.532294,0.04085936,-1.0029004,-5.0329905,1.0851887,1
5.649999999999924,,,,,12.677721,-1.1631806,-0.62205637,1.0219321,-24.361532,0.30920088,1.7665694,-0.7673916,0.28538355,-0.11012982,0.5635039,-1.3916936,-10.4962845,0.046888348,-1.0205419,-4.878854,1.0804207,1
5.659999999999924,,,,,12.677721,-1.1631806,-0.62205637,1.0219321,-24.37514,0.20444334,1.7670611,-0.77123576,0.30145591,-0.09713539,0.5521624,-1.3298768,-10.45434,0.051204108,-1.043261,-4.215023,1.0775506,1
5.6699999999999235,,,,,12.677721,-1.1631806,-0.62205637,1.0219321,-24.388132,0.10013211,1.7675874,-0.77435404,0.31577146,-0.08649957,0.54146177,-1.2690123,-10.407145,0.053793587,-1.062362,-3.654713,1.0748215,1
5.679999999999923,,,,,12.677721,-1.1631806,-0.62205637,1.0219321,-24.40052,-0.0036840364,1.7681309,-0.77690876,0.32863563,-0.077868246,0.5313631,-1.2089577,-10.35543,0.054636683,-1.0784209,-3.1817813,1.0722262,1
5.689999999999923,,,,,12.729496,-1.1271197,2.6096618,1.1068823,-24.412312,-0.106963046,1.7686741,-0.77901936,0.34029886,-0.07093735,0.5218162,-1.1495696,-10.299802,0.0537459,-1.0919223,-2.7826014,1.0697582,1
5.699999999999923,,,,,12.729496,-1.1271197,2.6096618,1.1068823,-24.423512,-0.20966733,1.769202,-0.7807035,0.3502877,-0.06645247,0.51320887,-1.0904382,-10.240582,0.05156083,-1.0979946,-1.9416864,1.0715799,1
5.709999999999923,,,,,12.729496,-1.1271197,2.6096618,1.1068823,-24.434122,-0.31176603,1.7697002,-0.7820018,0.35825643,-0.06499396,0.5058655,-1.031454,-10.178825,0.047856268,-1.1030303,-1.231911,1.0733123,1
5.7199999999999225,,,,,12.729496,-1.1271197,2.6096618,1.1068823,-24.44414,-0.41323787,1.7701547,-0.7830055,0.36455446,-0.06609653,0.49963218,-0.97222626,-10.11533,0.042837247,-1.1072048,-0.6328238,1.0749596,1
5.729999999999922,,,,,13.198922,-0.81649387,4.5630074,1.2891594,-24.453564,-0.5140689,1.7705531,-0.7837681,0.36946353,-0.069364436,0.49435958,-0.91240454,-10.050752,0.03668692,-1.1106641,-0.12716341,1.076526,1
5.739999999999922,,,,,13.198922,-0.81649387,4.5630074,1.2891594,-24.462374,-0.6142392,1.7709018,-0.78432065,0.37272745,-0.075021856,0.49018934,-0.8494229,-9.983271,0.032930724,-1.065305,0.6042908,1.08696,1
5.749999999999922,,,,,13.198922,-0.81649387,4.5630074,1.2891594,-24.470549,-0.71373516,1.771209,-0.7846697,0.37414825,-0.08322941,0.48721457,-0.7850893,-9.916005,0.028411575,-1.0269475,1.2216711,1.0968819,1
5.759999999999922,,,,,13.198922,-0.81649387,4.5630074,1.2891594,-24.47807,-0.81256247,1.771468,-0.78479797,0.37400705,-0.093589306,0.48523247,-0.71902716,-9.849651,0.023337163,-0.99451005,1.7427677,1.106317,1
5.769999999999921,,,,,14.002089,-0.4019945,5.3249564,1.3127795,-24.484919,-0.91073334,1.7716742,-0.7846772,0.3725318,-0.10576258,0.48406065,-0.6509206,-9.784808,0.017851349,-0.96707803,2.1825967,1.1152891,1
5.779999999999921,,,,,14.002089,-0.4019945,5.3249564,1.3127795,-24.491056,-1.0082464,1.771852,-0.7843028,0.36963004,-0.119620025,0.48366567,-0.57622445,-9.718187,0.017664772,-0.879326,2.6727042,1.1249801,1
5.789999999999921,,,,,14.002089,-0.4019945,5.3249564,1.3127795,-24.496435,-1.1051066,1.7720268,-0.78365135,0.36523065,-0.13504009,0.48400405,-0.4988495,-9.654337,0.017241398,-0.8052077,3.086371,1.1341954,1
5.799999999999921,,,,,14.002089,-0.4019945,5.3249564,1.3127795,-24.501026,-1.2013446,1.7721963,-0.78266567,0.35953248,-0.15176374,0.4849096,-0.41861457,-9.593822,0.016631635,-0.74260414,3.435519,1.1429586,1
5.809999999999921,,,,,14.305872,0.23860529,5.435309,1.2756348,-24.504797,-1.2969962,1.7723588,-0.7812942,0.35270104,-0.16956806,0.48623738,-0.33539355,-9.537137,0.015819753,-0.68972564,3.7302115,1.1512918,1
5.81999999999992,,,,,14.305872,0.23860529,5.435309,1.2756348,-24.507713,-1.3920963,1.7725224,-0.77957225,0.3446543,-0.18816899,0.48792604,-0.24724837,-9.483592,0.01684939,-0.5451682,3.9962268,1.1573933,1
5.82999999999992,,,,,14.305872,0.23860529,5.435309,1.2756348,-24.509733,-1.4866847,1.772695,-0.77752155,0.33533502,-0.20732671,0.48992357,-0.15601484,-9.434855,0.017564066,-0.42312422,4.2207413,1.1631955,1
5.83999999999992,,,,,14.305872,0.23860529,5.435309,1.2756348,-24.510826,-1.5808114,1.7728727,-0.7750838,0.3249055,-0.22692151,0.49212492,-0.061774045,-9.39133,0.017886698,-0.3200872,4.410229,1.168713,1
5.84999999999992,,,,,14.123274,0.51550984,4.0857887,1.1558329,-24.510962,-1.6745304,1.773051,-0.7722111,0.31350392,-0.24684867,0.4944389,0.035365343,-9.353364,0.01769028,-0.23309681,4.570155,1.1739597,1
5.8599999999999195,,,,,14.123274,0.51550984,4.0857887,1.1558329,-24.510118,-1.7679007,1.7732179,-0.76903534,0.3014366,-0.26654243,0.4966634,0.13397688,-9.32164,0.015573748,-0.11629178,4.494708,1.1730702,1
5.869999999999919,,,,,14.123274,0.51550984,4.0857887,1.1558329,-24.508276,-1.860983,1.7733598,-0.76569647,0.28896675,-0.28555724,0.49866116,0.23503983,-9.2957325,0.012650794,-0.017711576,4.4310126,1.1722243,1
5.879999999999919,,,,,14.123274,0.51550984,4.0857887,1.1558329,-24.505411,-1.9538352,1.7734678,-0.76216793,0.27614507,-0.30397046,0.50044453,0.33827764,-9.27563,0.0087925065,0.06548731,4.3772383,1.17142,1
5.889999999999919,,,,,13.685892,0.6778773,2.0228531,1.0764506,-24.501503,-2.0465157,1.7735319,-0.75842685,0.26301482,-0.3218465,0.50202155,0.44343552,-9.261315,0.003862397,0.13570492,4.33184,1.1706551,1
5.899999999999919,,,,,13.685892,0.6778773,2.0228531,1.0764506,-24.496552,-2.139083,1.7735265,-0.754745,0.24998437,-0.33858213,0.5032185,0.54695165,-9.252987,-0.0051151663,0.22054282,3.971819,1.1660324,1
5.909999999999918,,,,,13.685892,0.6778773,2.0228531,1.0764506,-24.490559,-2.2315934,1.7734253,-0.75138396,0.23739241,-0.35372004,0.5039327,0.6517707,-9.249872,-0.015286615,0.29210508,3.6679323,1.1616367,1
5.919999999999918,,,,,13.685892,0.6778773,2.0228531,1.0764506,-24.483511,-2.3240972,1.7732166,-0.7483035,0.22517635,-0.36750466,0.5042588,0.75760466,-9.251601,-0.02664181,0.3524694,3.411428,1.1574565,1
5.929999999999918,,,,,13.487325,0.6814884,-0.57205987,1.1569127,-24.475405,-2.416641,1.7728885,-0.7454626,0.21328092,-0.38014114,0.50427026,0.86421734,-9.257855,-0.03916548,0.40338802,3.1949177,1.1534815,1
5.939999999999918,,,,,13.487325,0.6814884,-0.57205987,1.1569127,-24.466234,-2.509268,1.7724234,-0.74323344,0.20217815,-0.39103326,0.5038055,0.96984684,-9.268151,-0.05404368,0.44719845,2.6074922,1.1536498,1
5.949999999999918,,,,,13.487325,0.6814884,-0.57205987,1.1569127,-24.456005,-2.6020162,1.7718045,-0.7419443,0.19224393,-0.39973333,0.5027654,1.0758091,-9.28198,-0.06985941,0.4841079,2.1116707,1.1538099,1
5.959999999999917,,,,,13.487325,0.6814884,-0.57205987,1.1569127,-24.444717,-2.6949174,1.7710236,-0.7414862,0.18330084,-0.40659517,0.50127673,1.1819074,-9.298723,-0.08639327,0.51520336,1.6931679,1.153962,1
5.969999999999917,,,,,13.505084,1.0547595,-3.1179616,1.3632963,-24.432367,-2.7879987,1.7700748,-0.7417532,0.17519577,-0.41191217,0.49943557,1.2879925,-9.317867,-0.103438646,0.5414006,1.3399266,1.1541069,1
5.979999999999917,,,,,13.505084,1.0547595,-3.1179616,1.3632963,-24.418957,-2.8812816,1.7689545,-0.74310863,0.16818422,-0.41510332,0.49718392,1.394073,-9.338964,-0.12066646,0.6219762,0.64478576,1.1643718,1
5.989999999999917,,,,,13.505084,1.0547595,-3.1179616,1.3632963,-24.404486,-2.9747825,1.7676619,-0.74583614,0.16245703,-0.41571915,0.49448222,1.4998186,-9.361306,-0.13778903,0.6899128,0.05804293,1.1741332,1
5.9999999999999165,,,,,13.505084,1.0547595,-3.1179616,1.3632963,-24.38896,-3.0685098,1.7662004,-0.74972403,0.15780404,-0.4141555,0.49141216,1.6050395,-9.384227,-0.15439153,0.74719155,-0.43720493,1.1834154,1
6.009999999999916,,,,,13.691817,-0.09243984,-5.0967584,1.4645317,-24.372387,-3.1624668,1.7645772,-0.75457823,0.15404594,-0.41073924,0.48803052,1.7095671,-9.407176,-0.1701151,0.7954834,-0.8552257,1.1922421,1
6.019999999999916,,,,,13.691817,-0.09243984,-5.0967584,1.4645317,-24.354765,-3.2566533,1.7628081,-0.76048315,0.15175745,-0.4053668,0.48405755,1.8146852,-9.429955,-0.18349424,0.65753853,-1.5167917,1.2056035,1
6.029999999999916,,,,,13.691817,-0.09243984,-5.0967584,1.4645317,-24.336096,-3.3510618,1.7609124,-0.7674764,0.1513823,-0.3979549,0.47926423,1.918841,-9.451496,-0.19537582,0.5410349,-2.0751724,1.2183092,1
6.039999999999916,,,,,13.691817,-0.09243984,-5.0967584,1.4645317,-24.316391,-3.4456766,1.7589066,-0.77532333,0.15260187,-0.38877794,0.47374785,2.021919,-9.471065,-0.20551127,0.44263846,-2.5464618,1.2303914,1
6.0499999999999154,,,,,13.552023,-1.3936551,-5.80163,1.1339983,-24.295662,-3.5404744,1.756809,-0.7838133,0.1551454,-0.37806457,0.46758178,2.1237743,-9.488043,-0.21370712,0.3595338,-2.944243,1.2418805,1
6.059999999999915,,,,,13.552023,-1.3936551,-5.80163,1.1339983,-24.273926,-3.635426,1.7546351,-0.7927632,0.15933897,-0.36602023,0.46061453,2.2232206,-9.501739,-0.22077337,0.08647374,-3.390072,1.2365868,1
6.069999999999915,,,,,13.552023,-1.3936551,-5.80163,1.1339983,-24.251205,-3.7304964,1.7524008,-0.80199385,0.16543034,-0.35280636,0.452731,2.3211899,-9.511696,-0.22577772,-0.14406084,-3.7663386,1.2315527,1
6.079999999999915,,,,,13.552023,-1.3936551,-5.80163,1.1339983,-24.22751,-3.8256452,1.7501264,-0.811334,0.17309937,-0.33854276,0.4440288,2.4175532,-9.517321,-0.22876693,-0.33869252,-4.083896,1.2267659,1
6.089999999999915,,,,,13.4800415,-2.3039339,-5.9776354,1.1441295,-24.202864,-3.9208262,1.747832,-0.82063305,0.18207212,-0.3233337,0.4345866,2.512132,-9.518121,-0.22982354,-0.50301206,-4.3519053,1.2222137,1
6.099999999999914,,,,,13.4800415,-2.3039339,-5.9776354,1.1441295,-24.177282,-4.01599,1.7455335,-0.82971394,0.19244367,-0.30736965,0.42433852,2.6042264,-9.5137005,-0.2296009,-0.78367454,-4.6056585,1.2183821,1
6.109999999999914,,,,,13.4800415,-2.3039339,-5.9776354,1.1441295,-24.15079,-4.111081,1.7432452,-0.8384147,0.2042751,-0.2908033,0.4132372,2.694159,-9.503635,-0.22780745,-1.0205998,-4.8198028,1.2147384,1
6.119999999999914,,,,,13.4800415,-2.3039339,-5.9776354,1.1441295,-24.123407,-4.2060413,1.7409816,-0.8466333,0.21730088,-0.27367163,0.40136683,2.7817273,-9.487553,-0.22471121,-1.2206035,-5.0005217,1.2112736,1
6.129999999999914,,,,,14.581264,-2.371799,-5.2220407,1.2281549,-24.095163,-4.30081,1.7387543,-0.85428196,0.23129185,-0.2560113,0.38879797,2.8666894,-9.465164,-0.22059831,-1.3894391,-5.1530323,1.2079786,1
6.1399999999999135,,,,,14.581264,-2.371799,-5.2220407,1.2281549,-24.06605,-4.3953104,1.736614,-0.86121213,0.24595575,-0.2381323,0.37564847,2.9554904,-9.433911,-0.20736882,-1.5426257,-5.163915,1.2089686,1
6.149999999999913,,,,,14.581264,-2.371799,-5.2220407,1.2281549,-24.036066,-4.4894633,1.7346083,-0.86732626,0.26105636,-0.2202948,0.36202797,3.0409582,-9.395566,-0.19374855,-1.6719245,-5.173083,1.2099102,1
6.159999999999913,,,,,14.581264,-2.371799,-5.2220407,1.2281549,-24.005245,-4.5831976,1.7327391,-0.87262386,0.2764845,-0.20246673,0.34798056,3.1228704,-9.350148,-0.18011685,-1.7810606,-5.1808047,1.2108054,1
6.169999999999913,,,,,14.790962,-2.2588103,-3.097892,1.2888352,-23.973623,-4.6764426,1.7310047,-0.877105,0.29214442,-0.1846245,0.33354387,3.200993,-9.297719,-0.16684225,-1.8731781,-5.1873093,1.2116568,1
6.179999999999913,,,,,14.790962,-2.2588103,-3.097892,1.2888352,-23.941235,-4.7691245,1.7294078,-0.8806472,0.3076367,-0.16748847,0.31900948,3.2761893,-9.237565,-0.15269594,-1.9335622,-4.8615184,1.2154441,1
6.1899999999999125,,,,,14.790962,-2.2588103,-3.097892,1.2888352,-23.908113,-4.8611712,1.727947,-0.8832218,0.32266957,-0.15164499,0.30464178,3.3473597,-9.170831,-0.1396468,-1.9844911,-4.586527,1.2190454,1
6.199999999999912,,,,,14.790962,-2.2588103,-3.097892,1.2888352,-23.8743,-4.95252,1.7266097,-0.88494873,0.33730704,-0.13689497,0.29042852,3.4145973,-9.097948,-0.12801783,-2.0274453,-4.3544135,1.22247,1
6.209999999999912,,,,,14.779893,-1.3966529,0.6490801,1.2016155,-23.839834,-5.0431104,1.7253807,-0.88592315,0.35159916,-0.12306845,0.2763543,3.477977,-9.019302,-0.11808438,-2.0636735,-4.1584926,1.2257266,1
6.219999999999912,,,,,14.779893,-1.3966529,0.6490801,1.2016155,-23.804754,-5.1328874,1.724241,-0.8861817,0.36488146,-0.11125494,0.2629928,3.5375836,-8.935369,-0.11014875,-1.9602531,-3.40867,1.2245435,1
6.229999999999912,,,,,14.779893,-1.3966529,0.6490801,1.2016155,-23.769094,-5.2218013,1.7231708,-0.88584745,0.37667817,-0.10232228,0.25083354,3.5939996,-8.846837,-0.104222015,-1.8728665,-2.775795,1.2234185,1
6.239999999999911,,,,,14.779893,-1.3966529,0.6490801,1.2016155,-23.732882,-5.30981,1.7221497,-0.88508004,0.3872673,-0.09583226,0.2397352,3.6478524,-8.754439,-0.100315265,-1.7990283,-2.2416272,1.2223486,1
6.249999999999911,,,,,14.871881,-0.5380778,3.1949627,1.129082,-23.696142,-5.3968787,1.7211577,-0.883989,0.3968711,-0.091409646,0.22956571,3.6996944,-8.65876,-0.098409355,-1.7366382,-1.7907721,1.2213311,1
6.259999999999911,,,,,14.871881,-0.5380778,3.1949627,1.129082,-23.658892,-5.4829736,1.7201779,-0.8826978,0.40513754,-0.08955437,0.22065248,3.7503726,-8.5597,-0.09784228,-1.5503447,-1.0130965,1.2168044,1
6.269999999999911,,,,,14.871881,-0.5380778,3.1949627,1.129082,-23.621138,-5.5680666,1.7191947,-0.8813165,0.41180792,-0.09064703,0.21325585,3.8003333,-8.458521,-0.099073075,-1.3930033,-0.35672313,1.2124999,1
6.2799999999999105,,,,,14.871881,-0.5380778,3.1949627,1.129082,-23.582884,-5.652139,1.7181908,-0.8798748,0.41716018,-0.09422916,0.20716661,3.8503466,-8.3558445,-0.1019196,-1.2601148,0.19726862,1.2084064,1
6.28999999999991,,,,,15.469854,0.7009001,4.683377,1.002809,-23.544127,-5.7351794,1.7171512,-0.87837476,0.42141512,-0.09991095,0.20219877,3.9010746,-8.252174,-0.10623218,-1.1478798,0.66484886,1.2045139,1
6.29999999999991,,,,,15.469854,0.7009001,4.683377,1.002809,-23.504847,-5.817159,1.7160802,-0.8769476,0.42419577,-0.107778504,0.19850485,3.955201,-8.14377,-0.10815429,-0.86004704,1.2917675,1.1946162,1
6.30999999999991,,,,,15.469854,0.7009001,4.683377,1.002809,-23.465017,-5.8980556,1.7149842,-0.8756764,0.42520612,-0.11788086,0.19619922,4.0113683,-8.03541,-0.111204684,-0.61701864,1.82088,1.1852041,1
6.31999999999991,,,,,15.469854,0.7009001,4.683377,1.002809,-23.424612,-5.97787,1.713853,-0.87447274,0.4247105,-0.12986025,0.1950748,4.0702095,-7.927689,-0.1151514,-0.41182122,2.267446,1.176254,1
6.3299999999999095,,,,,15.586826,1.5886071,5.681436,0.78436244,-23.383602,-6.0566134,1.7126786,-0.87324864,0.42292297,-0.14341128,0.1949504,4.1322527,-7.8211284,-0.11983909,-0.23856698,2.6443431,1.1677431,1
6.339999999999909,,,,,15.586826,1.5886071,5.681436,0.78436244,-23.341951,-6.1342945,1.7114574,-0.8720039,0.41963297,-0.15854055,0.19591257,4.1984487,-7.715422,-0.124463156,0.046057634,3.1181924,1.1489304,1
6.349999999999909,,,,,15.586826,1.5886071,5.681436,0.78436244,-23.29962,-6.21093,1.7101874,-0.870705,0.41467273,-0.17523137,0.1980223,4.268806,-7.611981,-0.12959749,0.28635907,3.5181053,1.1310409,1
6.359999999999909,,,,,15.586826,1.5886071,5.681436,0.78436244,-23.256561,-6.2865443,1.7088639,-0.8692268,0.40825874,-0.1932084,0.2010961,4.3437386,-7.5114093,-0.1351619,0.48923805,3.8556197,1.1140293,1
6.369999999999909,,,,,14.924684,1.9654738,5.146833,0.6218597,-23.212729,-6.36117,1.7074826,-0.86745894,0.4005708,-0.21223424,0.20497373,4.4235597,-7.414263,-0.14115793,0.6605211,4.1404724,1.0978525,1
6.379999999999908,,,,,14.924684,1.9654738,5.146833,0.6218597,-23.16809,-6.434863,1.7060195,-0.8654114,0.39167854,-0.23187993,0.20948131,4.50487,-7.3250146,-0.15153718,0.86398077,4.297546,1.0744954,1
6.389999999999908,,,,,14.924684,1.9654738,5.146833,0.6218597,-23.122616,-6.507684,1.7044501,-0.8630992,0.38165218,-0.25179213,0.21448041,4.5911055,-7.239982,-0.16243598,1.0357293,4.430097,1.0522845,1
6.399999999999908,,,,,14.924684,1.9654738,5.146833,0.6218597,-23.076252,-6.579678,1.7027688,-0.86044204,0.37063265,-0.27188256,0.2198874,4.6822343,-7.15957,-0.17393142,1.1807084,4.541955,1.0311635,1
6.409999999999908,,,,,14.772595,1.7778628,2.5214334,0.7767293,-23.028952,-6.650893,1.700969,-0.8573738,0.3587405,-0.29207402,0.2256279,4.7781816,-7.0841503,-0.1861441,1.3030895,4.6363506,1.0110788,1
6.419999999999908,,,,,14.772595,1.7778628,2.5214334,0.7767293,-22.980675,-6.721384,1.6990386,-0.8541459,0.34638226,-0.3114279,0.23122816,4.877759,-7.0147305,-0.20007528,1.3773797,4.3065686,0.99957925,1
6.429999999999907,,,,,14.772595,1.7778628,2.5214334,0.7767293,-22.931381,-6.7912064,1.6969645,-0.8510359,0.33391386,-0.3292205,0.23633236,4.981491,-6.950538,-0.21487714,1.4400448,4.0282083,0.98864394,1
6.439999999999907,,,,,14.772595,1.7778628,2.5214334,0.7767293,-22.881031,-6.8604126,1.694738,-0.84801936,0.32135874,-0.34567863,0.24103458,5.0888925,-6.8914757,-0.23053627,1.4929042,3.7932515,0.9782452,1
6.449999999999907,,,,,14.023937,1.4880261,-0.50174725,1.0050546,-22.829592,-6.9290533,1.6923507,-0.8450686,0.3087338,-0.3609933,0.24540997,5.199548,-6.8374543,-0.24704441,1.537493,3.5949306,0.9683567,1
6.459999999999907,,,,,14.023937,1.4880261,-0.50174725,1.0050546,-22.777058,-6.9971914,1.6897738,-0.84258103,0.29644105,-0.3743462,0.24908727,5.307301,-6.790827,-0.26846194,1.5301778,2.956053,0.9701575,1
6.4699999999999065,,,,,14.023937,1.4880261,-0.50174725,1.0050546,-22.723438,-7.0648847,1.6869797,-0.8409286,0.2848149,-0.38512033,0.25179675,5.417185,-6.748431,-0.2904454,1.523942,2.4168088,0.97186995,1
6.479999999999906,,,,,14.023937,1.4880261,-0.50174725,1.0050546,-22.668709,-7.132173,1.6839639,-0.840031,0.27376848,-0.39372972,0.253723,5.528655,-6.7097945,-0.31273317,1.5186269,1.9616598,0.9734983,1
6.489999999999906,,,,,14.255948,0.81186754,-3.3340464,1.346166,-22.612858,-7.199092,1.6807247,-0.83980197,0.26322147,-0.4005183,0.25501364,5.641276,-6.674511,-0.33508426,1.5140966,1.5774913,0.97504675,1
6.499999999999906,,,,,14.255948,0.81186754,-3.3340464,1.346166,-22.55587,-7.26567,1.6772692,-0.84055704,0.25360215,-0.40490252,0.2553499,5.756535,-6.641645,-0.35599762,1.4050605,0.8114874,0.99325764,1
6.509999999999906,,,,,14.255948,0.81186754,-3.3340464,1.346166,-22.497726,-7.331932,1.6736069,-0.8425546,0.24524431,-0.4064378,0.25448996,5.8720484,-6.611101,-0.37633798,1.312968,0.16494888,1.010575,1
6.519999999999905,,,,,14.255948,0.81186754,-3.3340464,1.346166,-22.438429,-7.3978977,1.6697458,-0.8456179,0.23794849,-0.40556708,0.2526384,5.9873214,-6.582196,-0.39570087,1.2351843,-0.38075557,1.0270425,1
6.529999999999905,,,,,15.039199,-0.17710163,-5.1198483,1.4693106,-22.377981,-7.4635797,1.6656975,-0.84957546,0.23154044,-0.40265533,0.24995835,6.101939,-6.554363,-0.41373226,1.1694846,-0.84135175,1.042702,1
6.539999999999905,,,,,15.039199,-0.17710163,-5.1198483,1.4693106,-22.316362,-7.5289793,1.6614991,-0.854466,0.22637758,-0.39749786,0.24624465,6.2217655,-6.52559,-0.4256284,0.95995826,-1.5087099,1.0636358,1
6.549999999999905,,,,,15.039199,-0.17710163,-5.1198483,1.4693106,-22.253553,-7.5940905,1.6571921,-0.8602899,0.22272894,-0.38993475,0.241338,6.340032,-6.4966817,-0.43544272,0.78305084,-2.0719774,1.0835423,1
6.559999999999905,,,,,15.039199,-0.17710163,-5.1198483,1.4693106,-22.189571,-7.65891,1.6527985,-0.8668349,0.22033401,-0.3803018,0.23541613,6.4562674,-6.4669495,-0.44286773,0.63368213,-2.547389,1.1024722,1
6.569999999999904,,,,,15.348493,-1.3105216,-5.667537,1.372058,-22.124437,-7.7234244,1.6483437,-0.87390625,0.21896991,-0.36887875,0.22862302,6.570031,-6.435837,-0.4476608,0.5075632,-2.9486475,1.120473,1
6.579999999999904,,,,,15.348493,-1.3105216,-5.667537,1.372058,-22.058168,-7.7876163,1.6438648,-0.88130546,0.21889773,-0.35580814,0.22087316,6.68318,-6.4021916,-0.44767332,0.22437015,-3.3728616,1.1328185,1
6.589999999999904,,,,,15.348493,-1.3105216,-5.667537,1.372058,-21.990786,-7.8514595,1.6394002,-0.8888475,0.22031365,-0.34120655,0.21210901,6.792942,-6.3660846,-0.44475892,-0.01470311,-3.7308912,1.1445581,1
6.599999999999904,,,,,15.348493,-1.3105216,-5.667537,1.372058,-21.922325,-7.9149275,1.6349796,-0.8963834,0.22295308,-0.32525802,0.2024749,6.8988857,-6.3270044,-0.4389188,-0.21653101,-4.033062,1.1557215,1
6.6099999999999035,,,,,15.456942,-2.147934,-5.8889656,1.2219303,-21.852827,-7.9779882,1.6306317,-0.9037807,0.22659022,-0.3081211,0.1920907,7.0005827,-6.284558,-0.4301993,-0.38691694,-4.288088,1.1663373,1
6.619999999999903,,,,,15.456942,-2.147934,-5.8889656,1.2219303,-21.782328,-8.040606,1.626389,-0.91086835,0.23135813,-0.28991172,0.18095168,7.098296,-6.238107,-0.41792485,-0.6613489,-4.537954,1.1690651,1
6.629999999999903,,,,,15.456942,-2.147934,-5.8889656,1.2219303,-21.71088,-8.102737,1.6222823,-0.9174904,0.23735046,-0.27072567,0.16906707,7.1908855,-6.1876087,-0.4030445,-0.8930124,-4.7488213,1.1716592,1
6.639999999999903,,,,,15.456942,-2.147934,-5.8889656,1.2219303,-21.638533,-8.164343,1.6183363,-0.9235582,0.24433447,-0.25066653,0.15654749,7.2779346,-6.1327796,-0.38580382,-1.0885731,-4.926777,1.1741259,1
6.649999999999903,,,,,15.523256,-2.392604,-4.8788834,1.1799886,-21.565342,-8.225378,1.6145735,-0.9289946,0.25211057,-0.22982784,0.14348614,7.3590307,-6.07344,-0.3664771,-1.2536573,-5.076958,1.1764717,1
6.659999999999902,,,,,15.523256,-2.392604,-4.8788834,1.1799886,-21.491373,-8.285794,1.6110154,-0.9336239,0.2605456,-0.20868477,0.13004911,7.43412,-6.0092297,-0.3448667,-1.4312985,-5.0462046,1.1766443,1
6.669999999999902,,,,,15.523256,-2.392604,-4.8788834,1.1799886,-21.416683,-8.345547,1.6076808,-0.9373365,0.2695365,-0.18762983,0.11638319,7.502641,-5.940417,-0.32188123,-1.5812329,-5.020226,1.1768085,1
6.679999999999902,,,,,15.523256,-2.392604,-4.8788834,1.1799886,-21.341345,-8.404589,1.6045811,-0.9401594,0.27896354,-0.1666312,0.102534294,7.564436,-5.8670754,-0.29793862,-1.707782,-4.998281,1.1769644,1
6.689999999999902,,,,,15.727344,-2.1026206,-2.7705088,1.283327,-21.26542,-8.462873,1.601724,-0.942115,0.28872296,-0.14566566,0.08854044,7.6193495,-5.7893205,-0.2734397,-1.8145932,-4.9797435,1.1771127,1
6.699999999999902,,,,,15.727344,-2.1026206,-2.7705088,1.283327,-21.188978,-8.520354,1.599121,-0.9431536,0.29854754,-0.12550835,0.07468492,7.667919,-5.706246,-0.2471641,-1.859759,-4.6352553,1.1823246,1
6.709999999999901,,,,,15.727344,-2.1026206,-2.7705088,1.283327,-21.112083,-8.576984,1.5967798,-0.94330984,0.30824882,-0.106785454,0.06120238,7.7096567,-5.619181,-0.22113495,-1.8978428,-4.344485,1.1872809,1
6.719999999999901,,,,,15.727344,-2.1026206,-2.7705088,1.283327,-21.034807,-8.632726,1.5946962,-0.9427057,0.31784597,-0.08927828,0.048053388,7.744877,-5.528443,-0.19571616,-1.9299548,-4.099055,1.1919938,1
6.729999999999901,,,,,15.828493,-1.5524347,0.14841762,1.4702795,-20.95721,-8.687542,1.5928624,-0.9414362,0.32735094,-0.07280054,0.035201468,7.773851,-5.434312,-0.17121547,-1.9570315,-3.8918955,1.1964755,1
6.739999999999901,,,,,15.828493,-1.5524347,0.14841762,1.4702795,-20.879353,-8.741398,1.5912718,-0.93958473,0.3365313,-0.05829516,0.022992972,7.797041,-5.336436,-0.14711407,-1.8943967,-3.2617786,1.2099111,1
6.7499999999999005,,,,,15.828493,-1.5524347,0.14841762,1.4702795,-20.801289,-8.794261,1.5899154,-0.9372898,0.3452363,-0.04650509,0.01170514,7.8150024,-5.2357674,-0.12440534,-1.8414638,-2.729934,1.2226875,1
6.7599999999999,,,,,15.828493,-1.5524347,0.14841762,1.4702795,-20.723066,-8.846106,1.5887784,-0.9346734,0.3535734,-0.03701201,0.0012104877,7.828532,-5.1326075,-0.103227295,-1.7967287,-2.2810354,1.2348368,1
6.7699999999999,,,,,16.023825,-1.0065616,2.5090566,1.5860242,-20.64473,-8.896907,1.5878452,-0.9318186,0.3616242,-0.029460238,-0.008602694,7.838308,-5.027184,-0.08367121,-1.7589214,-1.9021463,1.2463901,1
6.7799999999999,,,,,16.023825,-1.0065616,2.5090566,1.5860242,-20.566309,-8.946636,1.5871063,-0.92883974,0.36926073,-0.024435626,-0.017494999,7.8450513,-4.9183517,-0.06436051,-1.6421359,-1.214145,1.2630559,1
6.7899999999999,,,,,16.023825,-1.0065616,2.5090566,1.5860242,-20.487833,-8.995267,1.5865521,-0.9258431,0.37639633,-0.022386305,-0.025279202,7.8495803,-4.807607,-0.046741977,-1.5434889,-0.6334485,1.2789041,1
6.7999999999998995,,,,,16.023825,-1.0065616,2.5090566,1.5860242,-20.409323,-9.042782,1.5861658,-0.92285115,0.38313448,-0.022848088,-0.03211713,7.8528223,-4.6951046,-0.030787049,-1.4601616,-0.14332145,1.2939745,1
6.809999999999899,,,,,16.211075,-0.1325613,4.3537564,1.326835,-20.330782,-9.089163,1.5859308,-0.9198626,0.38955194,-0.025428744,-0.038147688,7.855556,-4.5809507,-0.016471285,-1.3897734,0.27036178,1.3083056,1
6.819999999999899,,,,,16.211075,-0.1325613,4.3537564,1.326835,-20.25221,-9.134388,1.5858374,-0.91698146,0.39541492,-0.030477077,-0.043161914,7.858527,-4.463883,-0.002473712,-1.1942548,0.9073308,1.309215,1
6.829999999999899,,,,,16.211075,-0.1325613,4.3537564,1.326835,-20.173607,-9.178435,1.585876,-0.91427416,0.4005389,-0.0382496,-0.046990536,7.862627,-4.345388,0.009977108,-1.0291433,1.4449393,1.3100796,1
6.839999999999899,,,,,16.211075,-0.1325613,4.3537564,1.326835,-20.094952,-9.221292,1.5860317,-0.9116645,0.40503493,-0.04831569,-0.04979825,7.8687453,-4.2256184,0.02095075,-0.8897096,1.8986862,1.3109018,1
6.849999999999898,,,,,16.162376,0.7850642,5.0848093,1.1729705,-20.01622,-9.262944,1.5862899,-0.9090743,0.40898743,-0.060310666,-0.05172608,7.87763,-4.1047115,0.030467872,-0.7719606,2.2816532,1.3116837,1
6.859999999999898,,,,,16.162376,0.7850642,5.0848093,1.1729705,-19.937386,-9.303385,1.5866344,-0.90655977,0.41214368,-0.07420244,-0.052733753,7.8898954,-3.98318,0.03820023,-0.5295049,2.7190132,1.304877,1
6.869999999999898,,,,,16.162376,0.7850642,5.0848093,1.1729705,-19.858408,-9.342606,1.587049,-0.9041451,0.41430032,-0.08994557,-0.05278772,7.906255,-3.8609016,0.04450755,-0.32479912,3.088133,1.2984043,1
6.879999999999898,,,,,16.162376,0.7850642,5.0848093,1.1729705,-19.779243,-9.380602,1.5875196,-0.9017141,0.41558057,-0.10723482,-0.05201065,7.927328,-3.7381434,0.04939531,-0.15196633,3.3996606,1.2922492,1
6.8899999999998975,,,,,15.991687,1.1844137,4.3763213,1.085859,-19.699844,-9.417368,1.5880318,-0.8991635,0.41608396,-0.12580942,-0.050509024,7.9536295,-3.6151674,0.052808195,-0.006044209,3.6625817,1.2863961,1
6.899999999999897,,,,,15.991687,1.1844137,4.3763213,1.085859,-19.620153,-9.452911,1.588565,-0.8965113,0.41573682,-0.1451954,-0.048462793,7.985224,-3.4935396,0.053597767,0.17953786,3.774043,1.2765558,1
6.909999999999897,,,,,15.991687,1.1844137,4.3763213,1.085859,-19.54012,-9.48724,1.5890981,-0.8937859,0.41449088,-0.16500469,-0.046017695,8.022607,-3.3722622,0.05278506,0.3361931,3.868096,1.2671983,1
6.919999999999897,,,,,15.991687,1.1844137,4.3763213,1.085859,-19.45968,-9.520358,1.5896147,-0.8909174,0.41245553,-0.18514605,-0.043214843,8.065914,-3.251635,0.05030938,0.4684302,3.9474597,1.2583,1
6.929999999999897,,,,,15.886451,1.3532646,1.8318033,1.0841689,-19.378778,-9.552276,1.5900981,-0.8878473,0.40972286,-0.20554055,-0.04009173,8.115237,-3.1319418,0.04607627,0.58005476,4.0144286,1.2498381,1
6.9399999999998965,,,,,15.886451,1.3532646,1.8318033,1.0841689,-19.297358,-9.583005,1.5905269,-0.88478225,0.40627578,-0.22522217,-0.03708448,8.170204,-3.014227,0.039391972,0.7009327,3.674144,1.2417086,1
6.949999999999896,,,,,15.886451,1.3532646,1.8318033,1.0841689,-19.215357,-9.612565,1.59088,-0.8819513,0.4021292,-0.24343576,-0.034538846,8.230746,-2.8979146,0.030966427,0.80291295,3.3869104,1.233978,1
6.959999999999896,,,,,15.886451,1.3532646,1.8318033,1.0841689,-19.132725,-9.640968,1.5911409,-0.87932956,0.39739487,-0.26040193,-0.032365657,8.296403,-2.7831674,0.020945545,0.88895005,3.144457,1.2266269,1
6.969999999999896,,,,,15.476714,1.2165114,-1.0303756,1.1873984,-19.049412,-9.668233,1.591294,-0.8768876,0.39216435,-0.27630654,-0.03049154,8.366788,-2.6701162,0.009455424,0.9615365,2.939803,1.2196363,1
6.979999999999896,,,,,15.476714,1.2165114,-1.0303756,1.1873984,-18.965382,-9.69439,1.5913144,-0.87490433,0.3865265,-0.29030877,-0.029330116,8.43958,-2.561722,-0.0055581783,1.0017939,2.3206863,1.2180545,1
6.989999999999895,,,,,15.476714,1.2165114,-1.0303756,1.1873984,-18.880608,-9.719472,1.5911796,-0.8736437,0.38056818,-0.30176395,-0.029203633,8.515889,-2.455042,-0.021510996,1.035695,1.7981156,1.2165502,1
6.999999999999895,,,,,15.476714,1.2165114,-1.0303756,1.1873984,-18.795055,-9.743496,1.5908823,-0.87303907,0.3743499,-0.31107667,-0.02993467,8.595009,-2.3500042,-0.038005926,1.0642437,1.3570353,1.2151196,1
7.009999999999895,,,,,15.43519,0.91401017,-3.8730395,1.3500748,-18.7087,-9.766477,1.5904188,-0.87301594,0.36791638,-0.3185844,-0.031375337,8.676362,-2.2465377,-0.05468794,1.088285,0.98473793,1.2137593,1
7.019999999999895,,,,,15.43519,0.91401017,-3.8730395,1.3500748,-18.621523,-9.788433,1.5897881,-0.87382156,0.36136422,-0.32358003,-0.033874903,8.759185,-2.1448317,-0.07142238,1.0617043,0.22715373,1.2204484,1
7.0299999999998946,,,,,15.43519,0.91401017,-3.8730395,1.3500748,-18.533512,-9.809378,1.588993,-0.87564796,0.35476553,-0.3255158,-0.037700113,8.842887,-2.0444236,-0.087445825,1.0391811,-0.41228294,1.2268091,1
7.039999999999894,,,,,15.43519,0.91401017,-3.8730395,1.3500748,-18.444664,-9.829324,1.5880436,-0.87833166,0.34811202,-0.3248603,-0.042627588,8.926666,-1.94513,-0.102202915,1.0200953,-0.9519975,1.2328578,1
7.049999999999894,,,,,15.519395,0.36490935,-5.210706,1.4278826,-18.35498,-9.848283,1.5869551,-0.88171285,0.3413901,-0.32200253,-0.048470445,9.0098505,-1.8468186,-0.115219,1.0039222,-1.4075415,1.2386097,1
7.059999999999894,,,,,15.519395,0.36490935,-5.210706,1.4278826,-18.26447,-9.8662615,1.5857491,-0.8857365,0.33474752,-0.3167854,-0.05533258,9.092282,-1.7488594,-0.12560628,0.9047588,-2.0007176,1.2478975,1
7.069999999999894,,,,,15.519395,0.36490935,-5.210706,1.4278826,-18.173141,-9.883264,1.5844519,-0.89032733,0.32829064,-0.30909118,-0.06328433,9.172787,-1.65165,-0.13341017,0.8209906,-2.5013773,1.2567295,1
7.0799999999998935,,,,,15.519395,0.36490935,-5.210706,1.4278826,-18.081022,-9.899297,1.583091,-0.89531124,0.32194838,-0.29927093,-0.07213649,9.250671,-1.5550922,-0.13826759,0.7502264,-2.9239495,1.265128,1
7.089999999999893,,,,,15.568622,-0.30902967,-5.4408264,1.2758512,-17.98814,-9.914367,1.5816976,-0.90052956,0.31565943,-0.2876205,-0.081729546,9.325331,-1.4591608,-0.13989756,0.69044715,-3.2806137,1.2731144,1
7.099999999999893,,,,,15.568622,-0.30902967,-5.4408264,1.2758512,-17.894527,-9.92848,1.5803064,-0.9057836,0.30961257,-0.27427837,-0.09201706,9.396442,-1.3635764,-0.13778421,0.53485894,-3.6176267,1.2732487,1
7.109999999999893,,,,,15.568622,-0.30902967,-5.4408264,1.2758512,-17.800226,-9.941641,1.5789541,-0.9109021,0.30395555,-0.25936437,-0.102947354,9.463218,-1.2686387,-0.13213728,0.40349108,-3.902063,1.2733763,1
7.119999999999893,,,,,15.568622,-0.30902967,-5.4408264,1.2758512,-17.70528,-9.9538555,1.5776759,-0.9157894,0.29858533,-0.24308693,-0.114389226,9.525146,-1.174378,-0.12292934,0.2925731,-4.142124,1.2734977,1
7.129999999999892,,,,,15.666256,-1.0710847,-5.2606697,0.9560986,-17.609743,-9.965131,1.5765076,-0.9203616,0.29341555,-0.22562604,-0.12623174,9.581775,-1.0808839,-0.11018349,0.19892198,-4.3447337,1.2736133,1
7.139999999999892,,,,,15.666256,-1.0710847,-5.2606697,0.9560986,-17.513664,-9.975474,1.5754876,-0.9244471,0.2886739,-0.20715317,-0.13839073,9.633023,-0.9876968,-0.09326507,0.0009380579,-4.487737,1.2580327,1
7.149999999999892,,,,,15.666256,-1.0710847,-5.2606697,0.9560986,-17.417105,-9.98489,1.5746536,-0.927915,0.28454232,-0.1878124,-0.15078337,9.678164,-0.8954667,-0.07306355,-0.16618909,-4.6084113,1.2432166,1
7.159999999999892,,,,,15.666256,-1.0710847,-5.2606697,0.9560986,-17.320126,-9.993387,1.574037,-0.93075037,0.2808919,-0.16771355,-0.16332574,9.716862,-0.80426955,-0.049819,-0.30726793,-4.710242,1.2291275,1
7.169999999999892,,,,,15.453472,-1.486403,-3.2615316,0.8011933,-17.222792,-10.000978,1.5736668,-0.93294007,0.27761355,-0.14695415,-0.1759478,9.748835,-0.71422607,-0.023787078,-0.4263579,-4.7961726,1.21573,1
7.179999999999891,,,,,15.453472,-1.486403,-3.2615316,0.8011933,-17.125175,-10.007681,1.5735612,-0.9343294,0.27492127,-0.12633435,-0.18837754,9.773544,-0.62667465,0.0030166367,-0.5919212,-4.556969,1.1953886,1
7.189999999999891,,,,,15.453472,-1.486403,-3.2615316,0.8011933,-17.027346,-10.013515,1.5737342,-0.9348607,0.2730045,-0.10650057,-0.20040241,9.791527,-0.54040635,0.03184807,-0.73162735,-4.3550463,1.1760453,1
7.199999999999891,,,,,15.453472,-1.486403,-3.2615316,0.8011933,-16.92937,-10.018495,1.5742037,-0.9346472,0.27174145,-0.08732495,-0.21204956,9.80296,-0.45540017,0.062280834,-0.8495149,-4.184593,1.1576512,1
7.209999999999891,,,,,15.443229,-1.8333529,-0.78419524,0.81023854,-16.831312,-10.022629,1.5749841,-0.9337785,0.27102587,-0.06870009,-0.2233436,9.808004,-0.37165058,0.09394296,-0.9489919,-4.040706,1.1401597,1
7.2199999999998905,,,,,15.443229,-1.8333529,-0.78419524,0.81023854,-16.733232,-10.025932,1.5760853,-0.93223727,0.27112377,-0.05143079,-0.23405086,9.806857,-0.28918773,0.12639923,-1.0873221,-3.532946,1.1239704,1
7.22999999999989,,,,,15.443229,-1.8333529,-0.78419524,0.81023854,-16.635195,-10.028416,1.5775138,-0.9300706,0.27226278,-0.036149222,-0.24399655,9.800022,-0.20774214,0.15932164,-1.2040102,-3.1043534,1.1085755,1
7.23999999999989,,,,,15.443229,-1.8333529,-0.78419524,0.81023854,-16.53725,-10.030088,1.5792722,-0.92741597,0.27429974,-0.022538763,-0.2532799,9.788029,-0.12704955,0.19234091,-1.3024434,-2.7425845,1.093936,1
7.24999999999989,,,,,14.962295,-1.6079743,2.0947347,0.74131835,-16.439451,-10.030958,1.58136,-0.9243744,0.27710745,-0.01033158,-0.26198485,9.77132,-0.046873864,0.22516243,-1.3854783,-2.4372213,1.0800148,1
7.25999999999989,,,,,14.962295,-1.6079743,2.0947347,0.74131835,-16.341839,-10.031039,1.5837536,-0.92104787,0.28079855,-0.0003869119,-0.2698561,9.750996,0.030537572,0.25347537,-1.4206924,-1.7304745,1.0633948,1
7.269999999999889,,,,,14.962295,-1.6079743,2.0947347,0.74131835,-16.244444,-10.030347,1.5864272,-0.9175511,0.28547126,0.006629791,-0.27669802,9.727286,0.10808286,0.28111652,-1.4503238,-1.1339408,1.0475904,1
7.279999999999889,,,,,14.962295,-1.6079743,2.0947347,0.74131835,-16.1473,-10.028876,1.5893731,-0.91394943,0.29099438,0.011187462,-0.28265375,9.70095,0.1861898,0.30788526,-1.4752592,-0.63043326,1.0325615,1
7.289999999999889,,,,,15.340314,-0.93815625,4.7319355,0.6991329,-16.05043,-10.026621,1.5925815,-0.91027623,0.2972488,0.013680834,-0.28784156,9.672616,0.265236,0.33362177,-1.4962436,-0.20544499,1.0182703,1
7.299999999999889,,,,,15.340314,-0.93815625,4.7319355,0.6991329,-15.953856,-10.023558,1.596057,-0.9066417,0.30418998,0.013406459,-0.29204294,9.64212,0.3476049,0.36128956,-1.4097154,0.5646087,1.00261,1
7.309999999999889,,,,,15.340314,-0.93815625,4.7319355,0.6991329,-15.857591,-10.019662,1.5998027,-0.9031205,0.31177697,0.009826204,-0.29507867,9.611082,0.43176576,0.38763058,-1.3365885,1.2145618,0.9877182,1
7.319999999999888,,,,,15.340314,-0.93815625,4.7319355,0.6991329,-15.761635,-10.014914,1.6038046,-0.8996582,0.31990758,0.0034680204,-0.29708898,9.580388,0.5181684,0.41251162,-1.2747899,1.7631457,0.97355723,1
7.329999999999888,,,,,15.683304,0.05996403,5.5024385,0.5797878,-15.66598,-10.00929,1.6080475,-0.8961879,0.3284858,-0.005223359,-0.2981891,9.550786,0.6071854,0.43578398,-1.2225662,2.2261705,0.9600911,1
7.339999999999888,,,,,15.683304,0.05996403,5.5024385,0.5797878,-15.570617,-10.00275,1.6125276,-0.8927731,0.33715764,-0.016263105,-0.29835585,9.522313,0.70116496,0.45996383,-1.0228428,2.73724,0.9414295,1
7.349999999999888,,,,,15.683304,0.05996403,5.5024385,0.5797878,-15.475526,-9.995256,1.61724,-0.88944656,0.3456322,-0.029641198,-0.2975642,9.496388,0.7983143,0.48221636,-0.85420746,3.1685848,0.9236836,1
7.3599999999998875,,,,,15.683304,0.05996403,5.5024385,0.5797878,-15.380678,-9.9867735,1.6221646,-0.886097,0.35390902,-0.044976313,-0.29590115,9.473719,0.8987583,0.5024018,-0.7118232,3.5326416,0.9068085,1
7.369999999999887,,,,,15.895327,0.9544505,5.5999603,0.28304374,-15.286038,-9.977269,1.6272802,-0.8826231,0.3619824,-0.061944388,-0.29344165,9.454901,1.0025636,0.5203375,-0.5916047,3.839908,0.89076155,1
7.379999999999887,,,,,15.895327,0.9544505,5.5999603,0.28304374,-15.191566,-9.966703,1.6325706,-0.8790736,0.36954194,-0.08039516,-0.29018053,9.440255,1.1111772,0.5373533,-0.35057762,4.114534,0.86094064,1
7.389999999999887,,,,,15.895327,0.9544505,5.5999603,0.28304374,-15.097217,-9.955035,1.638018,-0.875484,0.37634066,-0.100188576,-0.28610757,9.430574,1.2230694,0.55172133,-0.14710888,4.346303,0.83258307,1
7.399999999999887,,,,,15.895327,0.9544505,5.5999603,0.28304374,-15.002936,-9.942231,1.6435953,-0.8717509,0.38245443,-0.12108194,-0.28127918,9.426337,1.338054,0.5632702,0.024652205,4.541903,0.805617,1
7.4099999999998865,,,,,15.912395,1.748104,4.3695273,0.30320692,-14.90867,-9.928263,1.6492732,-0.8677849,0.38794506,-0.14286716,-0.27574754,9.4279375,1.4559156,0.57179123,0.16964564,4.70698,0.7799741,1
7.419999999999886,,,,,15.912395,1.748104,4.3695273,0.30320692,-14.814356,-9.913103,1.6550207,-0.86371344,0.3924556,-0.165028,-0.26970944,9.435689,1.5765162,0.57718754,0.41590327,4.654474,0.75657904,1
7.429999999999886,,,,,15.912395,1.748104,4.3695273,0.30320692,-14.7199335,-9.896726,1.6608057,-0.8596726,0.39572138,-0.18714859,-0.26333013,9.449745,1.699307,0.5792921,0.623748,4.6101303,0.73433197,1
7.439999999999886,,,,,15.912395,1.748104,4.3695273,0.30320692,-14.625339,-9.879111,1.6665952,-0.85559964,0.39791223,-0.20919894,-0.25661388,9.470191,1.8238444,0.57808673,0.7991718,4.5726814,0.7131766,1
7.449999999999886,,,,,15.924361,2.5296428,1.4692339,0.17713735,-14.530507,-9.860244,1.6723559,-0.8514381,0.39917052,-0.23115265,-0.2495681,9.49708,1.949716,0.5735255,0.9472316,4.541056,0.69305927,1
7.459999999999885,,,,,15.924361,2.5296428,1.4692339,0.17713735,-14.435374,-9.840112,1.6780543,-0.8475571,0.39907253,-0.25207484,-0.24258217,9.530415,2.0765991,0.5656699,1.1942914,4.062099,0.6677428,1
7.469999999999885,,,,,15.924361,2.5296428,1.4692339,0.17713735,-14.339878,-9.818709,1.6836588,-0.844322,0.3973233,-0.27124003,-0.2359729,9.569854,2.203848,0.5547905,1.4027722,3.6578119,0.6436687,1
7.479999999999885,,,,,15.924361,2.5296428,1.4692339,0.17713735,-14.2439575,-9.796035,1.6891413,-0.8416647,0.39419976,-0.28890756,-0.22965042,9.61503,2.3309474,0.5413098,1.5786998,3.3165548,0.6207759,1
7.489999999999885,,,,,14.975705,1.9194599,-1.3433174,0.56604743,-14.147558,-9.772092,1.6944774,-0.8395116,0.38992938,-0.3052953,-0.22353952,9.665633,2.4574714,0.5255925,1.7271584,3.028502,0.5990064,1
7.4999999999998845,,,,,14.975705,1.9194599,-1.3433174,0.56604743,-14.050645,-9.746925,1.6996225,-0.83804274,0.38464406,-0.3196103,-0.21813372,9.718014,2.5755818,0.50319934,1.7574161,2.346729,0.5973891,1
7.509999999999884,,,,,14.975705,1.9194599,-1.3433174,0.56604743,-13.953185,-9.720584,1.704537,-0.8374397,0.3784727,-0.331252,-0.21383399,9.774563,2.692545,0.47958183,1.7829123,1.7712766,0.5958511,1
7.519999999999884,,,,,14.975705,1.9194599,-1.3433174,0.56604743,-13.855141,-9.69308,1.7092117,-0.837617,0.3715753,-0.34064335,-0.21045524,9.834645,2.8081574,0.45530564,1.8043964,1.2855641,0.59438866,1
7.529999999999884,,,,,14.868014,1.346072,-3.9304862,0.7283178,-13.756481,-9.664427,1.7136425,-0.8384814,0.36407775,-0.34813613,-0.20783947,9.897738,2.922264,0.43086192,1.8225,0.8755967,0.59299797,1
7.539999999999884,,,,,14.868014,1.346072,-3.9304862,0.7283178,-13.657181,-9.6346445,1.7178272,-0.8402179,0.35605162,-0.35311595,-0.20632476,9.962884,3.0339358,0.40618438,1.7484897,0.12606964,0.5996382,1
7.5499999999998835,,,,,14.868014,1.346072,-3.9304862,0.7283178,-13.5572195,-9.603753,1.7217693,-0.84296864,0.3475571,-0.3551091,-0.20616746,10.029816,3.1439145,0.3824496,1.6859816,-0.5065656,0.6059526,1
7.559999999999883,,,,,14.868014,1.346072,-3.9304862,0.7283178,-13.456582,-9.571773,1.7254816,-0.84657156,0.33866337,-0.35456944,-0.20713206,10.097828,3.2521365,0.36029452,1.6331874,-1.0405385,0.61195713,1
7.569999999999883,,,,,14.788869,0.65376985,-5.8861976,0.5107322,-13.355262,-9.538718,1.7289826,-0.85086876,0.32942092,-0.3518734,-0.20901838,10.166324,3.358533,0.34025306,1.5885969,-1.4912362,0.617667,1
7.579999999999883,,,,,14.788869,0.65376985,-5.8861976,0.5107322,-13.253258,-9.504612,1.7322936,-0.85589933,0.31994763,-0.34659943,-0.21198598,10.234387,3.4624715,0.32236645,1.4430795,-2.1766915,0.6124197,1
7.589999999999883,,,,,14.788869,0.65376985,-5.8861976,0.5107322,-13.150578,-9.469477,1.7354409,-0.8616589,0.31033006,-0.33841452,-0.21613489,10.301649,3.5644562,0.3076021,1.3202088,-2.7552402,0.60742986,1
7.599999999999882,,,,,14.788869,0.65376985,-5.8861976,0.5107322,-13.047232,-9.433331,1.7384582,-0.86793953,0.3005574,-0.32772517,-0.22122818,10.367379,3.6643958,0.29645592,1.2164612,-3.243556,0.60268486,1
7.609999999999882,,,,,14.112898,0.3037306,-6.113921,0.46077102,-12.943237,-9.396195,1.7413837,-0.8745499,0.29061708,-0.31487307,-0.22706513,10.430937,3.762157,0.2893058,1.128861,-3.6557121,0.59817266,1
7.619999999999882,,,,,14.112898,0.3037306,-6.113921,0.46077102,-12.838635,-9.358118,1.7442373,-0.88129306,0.28061134,-0.30007386,-0.23352729,10.488972,3.8532114,0.2820685,1.0003068,-4.021357,0.59143037,1
7.629999999999882,,,,,14.112898,0.3037306,-6.113921,0.46077102,-12.733468,-9.31914,1.7470396,-0.88799715,0.2706213,-0.2835144,-0.24050826,10.54386,3.9418683,0.27905706,0.891777,-4.3299704,0.5850189,1
7.6399999999998816,,,,,14.112898,0.3037306,-6.113921,0.46077102,-12.62777,-9.279289,1.7498331,-0.89453536,0.26060787,-0.26542562,-0.24786821,10.5951185,4.0279465,0.28034177,0.8001525,-4.5904484,0.578922,1
7.649999999999881,,,,,13.692663,-0.02956919,-5.907973,0.50793,-12.521581,-9.238591,1.752661,-0.9007969,0.25053912,-0.24600725,-0.25548965,10.64232,4.111237,0.2859178,0.7228003,-4.810299,0.5731243,1
7.659999999999881,,,,,13.692663,-0.02956919,-5.907973,0.50793,-12.4149475,-9.197087,1.7555499,-0.90664333,0.2405183,-0.22543345,-0.26330212,10.683805,4.189126,0.29249588,0.6055222,-4.981526,0.5699252,1
7.669999999999881,,,,,13.692663,-0.02956919,-5.907973,0.50793,-12.30792,-9.15482,1.7585244,-0.9119642,0.23062958,-0.20385657,-0.27124414,10.720639,4.2639027,0.30300936,0.50652355,-5.126043,0.5668831,1
7.679999999999881,,,,,13.692663,-0.02956919,-5.907973,0.50793,-12.200551,-9.111821,1.7616228,-0.9167078,0.22082424,-0.18141013,-0.27923718,10.752518,4.3353724,0.31725138,0.4229554,-5.248016,0.5639903,1
7.6899999999998805,,,,,13.0620985,-0.63474786,-5.5647264,0.5232428,-12.092889,-9.068125,1.7648813,-0.92083025,0.21106258,-0.15821217,-0.2872156,10.77918,4.4033327,0.3349759,0.3524127,-5.350962,0.56123936,1
7.69999999999988,,,,,13.0620985,-0.63474786,-5.5647264,0.5232428,-11.984992,-9.023782,1.768306,-0.92422515,0.201576,-0.13442464,-0.29513505,10.799426,4.464629,0.35041365,0.1984712,-5.3843546,0.5593749,1
7.70999999999988,,,,,13.0620985,-0.63474786,-5.5647264,0.5232428,-11.876919,-8.978846,1.771899,-0.92682254,0.19255179,-0.110185996,-0.30295628,10.814299,4.522286,0.3685568,0.06853506,-5.412531,0.5576019,1
7.71999999999988,,,,,13.0620985,-0.63474786,-5.5647264,0.5232428,-11.768724,-8.933351,1.7756853,-0.92863566,0.18390064,-0.08556315,-0.31063646,10.823645,4.5762167,0.38904035,-0.041138776,-5.4363055,0.55591583,1
7.72999999999988,,,,,12.732951,-1.1501878,-4.512777,0.5460081,-11.660465,-8.887335,1.7796866,-0.9296746,0.17554736,-0.060616836,-0.31814072,10.827347,4.6263256,0.4114944,-0.13371037,-5.456366,0.5543126,1
7.739999999999879,,,,,12.732951,-1.1501878,-4.512777,0.5460081,-11.552197,-8.840843,1.7839051,-0.9298958,0.16775693,-0.03572849,-0.32538384,10.825383,4.6713705,0.43245837,-0.2922839,-5.3092713,0.5539051,1
7.749999999999879,,,,,12.732951,-1.1501878,-4.512777,0.5460081,-11.443977,-8.7939205,1.7883395,-0.9293054,0.16074473,-0.01120609,-0.33230534,10.817872,4.7126646,0.45455682,-0.42611966,-5.1851068,0.5535176,1
7.759999999999879,,,,,12.732951,-1.1501878,-4.512777,0.5460081,-11.335859,-8.746602,1.7929988,-0.9279732,0.15438414,0.012998097,-0.33891293,10.804873,4.750289,0.47739017,-0.53907675,-5.0802975,0.55314904,1
7.769999999999879,,,,,12.501325,-1.7910817,-2.0631466,0.7381907,-11.227898,-8.698927,1.7978885,-0.92595434,0.14856693,0.03692267,-0.3452141,10.786457,4.784307,0.50058806,-0.63441217,-4.991827,0.5527986,1
7.779999999999879,,,,,12.501325,-1.7910817,-2.0631466,0.7381907,-11.120146,-8.650931,1.8029996,-0.923304,0.14378195,0.05977795,-0.351088,10.7631645,4.8142567,0.5215924,-0.81493133,-4.53517,0.56189597,1
7.789999999999878,,,,,12.501325,-1.7910817,-2.0631466,0.7381907,-11.012651,-8.602653,1.8083193,-0.920143,0.14042543,0.08094673,-0.35646152,10.734951,4.8411016,0.5422744,-0.9672787,-4.1497207,0.57054675,1
7.799999999999878,,,,,12.501325,-1.7910817,-2.0631466,0.7381907,-10.905462,-8.554119,1.8138431,-0.9165841,0.13828363,0.10069045,-0.36140317,10.70213,4.865231,0.5623556,-1.0958507,-3.8243742,0.578773,1
7.809999999999878,,,,,11.4703865,-1.5206085,1.2191312,0.6636447,-10.798624,-8.505357,1.8195637,-0.9127072,0.13717246,0.11922981,-0.36596888,10.66497,4.886977,0.58161306,-1.2043567,-3.549759,0.58659565,1
7.819999999999878,,,,,11.4703865,-1.5206085,1.2191312,0.6636447,-10.692161,-8.456395,1.825424,-0.90876406,0.1373192,0.13551699,-0.37003532,10.627156,4.9050465,0.59028065,-1.253953,-2.806075,0.59037644,1
7.8299999999998775,,,,,11.4703865,-1.5206085,1.2191312,0.6636447,-10.586092,-8.40726,1.831366,-0.9050183,0.1389069,0.1487435,-0.37352592,10.58613,4.921744,0.5979831,-1.2957739,-2.1783652,0.59397167,1
7.839999999999877,,,,,11.4703865,-1.5206085,1.2191312,0.6636447,-10.480447,-8.357964,1.8373802,-0.90151185,0.1417255,0.15940051,-0.3765386,10.542404,4.937596,0.60473144,-1.3310378,-1.6485441,0.5973905,1
7.849999999999877,,,,,11.380493,-1.636077,4.005335,0.9661533,-10.375251,-8.30851,1.8434573,-0.89825284,0.14559293,0.1678994,-0.37914896,10.4964,4.9530544,0.61056,-1.3607726,-1.2013462,0.60064155,1
7.859999999999877,,,,,11.380493,-1.636077,4.005335,0.9661533,-10.270524,-8.2589035,1.8495843,-0.8954006,0.1508243,0.1735966,-0.38127893,10.448873,4.968426,0.614715,-1.4040186,-0.38940036,0.6185773,1
7.869999999999877,,,,,11.380493,-1.636077,4.005335,0.9661533,-10.16628,-8.20914,1.8557491,-0.89307356,0.15766269,0.17600055,-0.3828648,10.399974,4.9844427,0.61812246,-1.4404868,0.2959255,0.635633,1
7.879999999999876,,,,,11.380493,-1.636077,4.005335,0.9661533,-10.062528,-8.15921,1.8619447,-0.8911837,0.16586177,0.17562841,-0.38397366,10.3502,5.0017085,0.6208975,-1.4712372,0.87437755,0.6518517,1
7.889999999999876,,,,,10.984919,-1.5145237,5.386623,0.8788512,-9.959277,-8.109099,1.8681654,-0.88963145,0.17520817,0.17291115,-0.38465476,10.299965,5.020737,0.62312526,-1.4971642,1.3626225,0.6672746,1
7.899999999999876,,,,,10.984919,-1.5145237,5.386623,0.8788512,-9.856521,-8.058792,1.8743883,-0.8884213,0.1856846,0.16770005,-0.38484424,10.251391,5.0412416,0.62139195,-1.5001572,1.9901518,0.67765665,1
7.909999999999876,,,,,10.984919,-1.5145237,5.386623,0.8788512,-9.754248,-8.008266,1.8805916,-0.88752455,0.19726124,0.15989226,-0.38447666,10.203152,5.0643578,0.61923283,-1.5026474,2.5198193,0.68752927,1
7.919999999999876,,,,,10.984919,-1.5145237,5.386623,0.8788512,-9.652454,-7.9574947,1.8867713,-0.88679516,0.20974739,0.14988074,-0.38358274,10.155646,5.090517,0.61665696,-1.5047177,2.9668858,0.6969175,1
7.929999999999875,,,,,10.904379,-1.0998421,5.578956,0.6257766,-9.551131,-7.9064445,1.8929231,-0.8860989,0.2229769,0.13799648,-0.38218662,10.10923,5.1200747,0.6136229,-1.5064375,3.344233,0.70584494,1
7.939999999999875,,,,,10.904379,-1.0998421,5.578956,0.6257766,-9.450264,-7.8550816,1.8990384,-0.88537544,0.23668309,0.124395065,-0.38028538,10.064551,5.1530704,0.6093546,-1.4431798,3.6927698,0.7019159,1
7.949999999999875,,,,,10.904379,-1.0998421,5.578956,0.6257766,-9.349834,-7.80337,1.905108,-0.8845693,0.25064296,0.10921787,-0.37787065,10.021601,5.1899314,0.60445076,-1.3897612,3.9869473,0.6981797,1
7.959999999999875,,,,,10.904379,-1.0998421,5.578956,0.6257766,-9.2498255,-7.7512693,1.9111248,-0.88357526,0.26477998,0.092705615,-0.3749553,9.980683,5.230809,0.5987823,-1.3446515,4.235244,0.69462687,1
7.9699999999998745,,,,,11.260705,-0.46953264,5.5163364,0.44731814,-9.150213,-7.698739,1.9170804,-0.8823025,0.27902645,0.07506431,-0.3715526,9.942072,5.2758083,0.5921857,-1.3065585,4.4448156,0.6912484,1
7.979999999999874,,,,,11.260705,-0.46953264,5.5163364,0.44731814,-9.050981,-7.6457305,1.9229795,-0.88075334,0.29308948,0.05640587,-0.36768204,9.904838,5.326589,0.5874297,-1.176064,4.6119866,0.6792787,1
7.989999999999874,,,,,11.260705,-0.46953264,5.5163364,0.44731814,-8.952106,-7.5921926,1.9288245,-0.87893623,0.3067339,0.03683406,-0.36335686,9.870511,5.3816504,0.5813512,-1.065908,4.753076,0.6678963,1
7.999999999999874,,,,,11.260705,-0.46953264,5.5163364,0.44731814,-8.85356,-7.5380836,1.9346013,-0.87678784,0.3199814,0.016502563,-0.3585835,9.839337,5.4409175,0.57376945,-0.97292095,4.8721538,0.6570724,1
8.009999999999874,,,,,11.684339,0.23495625,4.355074,0.43245408,-8.755308,-7.483361,1.9402939,-0.87425417,0.33284858,-0.0044559776,-0.3533711,9.811532,5.5042934,0.56448466,-0.8944274,4.972653,0.64677966,1
8.019999999999873,,,,,11.684339,0.23495625,4.355074,0.43245408,-8.657321,-7.427972,1.9459008,-0.8713981,0.34494105,-0.025619576,-0.34788543,9.786356,5.574172,0.55656695,-0.71822685,4.876421,0.6362626,1
8.029999999999873,,,,,11.684339,0.23495625,4.355074,0.43245408,-8.559567,-7.3718643,1.951418,-0.8683115,0.35596138,-0.046646055,-0.34227225,9.764957,5.647884,0.5465494,-0.5695137,4.795183,0.62626165,1
8.039999999999873,,,,,11.684339,0.23495625,4.355074,0.43245408,-8.462008,-7.315002,1.9568242,-0.864987,0.36605096,-0.0675373,-0.3365151,9.7474,5.7251196,0.53433466,-0.44399962,4.7266026,0.6167515,1
8.049999999999873,,,,,11.917484,1.0815908,1.3983418,0.55322015,-8.364606,-7.2573504,1.9620968,-0.86141443,0.37532827,-0.08829437,-0.3306016,9.73373,5.8055954,0.5198217,-0.33806592,4.6687074,0.6077079,1
8.059999999999873,,,,,11.917484,1.0815908,1.3983418,0.55322015,-8.267322,-7.198871,1.9672207,-0.85783374,0.38321728,-0.108018704,-0.324957,9.723751,5.890672,0.50456285,-0.116462305,4.158784,0.6050342,1
8.069999999999872,,,,,11.917484,1.0815908,1.3983418,0.55322015,-8.170118,-7.1395283,1.9721805,-0.8545181,0.38930044,-0.12600943,-0.31994534,9.717516,5.978247,0.48704007,0.07054924,3.728368,0.6024917,1
8.079999999999872,,,,,11.917484,1.0815908,1.3983418,0.55322015,-8.07296,-7.0792994,1.9769547,-0.8514828,0.39387673,-0.14253372,-0.31547064,9.71476,6.067835,0.46747443,0.22836849,3.3650634,0.60007393,1
8.089999999999872,,,,,11.723198,0.91366124,-1.7219445,0.56632733,-7.9758124,-7.0181665,1.9815238,-0.84872323,0.39719304,-0.15781748,-0.31144762,9.715259,6.159043,0.44607067,0.36155236,3.0584054,0.5977748,1
8.099999999999872,,,,,11.723198,0.91366124,-1.7219445,0.56632733,-7.8786445,-6.9561224,1.9858643,-0.8464082,0.39912704,-0.17097454,-0.30831465,9.71871,6.250018,0.42182243,0.4479458,2.3129458,0.59623164,1
8.109999999999872,,,,,11.723198,0.91366124,-1.7219445,0.56632733,-7.78143,-6.8931637,1.989956,-0.8447105,0.39960808,-0.18132287,-0.30642912,9.724624,6.3418393,0.39636353,0.52081984,1.6837347,0.59476423,1
8.119999999999871,,,,,11.723198,0.91366124,-1.7219445,0.56632733,-7.6841455,-6.8292837,1.9937888,-0.84359765,0.39888468,-0.18931003,-0.30560607,9.732481,6.434141,0.37010816,0.5822899,1.1526442,0.5933688,1
8.129999999999871,,,,,11.293004,1.0640172,-5.1484623,0.43649942,-7.586775,-6.76448,1.9973568,-0.84301734,0.3971566,-0.19531009,-0.30568233,9.74185,6.526634,0.34342527,0.63414073,0.7043731,0.5920419,1
8.139999999999871,,,,,11.293004,1.0640172,-5.1484623,0.43649942,-7.4893064,-6.698768,2.0006442,-0.8432086,0.39411858,-0.19849236,-0.30703416,9.751937,6.615666,0.31406248,0.7015307,-0.20835085,0.58440936,1
8.14999999999987,,,,,11.293004,1.0640172,-5.1484623,0.43649942,-7.391734,-6.632168,2.00364,-0.84434444,0.38952762,-0.19820987,-0.30994013,9.762477,6.7042685,0.28518394,0.75834876,-0.9787403,0.5771514,1
8.15999999999987,,,,,11.293004,1.0640172,-5.1484623,0.43649942,-7.2940574,-6.5646853,2.0063512,-0.846254,0.383606,-0.1949929,-0.31413004,9.772868,6.7920766,0.2573313,0.8062547,-1.6289917,0.5702496,1
8.16999999999987,,,,,11.112862,1.0193614,-5.913837,0.21209577,-7.196279,-6.4963303,2.0087914,-0.8487642,0.37653002,-0.18928327,-0.31936735,9.782605,6.87876,0.23095182,0.84664726,-2.1778398,0.56368643,1
8.17999999999987,,,,,11.112862,1.0193614,-5.913837,0.21209577,-7.0984097,-6.427122,2.0109708,-0.85176706,0.3683631,-0.18117407,-0.32554054,9.79112,6.9626446,0.20523852,0.8737652,-2.7604663,0.5464338,1
8.18999999999987,,,,,11.112862,1.0193614,-5.913837,0.21209577,-7.000462,-6.357083,2.0129037,-0.85514396,0.35915327,-0.1707527,-0.3325363,9.798143,7.044779,0.18165872,0.8966112,-3.2522342,0.53002775,1
8.19999999999987,,,,,11.112862,1.0193614,-5.913837,0.21209577,-6.902453,-6.2862325,2.0146124,-0.8587227,0.34901097,-0.15835378,-0.3401616,9.803299,7.1248245,0.1604642,0.91586035,-3.6673121,0.5144267,1
8.20999999999987,,,,,10.99378,0.96802574,-5.905261,0.05908034,-6.804403,-6.2145944,2.0161216,-0.8623489,0.33802897,-0.1442617,-0.34825063,9.806274,7.202448,0.14182428,0.9320799,-4.01766,0.49959126,1
8.21999999999987,,,,,10.99378,0.96802574,-5.905261,0.05908034,-6.7063355,-6.142197,2.0174537,-0.8658862,0.32630834,-0.12870903,-0.3566469,9.806802,7.2765164,0.124953285,0.9377208,-4.312042,0.47797528,1
8.229999999999869,,,,,10.99378,0.96802574,-5.905261,0.05908034,-6.608276,-6.0690746,2.0186298,-0.8692184,0.31393585,-0.11189576,-0.36521527,9.804703,7.347546,0.110726885,0.94246316,-4.560515,0.45742,1
8.239999999999869,,,,,10.99378,0.96802574,-5.905261,0.05908034,-6.5102515,-5.995258,2.019677,-0.872247,0.30096698,-0.09400465,-0.37385347,9.799807,7.415228,0.09911019,0.9464515,-4.770239,0.43787336,1
8.249999999999869,,,,,10.835909,0.7052482,-5.836608,-0.19514853,-6.41229,-5.9207826,2.0206208,-0.8748884,0.28745157,-0.07519455,-0.38247475,9.79198,7.479263,0.09001721,0.9498067,-4.9472556,0.41928592,1
8.259999999999868,,,,,10.835909,0.7052482,-5.836608,-0.19514853,-6.314421,-5.8456903,2.0214791,-0.8770532,0.27354002,-0.055578798,-0.390978,9.781275,7.538504,0.08200182,0.9116059,-5.085978,0.38913542,1
8.269999999999868,,,,,10.835909,0.7052482,-5.836608,-0.19514853,-6.2166743,-5.770026,2.022268,-0.87867475,0.25935805,-0.035257436,-0.39927462,9.767497,7.5936246,0.07615731,0.8793571,-5.203063,0.36046442,1
8.279999999999868,,,,,10.835909,0.7052482,-5.836608,-0.19514853,-6.1190815,-5.693833,2.0230088,-0.8797186,0.24491523,-0.014342913,-0.40731448,9.750587,7.6444,0.07226451,0.8521339,-5.3018856,0.33320034,1
8.289999999999868,,,,,10.875589,0.43026897,-5.7258263,-0.35507637,-6.021673,-5.617154,2.0237193,-0.8801564,0.23022237,0.007065278,-0.41505608,9.730514,7.6906195,0.070080295,0.8291544,-5.3852944,0.30727407,1
8.299999999999867,,,,,10.875589,0.43026897,-5.7258263,-0.35507637,-5.9244823,-5.540036,2.0244174,-0.8799498,0.21540661,0.028890194,-0.4224368,9.707182,7.7322435,0.069695026,0.7668438,-5.438429,0.27477235,1
8.309999999999867,,,,,10.875589,0.43026897,-5.7258263,-0.35507637,-5.8275404,-5.4625263,2.0251174,-0.8790762,0.20057252,0.051063426,-0.42940342,9.680667,7.768955,0.07045994,0.7142527,-5.4832726,0.24386549,1
8.319999999999867,,,,,10.875589,0.43026897,-5.7258263,-0.35507637,-5.73088,-5.3846745,2.0258296,-0.8775352,0.18570131,0.07351288,-0.43593803,9.650989,7.800631,0.07206359,0.6698659,-5.5211186,0.21447524,1
8.329999999999867,,,,,10.863557,-0.061266553,-5.0063868,-0.31163234,-5.634532,-5.3065314,2.0265605,-0.8753265,0.17077914,0.09617372,-0.44202685,9.618186,7.8271604,0.074188575,0.63240415,-5.5530596,0.18652716,1
8.339999999999867,,,,,10.863557,-0.061266553,-5.0063868,-0.31163234,-5.5385275,-5.228149,2.0273135,-0.8724502,0.15609762,0.11882269,-0.44759867,9.582357,7.8484445,0.076398864,0.524129,-5.467828,0.16208231,1
8.349999999999866,,,,,10.863557,-0.061266553,-5.0063868,-0.31163234,-5.4428954,-5.14958,2.028088,-0.86893654,0.14189388,0.14128138,-0.4526082,9.54355,7.864546,0.07846691,0.43274733,-5.3958826,0.138837,1
8.359999999999866,,,,,10.863557,-0.061266553,-5.0063868,-0.31163234,-5.3476663,-5.0708756,2.0288813,-0.86482364,0.128085,0.16355522,-0.45708114,9.501855,7.8755345,0.080065675,0.35562375,-5.335153,0.11673233,1
8.369999999999866,,,,,10.843132,-0.25327432,-3.2361393,-0.43951872,-5.2528677,-4.9920864,2.029687,-0.86014134,0.114601284,0.18564643,-0.46104023,9.457373,7.881477,0.08088561,0.29053357,-5.283891,0.09571235,1
8.379999999999866,,,,,10.843132,-0.25327432,-3.2361393,-0.43951872,-5.158527,-4.9132633,2.0304947,-0.85505885,0.10177623,0.20698611,-0.46440497,9.410314,7.8824706,0.0804551,0.2056218,-4.9645543,0.069448404,1
8.389999999999866,,,,,10.843132,-0.25327432,-3.2361393,-0.43951872,-5.0646696,-4.8344536,2.0312917,-0.8497698,0.08987746,0.22713622,-0.46714213,9.360793,7.878796,0.07873626,0.13396814,-4.695015,0.044473242,1
8.399999999999865,,,,,10.843132,-0.25327432,-3.2361393,-0.43951872,-4.971319,-4.7557025,2.0320644,-0.84431887,0.078760356,0.24627213,-0.46933112,9.309012,7.870755,0.0755545,0.073502,-4.4675064,0.020723615,1
8.409999999999865,,,,,10.379324,-0.36881217,0.175684,-0.28530002,-4.878497,-4.6770525,2.0327973,-0.8387352,0.06830117,0.26454097,-0.47103652,9.255148,7.85861,0.0707636,0.022475705,-4.2754765,-0.0018606107,1
8.419999999999865,,,,,10.379324,-0.36881217,0.175684,-0.28530002,-4.786211,-4.59854,2.0334542,-0.8334089,0.059083138,0.28094885,-0.47223473,9.201762,7.84333,0.06034581,-0.03857746,-3.5813198,-0.015769066,1
8.429999999999865,,,,,10.379324,-0.36881217,0.175684,-0.28530002,-4.6944666,-4.5201964,2.033999,-0.82872266,0.05156842,0.29474095,-0.4729548,9.1468315,7.824938,0.048364274,-0.09009738,-2.9954157,-0.028995033,1
8.439999999999864,,,,,10.379324,-0.36881217,0.175684,-0.28530002,-4.6032786,-4.44205,2.0344167,-0.82465935,0.04549381,0.30634785,-0.47330457,9.090619,7.8039947,0.034962956,-0.13357414,-2.5008826,-0.041571993,1
8.449999999999864,,,,,10.302779,-0.38415188,3.5651853,-0.010199539,-4.512658,-4.364124,2.034694,-0.82118106,0.040634673,0.3161275,-0.47336346,9.033331,7.780969,0.020292025,-0.17026456,-2.0834713,-0.05353179,1
8.459999999999864,,,,,10.302779,-0.38415188,3.5651853,-0.010199539,-4.4226127,-4.2864356,2.034816,-0.8186613,0.03745818,0.32326907,-0.47316667,8.975578,7.756486,0.0039215568,-0.20358765,-1.2025656,-0.051405463,1
8.469999999999864,,,,,10.302779,-0.38415188,3.5651853,-0.010199539,-4.3331485,-4.2089972,2.03477,-0.81740564,0.036326237,0.32715178,-0.4727569,8.917203,7.7310305,-0.013190344,-0.231721,-0.45903695,-0.049383465,1
8.479999999999864,,,,,10.302779,-0.38415188,3.5651853,-0.010199539,-4.244271,-4.131816,2.0345507,-0.8172513,0.03691987,0.32829642,-0.47218394,8.858458,7.705248,-0.030674152,-0.25547254,0.16853872,-0.04746069,1
8.489999999999863,,,,,11.190941,-0.14663461,5.5867286,-0.348017,-4.1559806,-4.0548916,2.0341558,-0.8180326,0.038968828,0.32713172,-0.47147423,8.799549,7.679681,-0.048209213,-0.27552453,0.6982442,-0.045632266,1
8.499999999999863,,,,,11.190941,-0.14663461,5.5867286,-0.348017,-4.068305,-3.9782305,2.0336215,-0.81987584,0.042534,0.3233058,-0.47060278,8.735592,7.6526694,-0.05854,-0.25538784,1.4606026,-0.060470376,1
8.509999999999863,,,,,11.190941,-0.14663461,5.5867286,-0.348017,-3.9812677,-3.9018333,2.032987,-0.8228442,0.047647696,0.31654602,-0.46952626,8.67195,7.6270356,-0.06823177,-0.23838352,2.1040711,-0.074580364,1
8.519999999999863,,,,,11.190941,-0.14663461,5.5867286,-0.348017,-3.894864,-3.8256829,2.0322604,-0.8266927,0.05405956,0.30728185,-0.4682241,8.608918,7.603366,-0.07694585,-0.22402611,2.6471908,-0.08799798,1
8.529999999999863,,,,,11.504318,0.27035135,5.831319,-0.3052629,-3.8090863,-3.7497573,2.0314527,-0.8311972,0.061556872,0.295871,-0.46667063,8.546769,7.582164,-0.08443155,-0.21190514,3.1056113,-0.10075719,1
8.539999999999862,,,,,11.504318,0.27035135,5.831319,-0.3052629,-3.7239332,-3.674032,2.0305896,-0.8361929,0.06986665,0.282454,-0.4648858,8.484066,7.563349,-0.08793721,-0.13664678,3.5306802,-0.11079236,1
8.549999999999862,,,,,11.504318,0.27035135,5.831319,-0.3052629,-3.6393998,-3.5984786,2.029699,-0.8415273,0.07876029,0.2671569,-0.46287668,8.422863,7.5478916,-0.08986674,-0.07312567,3.8894594,-0.12033509,1
8.559999999999862,,,,,11.504318,0.27035135,5.831319,-0.3052629,-3.5554698,-3.5230615,2.0287976,-0.84702927,0.088129714,0.25023884,-0.4606019,8.363476,7.5361147,-0.090151675,-0.019512082,4.1922874,-0.12940955,1
8.569999999999862,,,,,11.763783,0.554827,6.0077677,-0.3270709,-3.4721231,-3.4477427,2.0279016,-0.85255027,0.09788206,0.2319217,-0.45802668,8.306207,7.528292,-0.08879257,0.025738396,4.44789,-0.13803872,1
8.579999999999862,,,,,11.763783,0.554827,6.0077677,-0.3270709,-3.3893437,-3.3724818,2.0270386,-0.8579894,0.10787018,0.21228701,-0.4551388,8.250112,7.524569,-0.08356818,0.10829952,4.6899323,-0.14731458,1
8.589999999999861,,,,,11.763783,0.554827,6.0077677,-0.3270709,-3.3071115,-3.297236,2.0262356,-0.86325485,0.117970265,0.19141272,-0.45192277,8.196801,7.525312,-0.076817036,0.17798285,4.894229,-0.15613528,1
8.599999999999861,,,,,11.763783,0.554827,6.0077677,-0.3270709,-3.225397,-3.22196,2.0255072,-0.86824006,0.12813939,0.16947298,-0.44834957,8.146591,7.5306706,-0.06868084,0.23679663,5.0666666,-0.16452314,1
8.60999999999986,,,,,12.365546,0.21108553,6.441513,0.22100823,-3.1441681,-3.1466067,2.0248663,-0.8728544,0.13833992,0.1466198,-0.44439697,8.09977,7.540756,-0.05934784,0.28643593,5.2122126,-0.17249939,1
8.61999999999986,,,,,12.365546,0.21108553,6.441513,0.22100823,-3.0634005,-3.0711248,2.0243516,-0.87697196,0.14866862,0.12303794,-0.440089,8.054394,7.556412,-0.04350343,0.27463195,5.3350725,-0.15318985,1
8.62999999999986,,,,,12.365546,0.21108553,6.441513,0.22100823,-2.9830666,-2.9954607,2.023999,-0.880484,0.15919912,0.09888285,-0.43545896,8.013084,7.577198,-0.026935969,0.26466712,5.4387712,-0.13482784,1
8.63999999999986,,,,,12.365546,0.21108553,6.441513,0.22100823,-2.9031243,-2.919563,2.0238142,-0.8833446,0.16986853,0.07424038,-0.4305046,7.9760337,7.6031604,-0.009969532,0.25625592,5.5262985,-0.117366865,1
8.64999999999986,,,,,12.766855,-0.09291375,6.042823,0.41283217,-2.8235307,-2.84338,2.0238,-0.88551617,0.18062179,0.049187824,-0.42522493,7.943419,7.6343093,0.007052048,0.24915676,5.6001754,-0.10076272,1
8.65999999999986,,,,,12.766855,-0.09291375,6.042823,0.41283217,-2.7442448,-2.7668536,2.0239732,-0.88693637,0.19151942,0.023842301,-0.4196361,7.914483,7.6718054,0.02749329,0.19572207,5.6625347,-0.07556047,1
8.66999999999986,,,,,12.766855,-0.09291375,6.042823,0.41283217,-2.6652243,-2.6899257,2.0243478,-0.8875534,0.20260464,-0.0016970029,-0.4137586,7.8903933,7.7146072,0.04721886,0.15062284,5.7151666,-0.051594913,1
8.67999999999986,,,,,12.766855,-0.09291375,6.042823,0.41283217,-2.5864198,-2.6125436,2.024914,-0.88735473,0.21380843,-0.027387511,-0.40759808,7.871233,7.762659,0.06581928,0.11255939,5.7595887,-0.028805345,1
8.68999999999986,,,,,12.741699,-0.15922394,4.960318,0.5042841,-2.5077825,-2.5346549,2.0256588,-0.886332,0.22507049,-0.053188913,-0.4011591,7.8570685,7.8158717,0.0828835,0.08043468,5.797083,-0.007134069,1
8.699999999999859,,,,,12.741699,-0.15922394,4.960318,0.5042841,-2.4292612,-2.4562094,2.026564,-0.8845021,0.23619671,-0.07868689,-0.3945558,7.8479505,7.873996,0.09778506,0.04296646,5.666591,0.017961364,1
8.709999999999859,,,,,12.741699,-0.15922394,4.960318,0.5042841,-2.3508062,-2.3771584,2.0276067,-0.88191956,0.24703914,-0.10355179,-0.38789874,7.8437715,7.9368944,0.11039807,0.011349609,5.5564485,0.041825365,1
8.719999999999859,,,,,12.741699,-0.15922394,4.960318,0.5042841,-2.2723691,-2.2974558,2.0287628,-0.87862694,0.2576104,-0.12786233,-0.3811846,7.8444157,8.0043,0.120405845,-0.015329543,5.463481,0.06451835,1
8.729999999999858,,,,,12.353882,-0.018456113,2.1897066,0.43825534,-2.193902,-2.2170577,2.0300047,-0.8746589,0.26792002,-0.1516835,-0.37440866,7.84977,8.075954,0.12751247,-0.03784224,5.385011,0.08609778,1
8.739999999999858,,,,,12.353882,-0.018456113,2.1897066,0.43825534,-2.1153595,-2.1359344,2.0312865,-0.87025553,0.27751935,-0.17412215,-0.3678571,7.8593826,8.149266,0.12836546,-0.03484635,4.886705,0.10337825,1
8.749999999999858,,,,,12.353882,-0.018456113,2.1897066,0.43825534,-2.0367002,-2.054061,2.0325615,-0.8657002,0.28608212,-0.19449034,-0.36179098,7.873058,8.225952,0.1261363,-0.03231004,4.466109,0.11981077,1
8.759999999999858,,,,,12.353882,-0.018456113,2.1897066,0.43825534,-1.9578857,-1.9714056,2.033799,-0.86106044,0.29377574,-0.21311352,-0.35616353,7.890408,8.305562,0.12088495,-0.030164,4.1111045,0.13543694,1
8.769999999999857,,,,,12.086625,0.24784,-1.4496955,0.31126517,-1.8788807,-1.887941,2.034969,-0.8563778,0.30073816,-0.23026611,-0.35092762,7.911102,8.38772,0.11268412,-0.028348858,3.8114634,0.15029632,1
8.779999999999857,,,,,12.086625,0.24784,-1.4496955,0.31126517,-1.7996558,-1.8036525,2.0360334,-0.8520716,0.306492,-0.24497057,-0.34644634,7.9342947,8.470251,0.09977829,0.014787266,2.9909933,0.15819511,1
8.789999999999857,,,,,12.086625,0.24784,-1.4496955,0.31126517,-1.7201865,-1.7185302,2.0369565,-0.84854025,0.3106892,-0.2564836,-0.3430259,7.9598966,8.554438,0.084533766,0.051191624,2.2984743,0.16570629,1
8.799999999999857,,,,,12.086625,0.24784,-1.4496955,0.31126517,-1.6404513,-1.6325598,2.0377176,-0.84574866,0.31359968,-0.2653274,-0.3405361,7.9873714,8.63982,0.06744642,0.08191387,1.713953,0.17284891,1
8.809999999999857,,,,,12.405929,0.4108778,-3.8595934,0.16846167,-1.560434,-1.545731,2.0383005,-0.8436373,0.31544155,-0.2719358,-0.33885512,8.016274,8.726041,0.048964504,0.107839875,1.2205873,0.17964104,1
8.819999999999856,,,,,12.405929,0.4108778,-3.8595934,0.16846167,-1.4801183,-1.4580256,2.0387037,-0.84242797,0.31601626,-0.27587366,-0.33814457,8.047,8.815082,0.031599548,0.15519127,0.42834118,0.17909245,1
8.829999999999856,,,,,12.405929,0.4108778,-3.8595934,0.16846167,-1.3994923,-1.3694289,2.0389311,-0.84228534,0.31517294,-0.2768117,-0.33852008,8.078273,8.904279,0.013852751,0.19514333,-0.24035531,0.17857079,1
8.839999999999856,,,,,12.405929,0.4108778,-3.8595934,0.16846167,-1.3185527,-1.2799407,2.0389817,-0.84304845,0.3131327,-0.27521887,-0.33981028,8.109603,8.993265,-0.0036835358,0.22885232,-0.80476964,0.17807473,1
8.849999999999856,,,,,12.983625,0.62423956,-6.0115533,0.09898639,-1.2373013,-1.1895653,2.03886,-0.8445591,0.31007418,-0.271484,-0.34186226,8.14058,9.081727,-0.02051066,0.25729403,-1.2811644,0.17760302,1
8.859999999999856,,,,,12.983625,0.62423956,-6.0115533,0.09898639,-1.1557364,-1.0982887,2.038595,-0.84692514,0.30577815,-0.26523182,-0.34477386,8.172238,9.1734495,-0.032345053,0.314599,-2.0170584,0.17374529,1
8.869999999999855,,,,,12.983625,0.62423956,-6.0115533,0.09898639,-1.0738609,-1.0061008,2.03822,-0.85018635,0.30006465,-0.25617,-0.3485982,8.202644,9.263891,-0.04239751,0.36295134,-2.6381915,0.17007686,1
8.879999999999855,,,,,12.983625,0.62423956,-6.0115533,0.09898639,-0.99168956,-0.9130167,2.0377553,-0.85410106,0.29311746,-0.2447059,-0.3531457,8.231318,9.352614,-0.05015111,0.4037501,-3.16246,0.16658843,1
8.889999999999855,,,,,12.888212,0.8359504,-6.057292,-0.17960188,-0.9092419,-0.81905574,2.0372262,-0.85844994,0.2850883,-0.23118146,-0.3582498,8.257848,9.439198,-0.0552163,0.43817538,-3.60497,0.16327116,1
8.899999999999855,,,,,12.888212,0.8359504,-6.057292,-0.17960188,-0.82654214,-0.72424453,2.0366576,-0.86307365,0.27603903,-0.21590666,-0.36371696,8.281694,9.522618,-0.058022607,0.50020444,-3.9784725,0.14644627,1
8.909999999999854,,,,,12.888212,0.8359504,-6.057292,-0.17960188,-0.74361753,-0.6286134,2.0360763,-0.8678305,0.2660258,-0.19914381,-0.36937988,8.302766,9.603108,-0.057706255,0.55254924,-4.2937293,0.130447,1
8.919999999999854,,,,,12.888212,0.8359504,-6.057292,-0.17960188,-0.6604971,-0.5321938,2.0355144,-0.8725631,0.25515935,-0.1810978,-0.3751401,8.320816,9.680269,-0.054177485,0.5967232,-4.559823,0.11523281,1
8.929999999999854,,,,,12.844693,0.9078352,-5.8473144,-0.38500977,-0.5772122,-0.43502074,2.0350037,-0.8771366,0.24353543,-0.16194573,-0.38091305,8.33563,9.753721,-0.04742985,0.6340024,-4.7844214,0.10076518,1
8.939999999999854,,,,,12.844693,0.9078352,-5.8473144,-0.38500977,-0.49379644,-0.33713448,2.034575,-0.8814439,0.23123996,-0.14190042,-0.38658538,8.346991,9.822869,-0.03789596,0.6766405,-4.950187,0.07692808,1
8.949999999999854,,,,,12.844693,0.9078352,-5.8473144,-0.38500977,-0.4102846,-0.23857844,2.0342565,-0.88540035,0.21834941,-0.12114368,-0.39206272,8.354814,9.887626,-0.02535868,0.71262693,-5.090102,0.054260656,1
8.959999999999853,,,,,12.844693,0.9078352,-5.8473144,-0.38500977,-0.32671267,-0.1393981,2.0340776,-0.8889302,0.2049295,-0.09977812,-0.39730397,8.358997,9.947682,-0.010008926,0.7430006,-5.2081985,0.03270553,1
8.969999999999853,,,,,13.125486,0.8049913,-5.703694,-0.43887952,-0.24311744,-0.03964194,2.0340652,-0.89197034,0.19103855,-0.07789483,-0.40227452,8.359461,10.00275,0.007918073,0.7686377,-5.307878,0.012208114,1
8.979999999999853,,,,,13.125486,0.8049913,-5.703694,-0.43887952,-0.15953673,0.060644396,2.0342567,-0.89446,0.17678928,-0.055608574,-0.406932,8.35607,10.05366,0.030734176,0.7742301,-5.3696165,-0.009926876,1
8.989999999999853,,,,,13.125486,0.8049913,-5.703694,-0.43887952,-0.07600945,0.16141208,2.0346868,-0.8963563,0.1622775,-0.033018887,-0.41124246,8.348773,10.098988,0.05558146,0.77895254,-5.4217267,-0.030975709,1
8.999999999999853,,,,,13.125486,0.8049913,-5.703694,-0.43887952,0.0074252337,0.26260433,2.0353742,-0.89763427,0.14752948,-0.010181936,-0.41519082,8.337549,10.138545,0.082112774,0.78294104,-5.4657097,-0.05099167,1
9.009999999999852,,,,,13.017734,0.83830714,-5.1366153,-0.49207625,0.09072803,0.36416262,2.0363336,-0.8982736,0.13256964,0.012851097,-0.4187649,8.322396,10.172171,0.109963134,0.78631026,-5.5028334,-0.07002544,1
9.019999999999852,,,,,13.017734,0.83830714,-5.1366153,-0.49207625,0.17386049,0.46602574,2.0375712,-0.8982707,0.11750454,0.035824858,-0.42192218,8.3034935,10.199504,0.13771078,0.7943481,-5.445733,-0.0907356,1
9.029999999999852,,,,,13.017734,0.83830714,-5.1366153,-0.49207625,0.25678492,0.5681319,2.0390894,-0.8976435,0.102424346,0.058531906,-0.42463946,8.280806,10.22077,0.16600345,0.80113703,-5.397537,-0.1104295,1
9.039999999999852,,,,,13.017734,0.83830714,-5.1366153,-0.49207625,0.33946395,0.6704203,2.040892,-0.89640456,0.08732831,0.08099301,-0.42693332,8.254442,10.235954,0.19446024,0.8068712,-5.3568573,-0.12915702,1
9.049999999999851,,,,,12.377174,0.67575675,-3.608969,-0.598709,0.42186147,0.77283007,2.042978,-0.8945638,0.072216965,0.10322368,-0.42881754,8.224513,10.24505,0.2227082,0.81171477,-5.3225203,-0.14696555,1
9.059999999999851,,,,,12.377174,0.67575675,-3.608969,-0.598709,0.5039505,0.8752995,2.0453134,-0.8922077,0.0574119,0.12471859,-0.43024847,8.192792,10.247951,0.24419715,0.79046434,-5.0553026,-0.16913272,1
9.069999999999851,,,,,12.377174,0.67575675,-3.608969,-0.598709,0.58570683,0.9777701,2.0478594,-0.88945925,0.043171465,0.14508347,-0.4312173,8.15803,10.245311,0.26484483,0.7725339,-4.8297563,-0.19021216,1
9.07999999999985,,,,,12.377174,0.67575675,-3.608969,-0.598709,0.6671014,1.0801876,2.0506065,-0.8863678,0.02941077,0.16447869,-0.43177894,8.120456,10.237382,0.28439707,0.7574045,-4.639383,-0.21025722,1
9.08999999999985,,,,,11.725256,0.28358838,-1.5032196,-0.7515211,0.748107,1.1825004,2.0535426,-0.88296866,0.016057353,0.1830396,-0.43197706,8.080275,10.224389,0.30263075,0.7446377,-4.4786983,-0.22931865,1
9.09999999999985,,,,,11.725256,0.28358838,-1.5032196,-0.7515211,0.8287098,1.2846633,2.0566235,-0.8794634,0.0035485462,0.20020747,-0.43179598,8.039928,10.207512,0.31331217,0.6727392,-4.0146747,-0.25494325,1
9.10999999999985,,,,,11.725256,0.28358838,-1.5032196,-0.7515211,0.9088987,1.3866364,2.0598035,-0.87606907,-0.0077744713,0.21555786,-0.43125,7.9975657,10.186491,0.32249716,0.61205846,-3.6230145,-0.2793105,1
9.11999999999985,,,,,11.725256,0.28358838,-1.5032196,-0.7515211,0.98865503,1.4883804,2.0630682,-0.8728167,-0.018099105,0.22937591,-0.43040615,7.953442,10.161769,0.33017403,0.56084406,-3.2924328,-0.302482,1
9.12999999999985,,,,,11.249602,-0.021962445,0.74528635,-0.9974805,1.0679622,1.5898602,2.066402,-0.8697187,-0.0275845,0.24190134,-0.4293152,7.907768,10.133717,0.33635262,0.51761746,-3.0134048,-0.32451653,1
9.13999999999985,,,,,11.249602,-0.021962445,0.74528635,-0.9974805,1.1468152,1.6910505,2.0697694,-0.86702096,-0.035881087,0.25260735,-0.4279906,7.862643,10.10395,0.33690432,0.43354124,-2.4272308,-0.35753906,1
9.14999999999985,,,,,11.249602,-0.021962445,0.74528635,-0.9974805,1.2252114,1.791931,2.0731359,-0.8649493,-0.042723373,0.26109543,-0.42645726,7.816469,10.071823,0.33622456,0.36258087,-1.9324696,-0.3889412,1
9.15999999999985,,,,,11.249602,-0.021962445,0.74528635,-0.9974805,1.3031417,1.8924806,2.0764902,-0.863462,-0.048348345,0.26772097,-0.4247595,7.7694883,10.037822,0.3345182,0.3026874,-1.5148659,-0.41880238,1
9.169999999999849,,,,,10.682089,-0.26201296,2.5402424,-1.4256117,1.380599,1.9926825,2.0798235,-0.8625071,-0.052955262,0.27278033,-0.42292705,7.721896,10.002348,0.33197832,0.25213253,-1.1623874,-0.44719827,1
9.179999999999849,,,,,10.682089,-0.26201296,2.5402424,-1.4256117,1.4575876,2.092531,2.0831094,-0.8622435,-0.056382198,0.27595466,-0.42095777,7.675925,9.967328,0.32473677,0.1807001,-0.5935507,-0.49441803,1
9.189999999999849,,,,,10.682089,-0.26201296,2.5402424,-1.4256117,1.5341179,2.1920278,2.0863154,-0.86281425,-0.058444623,0.2769784,-0.4188292,7.630122,9.931959,0.31642464,0.11181241,-0.10481869,-0.5401119,1
9.199999999999848,,,,,10.682089,-0.26201296,2.5402424,-1.4256117,1.6101902,2.2911696,2.0894377,-0.8641116,-0.05935314,0.27617967,-0.4165481,7.5843287,9.896384,0.30803514,0.053667724,0.3076961,-0.58356357,1
9.209999999999848,,,,,10.391017,-0.44164652,3.8047626,-1.442574,1.6858052,2.3899562,2.0924766,-0.866027,-0.059297856,0.273837,-0.4141177,7.53872,9.860953,0.29979697,0.004586867,0.65587884,-0.6248831,1
9.219999999999848,,,,,10.391017,-0.44164652,3.8047626,-1.442574,1.7609719,2.4883952,2.0954223,-0.86860144,-0.05816682,0.2697737,-0.4115451,7.4946938,9.826933,0.28945556,-0.06477393,1.1469753,-0.6650075,1
9.229999999999848,,,,,10.391017,-0.44164652,3.8047626,-1.442574,1.835701,2.5864978,2.0982673,-0.8718457,-0.055879034,0.26385626,-0.40882945,7.451205,9.79372,0.27968884,-0.12332932,1.5614841,-0.7031629,1
9.239999999999847,,,,,10.391017,-0.44164652,3.8047626,-1.442574,1.9099987,2.6842737,2.1010187,-0.8756199,-0.052621756,0.25635695,-0.4059569,7.4084496,9.761658,0.27070144,-0.17276573,1.9113487,-0.73944604,1
9.249999999999847,,,,,10.365949,-0.23212329,4.33915,-1.3883457,1.9838732,2.7817361,2.1036847,-0.879798,-0.04855175,0.24750464,-0.4029129,7.3666096,9.731035,0.26264971,-0.21450613,2.2066505,-0.7739487,1
9.259999999999847,,,,,10.365949,-0.23212329,4.33915,-1.3883457,2.0573351,2.878901,2.1062741,-0.88431257,-0.043786738,0.23727036,-0.39971972,7.3259597,9.702176,0.25543168,-0.21703644,2.5392182,-0.80409735,1
9.269999999999847,,,,,10.365949,-0.23212329,4.33915,-1.3883457,2.130397,2.9757864,2.108797,-0.8890919,-0.038426917,0.22563948,-0.39638963,7.286611,9.675243,0.24936992,-0.21918981,2.819922,-0.8327666,1
9.279999999999847,,,,,10.365949,-0.23212329,4.33915,-1.3883457,2.2030728,3.0724132,2.1112657,-0.89402574,-0.032569587,0.21281047,-0.3928967,7.2487783,9.650449,0.24453565,-0.22102404,3.0568495,-0.86002904,1
9.289999999999846,,,,,10.090329,0.72463614,3.490464,-1.1365122,2.2753787,3.1688035,2.1136923,-0.8990181,-0.026296498,0.19895254,-0.38921943,7.21266,9.627972,0.2409592,-0.22258814,3.256828,-0.8859537,1
9.299999999999846,,,,,10.090329,0.72463614,3.490464,-1.1365122,2.3473375,3.264984,2.1160765,-0.90390265,-0.020146996,0.18436965,-0.385436,7.1793523,9.608474,0.23608492,-0.07482162,3.293179,-0.8982487,1
9.309999999999846,,,,,10.090329,0.72463614,3.490464,-1.1365122,2.4189732,3.3609812,2.118418,-0.9085639,-0.014552465,0.16931868,-0.381615,7.148077,9.591329,0.23237,0.049896695,3.3238723,-0.90994036,1
9.319999999999846,,,,,10.090329,0.72463614,3.490464,-1.1365122,2.4903069,3.4568183,2.1207278,-0.9129926,-0.009430493,0.15386935,-0.37772834,7.1190014,9.576466,0.22973882,0.15516144,3.3497887,-0.92105836,1
9.329999999999846,,,,,9.524687,1.5099341,2.4217336,-1.1141237,2.5613613,3.552518,2.123016,-0.9171796,-0.0047109565,0.13808122,-0.37375385,7.092271,9.563821,0.2281073,0.244007,3.371672,-0.93163073,1
9.339999999999845,,,,,9.524687,1.5099341,2.4217336,-1.1141237,2.6321678,3.6481051,2.1252656,-0.9210611,-0.00078163046,0.12228196,-0.36971885,7.069371,9.553901,0.22192232,0.44135663,3.2234073,-0.94058573,1
9.349999999999845,,,,,9.524687,1.5099341,2.4217336,-1.1141237,2.7027574,3.7436023,2.1274574,-0.9246096,0.0020543882,0.10673977,-0.36564815,7.0488873,9.545796,0.21648288,0.6079413,3.0982811,-0.9491013,1
9.359999999999845,,,,,9.524687,1.5099341,2.4217336,-1.1141237,2.7731543,3.839027,2.1295977,-0.9278615,0.0039665145,0.09142037,-0.36152282,7.0308814,9.539292,0.21168222,0.7485573,2.992683,-0.95719904,1
9.369999999999845,,,,,8.941028,1.9457406,1.6419818,-1.0112404,2.8433838,3.9343932,2.1316926,-0.9308433,0.005098269,0.07629392,-0.3573278,7.0154047,9.5342,0.20742169,0.86725265,2.9035652,-0.96489936,1
9.379999999999844,,,,,8.941028,1.9457406,1.6419818,-1.0112404,2.9134753,4.0297165,2.1337187,-0.9335506,0.005298691,0.061563622,-0.35307813,7.0032854,9.530578,0.19782951,1.0353227,2.706715,-0.96717334,1
9.389999999999844,,,,,8.941028,1.9457406,1.6419818,-1.0112404,2.9834576,4.125008,2.1356504,-0.93599147,0.0044557275,0.047391046,-0.34878823,6.993575,9.527889,0.1885674,1.1772009,2.5405796,-0.9693357,1
9.399999999999844,,,,,8.941028,1.9457406,1.6419818,-1.0112404,3.0533547,4.2202764,2.1374907,-0.93819654,0.002733859,0.03369553,-0.34444636,6.9862623,9.525916,0.17955354,1.2969689,2.4003668,-0.971392,1
9.409999999999844,,,,,8.098759,2.7026575,-0.31728554,-1.2268456,3.1231909,4.3155274,2.1392422,-0.94018763,0.00027202017,0.02040812,-0.34004334,6.9813323,9.52447,0.1707135,1.3980726,2.2820313,-0.9733473,1
9.419999999999844,,,,,8.098759,2.7026575,-0.31728554,-1.2268456,3.1929908,4.410767,2.140864,-0.9419799,-0.0033630007,0.0081055155,-0.3355528,6.9789968,9.523464,0.153559,1.6012803,1.8765275,-0.9857866,1
9.429999999999843,,,,,8.098759,2.7026575,-0.31728554,-1.2268456,3.2627778,4.5059967,2.142314,-0.94360626,-0.008504518,-0.0027557202,-0.3309473,6.978677,9.522459,0.1364379,1.772832,1.5342797,-0.9976155,1
9.439999999999843,,,,,8.098759,2.7026575,-0.31728554,-1.2268456,3.332571,4.601215,2.1435924,-0.945095,-0.014910299,-0.012392933,-0.32621828,6.980241,9.521149,0.119298056,1.9176594,1.2454208,-1.0088638,1
9.449999999999843,,,,,8.155318,3.1387177,-2.5160503,-1.146655,3.4023888,4.6964173,2.144699,-0.9464598,-0.02237629,-0.02099082,-0.32135865,6.9835706,9.519271,0.10209373,2.0399265,1.0016232,-1.0195602,1
9.459999999999843,,,,,8.155318,3.1387177,-2.5160503,-1.146655,3.4722483,4.7915974,2.1456366,-0.9477191,-0.031176891,-0.027928276,-0.31634676,6.988573,9.516564,0.08534665,2.21092,0.4529215,-1.0257968,1
9.469999999999843,,,,,8.155318,3.1387177,-2.5160503,-1.146655,3.542165,4.8867445,2.1464057,-0.9488867,-0.04151605,-0.03271952,-0.31115708,6.9949856,9.5126915,0.06845338,2.3553004,-0.010193534,-1.0317273,1
9.479999999999842,,,,,8.155318,3.1387177,-2.5160503,-1.146655,3.6121519,4.981846,2.147005,-0.94994754,-0.053140704,-0.03569208,-0.3057788,7.0025525,9.507316,0.051374674,2.47721,-0.40107152,-1.0373669,1
9.489999999999842,,,,,8.356257,3.2481608,-3.9880865,-1.0315086,3.6822195,5.0768843,2.1474326,-0.9508756,-0.06583728,-0.037123237,-0.30020297,7.011049,9.500152,0.034064993,2.5801468,-0.7309799,-1.0427296,1
9.499999999999842,,,,,8.356257,3.2481608,-3.9880865,-1.0315086,3.7523766,5.1718407,2.1476953,-0.9516521,-0.079642676,-0.036699355,-0.2943931,7.0204844,9.490728,0.018454034,2.6839788,-1.2389933,-1.042179,1
9.509999999999842,,,,,8.356257,3.2481608,-3.9880865,-1.0315086,3.8226306,5.266691,2.1478002,-0.95224136,-0.09457134,-0.034183323,-0.28831056,7.0303535,9.478934,0.0024861214,2.7716725,-1.6677716,-1.0416554,1
9.519999999999841,,,,,8.356257,3.2481608,-3.9880865,-1.0315086,3.8929842,5.36141,2.1477435,-0.95258427,-0.11042578,-0.029895622,-0.28194764,7.0403576,9.464508,-0.013919893,2.845736,-2.0296726,-1.0411574,1
9.529999999999841,,,,,9.00296,2.7758043,-4.671789,-1.2331344,3.9634376,5.4559712,2.14752,-0.9526221,-0.12703767,-0.024108255,-0.27530006,7.0502334,9.447246,-0.030863028,2.9082875,-2.3351276,-1.0406839,1
9.539999999999841,,,,,9.00296,2.7758043,-4.671789,-1.2331344,4.033992,5.550337,2.1471553,-0.9523374,-0.14415689,-0.01674358,-0.26831076,7.060468,9.425416,-0.042227108,2.8873637,-2.6995325,-1.0501276,1
9.54999999999984,,,,,9.00296,2.7758043,-4.671789,-1.2331344,4.104645,5.6444683,2.1466727,-0.95170903,-0.1615734,-0.0077565615,-0.26092628,7.069984,9.400231,-0.054423146,2.8697383,-3.0071099,-1.0591079,1
9.55999999999984,,,,,9.00296,2.7758043,-4.671789,-1.2331344,4.175388,5.73833,2.1460636,-0.9506788,-0.1792075,0.0025944463,-0.25315294,7.0784764,9.37161,-0.06759463,2.8548923,-3.2667212,-1.0676475,1
9.56999999999984,,,,,9.560053,2.1846766,-3.7463114,-1.2681851,4.24621,5.831888,2.145317,-0.94919443,-0.1969899,0.0140891345,-0.24500024,7.085678,9.339505,-0.08190011,2.842388,-3.4858472,-1.075768,1
9.57999999999984,,,,,9.560053,2.1846766,-3.7463114,-1.2681851,4.317098,5.925097,2.1444468,-0.9472719,-0.21454759,0.026244272,-0.23654865,7.091714,9.30172,-0.09239991,2.7397678,-3.5264115,-1.0852098,1
9.58999999999984,,,,,9.560053,2.1846766,-3.7463114,-1.2681851,4.3880377,6.01791,2.143464,-0.9449561,-0.23159027,0.038664214,-0.22787634,7.0959806,9.260356,-0.1044249,2.6531565,-3.5606592,-1.0941886,1
9.59999999999984,,,,,9.560053,2.1846766,-3.7463114,-1.2681851,4.4590106,6.110292,2.1423526,-0.94224226,-0.24817303,0.051293567,-0.2189918,7.0983605,9.215569,-0.118106894,2.5800567,-3.589574,-1.1027267,1
9.60999999999984,,,,,9.781246,1.4907548,-1.8337798,-1.4353089,4.529998,6.202209,2.1410956,-0.939125,-0.26434144,0.06408502,-0.20990431,7.0987496,9.167506,-0.13357553,2.5183606,-3.6139863,-1.1108459,1
9.61999999999984,,,,,9.781246,1.4907548,-1.8337798,-1.4353089,4.6009784,6.293625,2.139684,-0.935741,-0.27971917,0.076332584,-0.20079395,7.0970445,9.115157,-0.14907637,2.358272,-3.3362727,-1.1267673,1
9.62999999999984,,,,,9.781246,1.4907548,-1.8337798,-1.4353089,4.6719317,6.3845024,2.1381073,-0.9322538,-0.29403102,0.08747688,-0.1918212,7.093324,9.059919,-0.16654739,2.223124,-3.1018825,-1.1419076,1
9.639999999999839,,,,,9.781246,1.4907548,-1.8337798,-1.4353089,4.742838,6.4748144,2.136346,-0.92868644,-0.3074458,0.09767904,-0.1829656,7.0877132,9.002078,-0.18597636,2.109031,-2.9040575,-1.1563048,1
9.649999999999839,,,,,10.172951,0.2247435,1.4723237,-1.4764186,4.8136797,6.564536,2.134381,-0.92505074,-0.32010382,0.10707597,-0.17420785,7.0803175,8.941876,-0.20734672,2.0127122,-2.7370937,-1.1699957,1
9.659999999999838,,,,,10.172951,0.2247435,1.4723237,-1.4764186,4.8844366,6.653631,2.1322093,-0.92166954,-0.3314445,0.114656106,-0.16589971,7.0708876,8.87691,-0.22743286,1.736644,-2.0827303,-1.184818,1
9.669999999999838,,,,,10.172951,0.2247435,1.4723237,-1.4764186,4.9550924,6.742068,2.1298263,-0.91886497,-0.34103754,0.11961506,-0.15834062,7.060144,8.810265,-0.24943216,1.5012771,-1.528154,-1.199127,1
9.679999999999838,,,,,10.172951,0.2247435,1.4723237,-1.4764186,5.025636,6.829831,2.1272156,-0.9166043,-0.34918725,0.122359544,-0.15143296,7.048485,8.742153,-0.27287704,1.3025582,-1.0600876,-1.2127337,1
9.689999999999838,,,,,10.19929,-0.4710814,3.7795417,-1.269289,5.0960603,6.916907,2.1243644,-0.91483593,-0.3561426,0.12323262,-0.14508739,7.0362644,8.672857,-0.2975098,1.1347797,-0.6650366,-1.2256727,1
9.699999999999838,,,,,10.19929,-0.4710814,3.7795417,-1.269289,5.1663604,7.003284,2.121263,-0.91371167,-0.3617178,0.12172752,-0.13954417,7.023789,8.602435,-0.32289532,0.8848997,0.02829127,-1.227813,1
9.709999999999837,,,,,10.19929,-0.4710814,3.7795417,-1.269289,5.2365375,7.0889535,2.1179044,-0.91333795,-0.3657766,0.117457926,-0.13499607,7.0115776,8.531344,-0.34888685,0.67390364,0.61346465,-1.2298483,1
9.719999999999837,,,,,10.19929,-0.4710814,3.7795417,-1.269289,5.3065953,7.1739097,2.1142845,-0.9135818,-0.3685642,0.11085042,-0.13130084,7.000119,8.459845,-0.37516105,0.49574056,1.1073546,-1.2317836,1
9.729999999999837,,,,,10.495234,-0.96045774,5.1223497,-1.183255,5.376544,7.2581496,2.1104016,-0.9143119,-0.37027752,0.1022634,-0.12833314,6.989833,8.388146,-0.40145627,0.34530127,1.5242012,-1.2336241,1
9.739999999999837,,,,,10.495234,-0.96045774,5.1223497,-1.183255,5.446396,7.3416624,2.106267,-0.9155264,-0.37082633,0.09153568,-0.12617254,6.9808474,8.314358,-0.42546675,0.1421163,2.085494,-1.2311524,1
9.749999999999837,,,,,10.495234,-0.96045774,5.1223497,-1.183255,5.516168,7.424438,2.1018941,-0.9171874,-0.37013745,0.07855344,-0.124875784,6.9739246,8.24079,-0.44903785,-0.029453669,2.5592275,-1.2288021,1
9.759999999999836,,,,,10.495234,-0.96045774,5.1223497,-1.183255,5.585883,7.5064797,2.0972884,-0.91912585,-0.36837688,0.063659884,-0.12430859,6.969506,8.167675,-0.47197783,-0.17432778,2.9590607,-1.2265671,1
9.769999999999836,,,,,10.518117,-1.5136005,5.5311375,-0.97413915,5.655568,7.5877934,2.092457,-0.9211898,-0.36567962,0.047146764,-0.12435428,6.9679723,8.095225,-0.49416476,-0.29665968,3.2965217,-1.2244418,1
9.779999999999836,,,,,10.518117,-1.5136005,5.5311375,-0.97413915,5.725254,7.6683865,2.0874085,-0.9233278,-0.36193046,0.029149102,-0.12498581,6.969661,8.023494,-0.515363,-0.4861921,3.645156,-1.2121594,1
9.789999999999836,,,,,10.518117,-1.5136005,5.5311375,-0.97413915,5.794974,7.7482677,2.0821526,-0.9254756,-0.35703862,0.009790892,-0.12618047,6.9748883,7.952894,-0.5356802,-0.64621353,3.9393952,-1.2004797,1
9.799999999999836,,,,,10.518117,-1.5136005,5.5311375,-0.97413915,5.8647647,7.827449,2.076698,-0.9274913,-0.35113934,-0.010710551,-0.12784879,6.9839277,7.883685,-0.5551034,-0.7813182,4.1877265,-1.1893731,1
9.809999999999835,,,,,10.621856,-1.838713,4.473852,-1.0386775,5.9346657,7.9059467,2.0710537,-0.9292537,-0.3443468,-0.0321674,-0.12991239,6.9970093,7.8161154,-0.5736761,-0.8953851,4.3973126,-1.1788116,1
9.819999999999835,,,,,10.621856,-1.838713,4.473852,-1.0386775,6.0047197,7.983774,2.0652313,-0.9307277,-0.33669376,-0.05400928,-0.13215648,7.0144696,7.749772,-0.59069395,-1.042507,4.409357,-1.1719352,1
9.829999999999835,,,,,10.621856,-1.838713,4.473852,-1.0386775,6.07497,8.060949,2.059242,-0.9319127,-0.3282211,-0.0757724,-0.13441417,7.0361943,7.6855416,-0.60704434,-1.1666862,4.419505,-1.1653962,1
9.839999999999835,,,,,10.621856,-1.838713,4.473852,-1.0386775,6.1454587,8.137494,2.0530922,-0.9327592,-0.31902984,-0.09744959,-0.13668504,7.062146,7.6236234,-0.6228455,-1.2714999,4.4280543,-1.1591783,1
9.849999999999834,,,,,10.850822,-2.0245855,1.4080368,-1.3376553,6.2162275,8.213431,2.0467868,-0.9332256,-0.30920652,-0.1190329,-0.13896632,7.0922813,7.564199,-0.6382346,-1.3599683,4.435258,-1.1532652,1
9.859999999999834,,,,,10.850822,-2.0245855,1.4080368,-1.3376553,6.2873216,8.288781,2.0403376,-0.9334756,-0.29892752,-0.13937175,-0.14085566,7.1272326,7.506193,-0.6515649,-1.4639456,3.9632506,-1.1623133,1
9.869999999999834,,,,,10.850822,-2.0245855,1.4080368,-1.3376553,6.3587847,8.363565,2.0337563,-0.933726,-0.2883574,-0.15756293,-0.14205264,7.165931,7.450919,-0.6646962,-1.5516584,3.5648415,-1.1709174,1
9.879999999999834,,,,,10.850822,-2.0245855,1.4080368,-1.3376553,6.4306517,8.43781,2.0270443,-0.934,-0.27754492,-0.17393284,-0.14268602,7.2079144,7.3983607,-0.67766273,-1.62565,3.2285538,-1.1790992,1
9.889999999999834,,,,,11.592366,-1.729808,-1.7151235,-1.3348542,6.502953,8.511543,2.0202034,-0.93430394,-0.26652762,-0.18875764,-0.14285967,7.252796,7.348498,-0.69048554,-1.6880666,2.9447017,-1.1868796,1
9.899999999999833,,,,,11.592366,-1.729808,-1.7151235,-1.3348542,6.575732,8.584774,2.0132644,-0.9348545,-0.25562608,-0.20112158,-0.14230794,7.3034377,7.298055,-0.6973271,-1.695127,2.2180176,-1.1941408,1
9.909999999999833,,,,,11.592366,-1.729808,-1.7151235,-1.3348542,6.649029,8.657513,2.0062578,-0.9358705,-0.24510297,-0.21031833,-0.1408408,7.3561177,7.250225,-0.70391387,-1.7010049,1.6046585,-1.2010455,1
9.919999999999833,,,,,11.592366,-1.729808,-1.7151235,-1.3348542,6.7228594,8.729786,1.9991875,-0.9373265,-0.23490204,-0.21684246,-0.13863073,7.4101853,7.204765,-0.7101017,-1.7058966,1.0869515,-1.2076114,1
9.929999999999833,,,,,11.475342,-1.1025947,-4.207407,-1.3550447,6.7972355,8.801615,1.9920578,-0.9391764,-0.22497045,-0.22110862,-0.13581598,7.4651012,7.1614695,-0.7157483,-1.7099663,0.6499795,-1.2138553,1
9.939999999999833,,,,,11.475342,-1.1025947,-4.207407,-1.3550447,6.87216,8.873024,1.9848703,-0.9415331,-0.21563004,-0.22256185,-0.13222857,7.519817,7.120559,-0.7216498,-1.6158459,-0.107594565,-1.2207835,1
9.949999999999832,,,,,11.475342,-1.1025947,-4.207407,-1.3550447,6.9476304,8.944032,1.977628,-0.9444765,-0.20712818,-0.2207755,-0.12774666,7.574236,7.081273,-0.72667366,-1.5363158,-0.74701476,-1.2273717,1
9.959999999999832,,,,,11.475342,-1.1025947,-4.207407,-1.3550447,7.0236416,9.014654,1.9703406,-0.9478914,-0.19931771,-0.2162402,-0.12252934,7.6277256,7.043296,-0.73062176,-1.4691135,-1.286709,-1.2336367,1
9.969999999999832,,,,,11.634732,-0.54388887,-5.361249,-1.3606462,7.10018,9.084902,1.9630197,-0.951658,-0.19207153,-0.20936707,-0.11670437,7.679744,7.006381,-0.73333126,-1.4123275,-1.7422305,-1.2395942,1
9.979999999999832,,,,,11.634732,-0.54388887,-5.361249,-1.3606462,7.177233,9.154783,1.9556855,-0.9557112,-0.18554635,-0.20008698,-0.11024018,7.7304974,6.9698243,-0.73333055,-1.2773595,-2.3067183,-1.2455343,1
9.989999999999831,,,,,11.634732,-0.54388887,-5.361249,-1.3606462,7.2547812,9.224301,1.9483584,-0.95996827,-0.17985593,-0.1883571,-0.103118174,7.7787194,6.9338875,-0.731836,-1.1633717,-2.783159,-1.2511828,1
9.999999999999831,,,,,11.634732,-0.54388887,-5.361249,-1.3606462,7.332797,9.293462,1.9410542,-0.9642909,-0.17484215,-0.17453276,-0.09544883,7.823891,6.898355,-0.7287796,-1.0671023,-3.1852856,-1.2565542,1
10.009999999999831,,,,,11.902897,0.41524363,-5.416224,-1.3482624,7.4112473,9.362269,1.9337884,-0.968552,-0.17037156,-0.15891607,-0.08732248,7.865555,6.863076,-0.72414243,-0.9857967,-3.5246894,-1.2616621,1
10.01999999999983,,,,,11.902897,0.41524363,-5.416224,-1.3482624,7.4900985,9.43072,1.9265889,-0.9725767,-0.16670671,-0.14177594,-0.07875244,7.904178,6.827128,-0.7155544,-0.7675581,-3.8198504,-1.2659116,1
10.02999999999983,,,,,11.902897,0.41524363,-5.416224,-1.3482624,7.5693154,9.498812,1.9194826,-0.9762206,-0.16405247,-0.12333904,-0.06976002,7.9384427,6.791148,-0.7054992,-0.5833166,-4.068954,-1.2699525,1
10.03999999999983,,,,,11.902897,0.41524363,-5.416224,-1.3482624,7.6488514,9.566543,1.9124835,-0.97941715,-0.1622274,-0.10378946,-0.060423147,7.968032,6.7549825,-0.69413453,-0.42777604,-4.2791877,-1.2737951,1
10.04999999999983,,,,,12.31037,1.5893657,-4.5046678,-1.311884,7.728659,9.63391,1.9056038,-0.9821072,-0.16107821,-0.08328737,-0.050806053,7.9926662,6.718534,-0.6816433,-0.2964652,-4.4566164,-1.2774491,1
10.05999999999983,,,,,12.31037,1.5893657,-4.5046678,-1.311884,7.8086905,9.700906,1.8988727,-0.9841418,-0.16092151,-0.06235312,-0.040989317,8.012789,6.6804714,-0.6644242,-0.0023821145,-4.4643545,-1.2791389,1
10.06999999999983,,,,,12.31037,1.5893657,-4.5046678,-1.311884,7.888896,9.767518,1.8923173,-0.98543036,-0.16201004,-0.041407432,-0.031051505,8.02748,6.641885,-0.64656126,0.24584001,-4.4708486,-1.2807457,1
10.07999999999983,,,,,12.31037,1.5893657,-4.5046678,-1.311884,7.9692216,9.833741,1.8859425,-0.98600084,-0.16413629,-0.020446982,-0.021036364,8.036715,6.6026216,-0.6283633,0.4553532,-4.476298,-1.2822737,1
10.08999999999983,,,,,12.417695,2.4400868,-1.6242522,-1.4846208,8.049611,9.899568,1.8797501,-0.98587424,-0.16712323,0.00052752066,-0.010977995,8.040471,6.562576,-0.61012614,0.6321938,-4.4808702,-1.2837267,1
10.09999999999983,,,,,12.417695,2.4400868,-1.6242522,-1.4846208,8.130011,9.964988,1.8737442,-0.9850333,-0.17115016,0.020370092,-0.0010784145,8.038781,6.5213118,-0.5911279,0.9144798,-4.0356236,-1.2935846,1
10.109999999999829,,,,,12.417695,2.4400868,-1.6242522,-1.4846208,8.210368,10.02999,1.8679258,-0.98354554,-0.17637335,0.0381759,0.008493141,8.032023,6.479027,-0.57267636,1.1526914,-3.659779,-1.3029588,1
10.119999999999829,,,,,12.417695,2.4400868,-1.6242522,-1.4846208,8.290635,10.094564,1.862288,-0.98152405,-0.18261738,0.054266654,0.017760305,8.02067,6.4355574,-0.555019,1.3537096,-3.342518,-1.311873,1
10.129999999999828,,,,,12.546466,2.9628325,1.8516407,-1.9405046,8.370768,10.158697,1.8568219,-0.97904915,-0.18972938,0.068913266,0.026747638,8.005117,6.390765,-0.53835756,1.5233412,-3.0747085,-1.3203498,1
10.139999999999828,,,,,12.546466,2.9628325,1.8516407,-1.9405046,8.450725,10.222373,1.8515227,-0.976249,-0.1978296,0.08097913,0.035252288,7.985572,6.3440375,-0.5216769,1.7484426,-2.3066747,-1.350781,1
10.149999999999828,,,,,12.546466,2.9628325,1.8516407,-1.9405046,8.530469,10.285573,1.846384,-0.97327083,-0.20702504,0.08958191,0.043111205,7.9629755,6.2956176,-0.50626296,1.9383641,-1.658391,-1.3797189,1
10.159999999999828,,,,,12.546466,2.9628325,1.8516407,-1.9405046,8.609977,10.348279,1.841393,-0.9701651,-0.21716708,0.09527141,0.05040373,7.938125,6.2452664,-0.49216756,2.0986004,-1.1111847,-1.4072369,1
10.169999999999828,,,,,11.866883,2.866059,4.896716,-2.113393,8.689227,10.410471,1.8365362,-0.96694565,-0.22812147,0.09850832,0.05720078,7.9116797,6.1927657,-0.47942963,2.2337883,-0.6492953,-1.4334044,1
10.179999999999827,,,,,11.866883,2.866059,4.896716,-2.113393,8.768216,10.472141,1.83177,-0.963734,-0.2398062,0.09849441,0.06330725,7.88574,6.1408854,-0.4740053,2.3332012,0.21545912,-1.4667717,1
10.189999999999827,,,,,11.866883,2.866059,4.896716,-2.113393,8.846942,10.53328,1.8270516,-0.9606069,-0.25215188,0.09461748,0.06856064,7.859716,6.086564,-0.4698624,2.4170158,0.94536895,-1.4985017,1
10.199999999999827,,,,,11.866883,2.866059,4.896716,-2.113393,8.925412,10.593863,1.8223684,-0.95747256,-0.26505482,0.08748111,0.07306519,7.834438,6.0295916,-0.4669839,2.4876747,1.5614619,-1.5286745,1
10.209999999999827,,,,,12.031538,2.398755,6.0413,-2.0055864,9.003636,10.653861,1.8177074,-0.9542265,-0.2784153,0.07759192,0.07691192,7.8106008,5.969791,-0.4653997,2.5472393,2.0814865,-1.5573668,1
10.219999999999827,,,,,12.031538,2.398755,6.0413,-2.0055864,9.08163,10.7132435,1.8130624,-0.9508479,-0.29199424,0.06494459,0.08005625,7.7885094,5.9061546,-0.4638165,2.5247407,2.6925633,-1.5793612,1
10.229999999999826,,,,,12.031538,2.398755,6.0413,-2.0055864,9.159415,10.771974,1.808426,-0.94729066,-0.3055883,0.049558844,0.08245736,7.7691507,5.839431,-0.4636961,2.505667,3.2083418,-1.6002762,1
10.239999999999826,,,,,12.031538,2.398755,6.0413,-2.0055864,9.237024,10.830021,1.8037829,-0.94341725,-0.3191532,0.0318637,0.08419596,7.753125,5.7695813,-0.46516272,2.4894946,3.643684,-1.620165,1
10.249999999999826,,,,,13.194218,1.3092078,5.89296,-1.5699376,9.314491,10.887355,1.7991166,-0.93910325,-0.3326429,0.01222473,0.08534365,7.740933,5.6966043,-0.46839863,2.4757805,4.0111346,-1.6390777,1
10.259999999999826,,,,,13.194218,1.3092078,5.89296,-1.5699376,9.391853,10.943906,1.7944531,-0.9343952,-0.34560004,-0.009024512,0.085930675,7.732224,5.6132026,-0.4646457,2.2941577,4.304804,-1.635685,1
10.269999999999825,,,,,13.194218,1.3092078,5.89296,-1.5699376,9.469153,10.999607,1.7898157,-0.9293473,-0.35766384,-0.03159589,0.08597206,7.7285557,5.5266337,-0.46325776,2.14081,4.5526443,-1.6324587,1
10.279999999999825,,,,,13.194218,1.3092078,5.89296,-1.5699376,9.546443,11.054429,1.7851794,-0.92386776,-0.3689203,-0.055259515,0.085509606,7.730239,5.4371495,-0.4644302,2.0113351,4.761808,-1.6293907,1
10.289999999999825,,,,,14.26685,0.20901161,4.5672393,-1.2738547,9.623777,11.108341,1.7805176,-0.9178783,-0.37943864,-0.07981672,0.08458346,7.7375164,5.345004,-0.46839553,1.9020165,4.93833,-1.6264734,1
10.299999999999825,,,,,14.26685,0.20901161,4.5672393,-1.2738547,9.701218,11.161282,1.7758383,-0.9115426,-0.38883382,-0.10463391,0.08336345,7.7516036,5.242794,-0.46798354,1.6378771,4.8807573,-1.6091703,1
10.309999999999825,,,,,14.26685,0.20901161,4.5672393,-1.2738547,9.778831,11.21319,1.7711462,-0.9050497,-0.39682502,-0.12920202,0.08198249,7.7718716,5.1384344,-0.47096044,1.4149435,4.8321133,-1.5927163,1
10.319999999999824,,,,,14.26685,0.20901161,4.5672393,-1.2738547,9.856676,11.264046,1.7664073,-0.8983672,-0.4036032,-0.15352976,0.08042872,7.7982163,5.03235,-0.47739688,1.2267874,4.791014,-1.5770698,1
10.329999999999824,,,,,14.32303,-0.5066884,1.2848054,-1.1366466,9.934815,11.313833,1.7615863,-0.8914632,-0.40932822,-0.17762302,0.07869621,7.8305297,4.924919,-0.48737815,1.067984,4.7562904,-1.562191,1
10.339999999999824,,,,,14.32303,-0.5066884,1.2848054,-1.1366466,10.013307,11.362539,1.756649,-0.8846896,-0.4137875,-0.20033708,0.07725657,7.868775,4.816069,-0.50062346,0.82180643,4.2151756,-1.5413094,1
10.349999999999824,,,,,14.32303,-0.5066884,1.2848054,-1.1366466,10.092208,11.410153,1.7515621,-0.87842554,-0.41685635,-0.22078957,0.07648986,7.912241,4.7065845,-0.5172611,0.61412096,3.758402,-1.5214523,1
10.359999999999824,,,,,14.32303,-0.5066884,1.2848054,-1.1366466,10.171567,11.45667,1.7462931,-0.87265795,-0.4187704,-0.23933572,0.076271065,7.9603004,4.5967655,-0.53698385,0.43890762,3.3728251,-1.5025698,1
10.369999999999823,,,,,13.766349,-0.68491614,-1.915896,-1.2446162,10.251429,11.502088,1.7408128,-0.867355,-0.41972244,-0.25627378,0.07649561,8.012437,4.4868426,-0.5595061,0.2910881,3.0473475,-1.4846138,1
10.379999999999823,,,,,13.766349,-0.68491614,-1.915896,-1.2446162,10.331819,11.546428,1.73508,-0.862849,-0.41971108,-0.27075934,0.07760771,8.0659895,4.3812575,-0.5873638,0.13811503,2.2734811,-1.472837,1
10.389999999999823,,,,,13.766349,-0.68491614,-1.915896,-1.2446162,10.412758,11.589713,1.729059,-0.8594425,-0.41875315,-0.28215274,0.07995954,8.122223,4.275833,-0.61709654,0.009125341,1.6202736,-1.4616381,1
10.399999999999823,,,,,13.766349,-0.68491614,-1.915896,-1.2446162,10.49427,11.631944,1.7227336,-0.85703063,-0.41700968,-0.2909537,0.08334584,8.180391,4.1706157,-0.6481406,-0.09964226,1.0689124,-1.4509888,1
10.409999999999823,,,,,13.785973,-0.65411353,-4.3750796,-1.1760063,10.576372,11.673125,1.7160934,-0.8554975,-0.4146068,-0.29757667,0.08759304,8.239892,4.06563,-0.67999333,-0.1913592,0.6035185,-1.440862,1
10.419999999999822,,,,,13.785973,-0.65411353,-4.3750796,-1.1760063,10.659073,11.713257,1.709133,-0.8550173,-0.41156924,-0.30151984,0.092958175,8.300267,3.960736,-0.71208346,-0.2642527,-0.17282516,-1.4278655,1
10.429999999999822,,,,,13.785973,-0.65411353,-4.3750796,-1.1760063,10.742377,11.752341,1.7018527,-0.85570896,-0.40790972,-0.30239767,0.09963294,8.360706,3.8560605,-0.7438855,-0.32565385,-0.8281102,-1.4155068,1
10.439999999999822,,,,,13.785973,-0.65411353,-4.3750796,-1.1760063,10.826283,11.79038,1.6942583,-0.8573718,-0.40369803,-0.3006781,0.107393466,8.420511,3.7515907,-0.7747946,-0.37737644,-1.3812134,-1.4037546,1
10.449999999999822,,,,,13.562665,-0.28942695,-5.5652676,-1.1168864,10.910782,11.8273735,1.6863616,-0.8598149,-0.39898616,-0.29674917,0.11604979,8.479095,3.6473463,-0.80429566,-0.4209469,-1.8480687,-1.3925788,1
10.459999999999821,,,,,13.562665,-0.28942695,-5.5652676,-1.1168864,10.995854,11.863337,1.6781731,-0.8629431,-0.3938837,-0.29050305,0.1256663,8.535017,3.545058,-0.8330864,-0.4009408,-2.4277856,-1.3790506,1
10.469999999999821,,,,,13.562665,-0.28942695,-5.5652676,-1.1168864,11.081474,11.898277,1.6697075,-0.86664605,-0.38846704,-0.28186068,0.13627818,8.588632,3.4430847,-0.8596283,-0.3839654,-2.9170926,-1.3661861,1
10.479999999999821,,,,,13.562665,-0.28942695,-5.5652676,-1.1168864,11.167617,11.9322,1.6609894,-0.87073386,-0.38272762,-0.27115893,0.14769642,8.639373,3.3415136,-0.88355464,-0.36956304,-3.33009,-1.3539529,1
10.48999999999982,,,,,14.0505295,0.14171033,-5.679091,-1.0824285,11.254251,11.96511,1.6520463,-0.8750364,-0.3766574,-0.25868237,0.15975976,8.686754,3.240482,-0.9045802,-0.3573454,-3.6786785,-1.34232,1
10.49999999999982,,,,,14.0505295,0.14171033,-5.679091,-1.0824285,11.341347,11.996994,1.6429228,-0.8793515,-0.3703947,-0.24460289,0.1723876,8.731914,3.1365578,-0.9196144,-0.27975774,-3.990712,-1.329567,1
10.50999999999982,,,,,14.0505295,0.14171033,-5.679091,-1.0824285,11.428873,12.027843,1.6336654,-0.88350606,-0.36404982,-0.22906865,0.18550341,8.7727165,3.0335586,-0.93131155,-0.2142245,-4.254072,-1.3174398,1
10.51999999999982,,,,,14.0505295,0.14171033,-5.679091,-1.0824285,11.516785,12.057669,1.6243081,-0.8874011,-0.35757986,-0.2122734,0.19898513,8.808778,2.931696,-0.93962085,-0.15887374,-4.4763517,-1.3059076,1
10.52999999999982,,,,,14.725358,0.74515676,-5.2049,-1.094535,11.605031,12.086482,1.6148846,-0.89095116,-0.35095036,-0.19438507,0.21272859,8.83977,2.8312173,-0.94454306,-0.11212394,-4.663959,-1.2949414,1
10.53999999999982,,,,,14.725358,0.74515676,-5.2049,-1.094535,11.693567,12.114276,1.6054518,-0.8939659,-0.34439167,-0.1756676,0.22662605,8.866648,2.7276385,-0.94150484,0.021527763,-4.748431,-1.2851075,1
10.54999999999982,,,,,14.725358,0.74515676,-5.2049,-1.094535,11.782344,12.141043,1.596066,-0.89630747,-0.3380948,-0.15634108,0.24058571,8.887693,2.6260026,-0.9351683,0.13434714,-4.819711,-1.275756,1
10.55999999999982,,,,,14.725358,0.74515676,-5.2049,-1.094535,11.871301,12.166802,1.5867591,-0.8979786,-0.3319812,-0.13648358,0.2545472,8.902728,2.5265214,-0.9257644,0.22958086,-4.879859,-1.2668635,1
10.569999999999819,,,,,15.309184,1.2587267,-3.0211453,-1.1646311,11.960377,12.19158,1.5775604,-0.8989816,-0.32598525,-0.116165146,0.2684596,8.911608,2.4294255,-0.9135328,0.3099699,-4.9306135,-1.2584072,1
10.579999999999819,,,,,15.309184,1.2587267,-3.0211453,-1.1646311,12.049512,12.215381,1.5685196,-0.8991659,-0.32047957,-0.09618253,0.28203088,8.914375,2.33118,-0.89427435,0.45818588,-4.6329527,-1.2538056,1
10.589999999999819,,,,,15.309184,1.2587267,-3.0211453,-1.1646311,12.138643,12.238213,1.5596827,-0.89848185,-0.31578782,-0.07717557,0.2950448,8.910873,2.2356563,-0.8728077,0.58324736,-4.381693,-1.2494298,1
10.599999999999818,,,,,15.309184,1.2587267,-3.0211453,-1.1646311,12.227709,12.260103,1.5510696,-0.89705753,-0.31178802,-0.05898985,0.30756328,8.90136,2.1428084,-0.84957165,0.68877167,-4.1696,-1.2452687,1
10.609999999999818,,,,,15.577187,1.4520007,-0.54106724,-1.07903,12.31665,12.281078,1.5426961,-0.894994,-0.30837294,-0.041495092,0.3196387,8.8860655,2.052603,-0.8249402,0.77781117,-3.9905694,-1.2413118,1
10.619999999999818,,,,,15.577187,1.4520007,-0.54106724,-1.07903,12.405409,12.301156,1.5345854,-0.8923257,-0.3058436,-0.025441147,0.33100784,8.86488,1.963443,-0.7970889,0.8834035,-3.452702,-1.2333486,1
10.629999999999818,,,,,15.577187,1.4520007,-0.54106724,-1.07903,12.49393,12.320354,1.5267568,-0.88913786,-0.304457,-0.011413242,0.34147963,8.838587,1.8766094,-0.76857424,0.9724555,-2.9987006,-1.2257762,1
10.639999999999818,,,,,15.577187,1.4520007,-0.54106724,-1.07903,12.582165,12.338695,1.519215,-0.88555723,-0.30405977,0.00091208634,0.35118937,8.807716,1.7917448,-0.73975646,1.0475583,-2.615489,-1.2185754,1
10.649999999999817,,,,,15.43954,1.1392685,1.9479892,-0.9581941,12.670071,12.3561945,1.5119616,-0.88167506,-0.30451483,0.011808024,0.3602487,8.772707,1.7085296,-0.71091926,1.1108977,-2.2920294,-1.211728,1
10.659999999999817,,,,,15.43954,1.1392685,1.9479892,-0.9581941,12.757607,12.372874,1.5049901,-0.8776217,-0.30595514,0.02058721,0.36843786,8.734321,1.6273668,-0.6834168,1.1158569,-1.6307954,-1.199287,1
10.669999999999817,,,,,15.43954,1.1392685,1.9479892,-0.9581941,12.844746,12.388746,1.4982917,-0.87352586,-0.3084922,0.026720908,0.37559265,8.692909,1.547008,-0.6563574,1.1199521,-1.0726804,-1.1874567,1
10.679999999999817,,,,,15.43954,1.1392685,1.9479892,-0.9581941,12.931458,12.403816,1.4918609,-0.869429,-0.31197774,0.030634029,0.38186827,8.649123,1.4669192,-0.6299341,1.1233335,-0.60160285,-1.1762067,1
10.689999999999817,,,,,15.996282,0.63794386,3.9214761,-0.72450364,13.017723,12.418084,1.4856904,-0.8653479,-0.3162782,0.03268364,0.38739073,8.603495,1.3866332,-0.6043011,1.1261245,-0.20398962,-1.1655087,1
10.699999999999816,,,,,15.996282,0.63794386,3.9214761,-0.72450364,13.103516,12.431533,1.4797938,-0.8613855,-0.32140842,0.03241843,0.39199403,8.554813,1.3027983,-0.5751622,1.0504755,0.43944693,-1.1438684,1
10.709999999999816,,,,,15.996282,0.63794386,3.9214761,-0.72450364,13.188817,12.444137,1.4741833,-0.8576145,-0.3273735,0.029498808,0.3955406,8.505417,1.2177391,-0.5471167,0.9865328,0.98252845,-1.1232901,1
10.719999999999816,,,,,15.996282,0.63794386,3.9214761,-0.72450364,13.273623,12.455881,1.4688473,-0.8539838,-0.3340444,0.024350675,0.3981603,8.455973,1.1309072,-0.52030444,0.9324875,1.4409071,-1.1037215,1
10.729999999999816,,,,,16.854532,-0.24602051,4.9973073,-0.38046533,13.357938,12.466747,1.4637727,-0.8504364,-0.3413048,0.01733211,0.399959,8.407039,1.0418428,-0.49487126,0.8868096,1.8277943,-1.0851132,1
10.739999999999815,,,,,16.854532,-0.24602051,4.9973073,-0.38046533,13.441755,12.476686,1.4589775,-0.84705836,-0.34892204,0.008251777,0.40084428,8.356551,0.9452396,-0.46442068,0.7104429,2.3222191,-1.0505359,1
10.749999999999815,,,,,16.854532,-0.24602051,4.9973073,-0.38046533,13.525076,12.4856415,1.4544781,-0.8439014,-0.3567007,-0.0030228747,0.4007302,8.307816,0.8454876,-0.43571222,0.56151,2.739512,-1.0176553,1
10.759999999999815,,,,,16.854532,-0.24602051,4.9973073,-0.38046533,13.607921,12.493583,1.4502566,-0.8408607,-0.36459154,-0.016134065,0.39970592,8.261488,0.7422626,-0.40889624,0.4357468,3.0917063,-0.98638815,1
10.769999999999815,,,,,17.497805,-0.8346301,4.9901004,-0.24304822,13.690315,12.500474,1.446293,-0.8378409,-0.372548,-0.030778786,0.39784697,8.218131,0.63532263,-0.38415816,0.329551,3.3889582,-0.9566554,1
10.779999999999815,,,,,17.497805,-0.8346301,4.9901004,-0.24304822,13.772286,12.506255,1.4425887,-0.83485276,-0.38032952,-0.04678467,0.3951968,8.176712,0.5202797,-0.35710225,0.14807037,3.6387722,-0.9216385,1
10.789999999999814,,,,,17.497805,-0.8346301,4.9901004,-0.24304822,13.853864,12.510865,1.4391422,-0.83190167,-0.38774198,-0.06399831,0.39178932,8.139396,0.40116355,-0.33259398,-0.005137991,3.8496032,-0.8883399,1
10.799999999999814,,,,,17.497805,-0.8346301,4.9901004,-0.24304822,13.93509,12.514265,1.4359274,-0.82890135,-0.39480722,-0.08220688,0.38767344,8.10664,0.2779925,-0.31082076,-0.1344768,4.0275354,-0.85667527,1
10.809999999999814,,,,,17.818249,-1.1482149,3.9716508,-0.14283726,14.016013,12.516414,1.4329157,-0.82577735,-0.4015418,-0.10122866,0.38289368,8.0788355,0.15083301,-0.29199916,-0.2436634,4.177703,-0.82656443,1
10.819999999999814,,,,,17.818249,-1.1482149,3.9716508,-0.14283726,14.096683,12.517258,1.4300869,-0.82257015,-0.40770304,-0.12061563,0.37763375,8.0558815,0.017416846,-0.27426332,-0.3848356,4.1456366,-0.7930137,1
10.829999999999814,,,,,17.818249,-1.1482149,3.9716508,-0.14283726,14.17715,12.516749,1.4274188,-0.81933755,-0.41311094,-0.14000568,0.37205178,8.038469,-0.119642094,-0.25986302,-0.5039839,4.1185546,-0.76110935,1
10.839999999999813,,,,,17.818249,-1.1482149,3.9716508,-0.14283726,14.257471,12.5148535,1.4248778,-0.8160419,-0.41786134,-0.15937105,0.3661518,8.026712,-0.26002347,-0.24887806,-0.6045437,4.095683,-0.7307706,1
10.849999999999813,,,,,17.816675,-1.0200673,1.5305078,-0.33951113,14.337704,12.5115385,1.4224292,-0.81264967,-0.42203462,-0.17868774,0.3599398,8.0207,-0.40342024,-0.24140371,-0.689415,4.0763683,-0.7019206,1
10.859999999999813,,,,,17.816675,-1.0200673,1.5305078,-0.33951113,14.417906,12.506777,1.4200373,-0.80929226,-0.42539093,-0.19713661,0.35387048,8.020446,-0.5494919,-0.23751147,-0.74120426,3.679358,-0.68413705,1
10.869999999999813,,,,,17.816675,-1.0200673,1.5305078,-0.33951113,14.498132,12.500542,1.4176674,-0.8061299,-0.42776957,-0.214083,0.34833136,8.025631,-0.6977767,-0.23699707,-0.78487915,3.3442569,-0.66722614,1
10.879999999999812,,,,,17.816675,-1.0200673,1.5305078,-0.33951113,14.578435,12.492815,1.4152868,-0.8031635,-0.42933533,-0.22975577,0.34323496,8.0358715,-0.8478257,-0.23959316,-0.8217117,3.0614111,-0.65114504,1
10.889999999999812,,,,,17.639198,-0.9653734,-0.6197545,-0.52533185,14.658865,12.483581,1.4128658,-0.80038416,-0.43022352,-0.24434772,0.338505,8.050843,-0.9992727,-0.24506146,-0.8527747,2.8226724,-0.6358531,1
10.899999999999812,,,,,17.639198,-0.9653734,-0.6197545,-0.52533185,14.739466,12.472833,1.4103721,-0.79797965,-0.4302703,-0.25733778,0.33447227,8.07003,-1.1502762,-0.25404343,-0.8705651,2.285832,-0.6304298,1
10.909999999999812,,,,,17.639198,-0.9653734,-0.6197545,-0.52533185,14.820278,12.460572,1.4077777,-0.79612464,-0.42936283,-0.26833168,0.33140573,8.093053,-1.3019696,-0.26512718,-0.8855425,1.8327106,-0.62527263,1
10.919999999999812,,,,,17.639198,-0.9653734,-0.6197545,-0.52533185,14.901338,12.446793,1.4050641,-0.79477453,-0.42766705,-0.27764738,0.32915756,8.119384,-1.4540226,-0.2777886,-0.8981525,1.4502523,-0.62036854,1
10.929999999999811,,,,,17.881165,-1.1306002,-3.087728,-0.6155548,14.982676,12.431492,1.402218,-0.79387873,-0.42531696,-0.28555053,0.3275993,8.148585,-1.6061776,-0.29156995,-0.90876925,1.1274374,-0.6157051,1
10.939999999999811,,,,,17.881165,-1.1306002,-3.087728,-0.6155548,15.06432,12.4146595,1.3992362,-0.79369587,-0.42204338,-0.2915066,0.32702982,8.180683,-1.7602925,-0.30486763,-0.94362724,0.47009864,-0.6156977,1
10.949999999999811,,,,,17.881165,-1.1306002,-3.087728,-0.6155548,15.146295,12.396288,1.3961209,-0.7944302,-0.417637,-0.29510367,0.32767707,8.21468,-1.913959,-0.31809035,-0.97300804,-0.084730685,-0.61569065,1
10.95999999999981,,,,,17.881165,-1.1306002,-3.087728,-0.6155548,15.228618,12.376383,1.3928772,-0.79594606,-0.41227257,-0.2967073,0.32933924,8.249991,-2.0668638,-0.33047888,-0.9977722,-0.55303645,-0.61568403,1
10.96999999999981,,,,,16.578827,-0.96034086,-5.003564,-0.48792264,15.311298,12.354954,1.3895165,-0.7981138,-0.40609053,-0.2966212,0.33184183,8.286137,-2.2187355,-0.34139106,-1.0186452,-0.94831175,-0.6156777,1
10.97999999999981,,,,,16.578827,-0.96034086,-5.003564,-0.48792264,15.394329,12.3320675,1.386024,-0.80101585,-0.39900753,-0.29445615,0.3353514,8.32001,-2.358346,-0.35674655,-1.0097998,-1.5807339,-0.60940874,1
10.98999999999981,,,,,16.578827,-0.96034086,-5.003564,-0.48792264,15.477698,12.307793,1.3823903,-0.8046896,-0.39095166,-0.28990635,0.33997676,8.3536825,-2.4964433,-0.36952242,-1.0022904,-2.1145291,-0.6034473,1
10.99999999999981,,,,,16.578827,-0.96034086,-5.003564,-0.48792264,15.5614,12.2821455,1.3786443,-0.8089537,-0.3820404,-0.28331548,0.3454993,8.386603,-2.6326892,-0.37909248,-0.99591607,-2.5650785,-0.59777856,1
11.00999999999981,,,,,17.661142,-0.16942021,-5.415672,-0.09017956,15.645427,12.255146,1.3748211,-0.81364316,-0.37236935,-0.27497154,0.35173148,8.418308,-2.7667463,-0.384957,-0.99050593,-2.9453645,-0.592388,1
11.01999999999981,,,,,17.661142,-0.16942021,-5.415672,-0.09017956,15.729772,12.226776,1.3709905,-0.8185553,-0.3622306,-0.26485246,0.3586196,8.450342,-2.9068642,-0.38044187,-0.86255354,-3.3306708,-0.5677445,1
11.02999999999981,,,,,17.661142,-0.16942021,-5.415672,-0.09017956,15.814426,12.19702,1.3672283,-0.82351804,-0.35186017,-0.25294805,0.3660988,8.480094,-3.0439641,-0.37127182,-0.7545244,-3.655877,-0.5443102,1
11.039999999999809,,,,,17.661142,-0.16942021,-5.415672,-0.09017956,15.8993635,12.165908,1.3635818,-0.82843363,-0.3412555,-0.23950012,0.3740062,8.507051,-3.1777163,-0.3572485,-0.66331816,-3.9303584,-0.5220259,1
11.049999999999809,,,,,18.873693,0.8317951,-5.1366487,-0.00861822,15.984556,12.133478,1.3601003,-0.83321494,-0.3304148,-0.22471602,0.3822044,8.530779,-3.307774,-0.33826098,-0.5863163,-4.162026,-0.500835,1
11.059999999999809,,,,,18.873693,0.8317951,-5.1366487,-0.00861822,16.069975,12.099723,1.3568753,-0.8376358,-0.31971797,-0.20871039,0.39062163,8.552266,-3.442452,-0.30591315,-0.36514428,-4.3140955,-0.4766818,1
11.069999999999808,,,,,18.873693,0.8317951,-5.1366487,-0.00861822,16.155588,12.064645,1.3539999,-0.84152615,-0.30947313,-0.1915853,0.39919153,8.569414,-3.572575,-0.2684028,-0.17845584,-4.4424334,-0.45371377,1
11.079999999999808,,,,,18.873693,0.8317951,-5.1366487,-0.00861822,16.241348,12.028289,1.3515242,-0.84488845,-0.29958233,-0.17349076,0.4078156,8.581787,-3.697922,-0.22596432,-0.020875175,-4.5507426,-0.43187279,1
11.089999999999808,,,,,19.267208,1.6751091,-4.296348,-0.071579,16.327208,11.990703,1.3494965,-0.8477223,-0.2899629,-0.15455754,0.4164122,8.589022,-3.8182535,-0.17886205,0.11213555,-4.6421504,-0.41110358,1
11.099999999999808,,,,,19.267208,1.6751091,-4.296348,-0.071579,16.41311,11.95193,1.3479774,-0.84987974,-0.28097287,-0.13504685,0.42487597,8.590855,-3.9357502,-0.12429435,0.3559447,-4.5882845,-0.394443,1
11.109999999999808,,,,,19.267208,1.6751091,-4.296348,-0.071579,16.499004,11.912007,1.3470242,-0.8512691,-0.27290204,-0.11517562,0.4331263,8.586851,-4.0478597,-0.06576779,0.5617262,-4.5428047,-0.37859997,1
11.119999999999807,,,,,19.267208,1.6751091,-4.296348,-0.071579,16.58483,11.87099,1.346674,-0.8519601,-0.26559234,-0.09499089,0.44113472,8.576775,-4.1545796,-0.0037873108,0.7354112,-4.504405,-0.36353436,1
11.129999999999807,,,,,18.179625,2.2226083,-1.9622432,-0.23474175,16.670519,11.828933,1.3469588,-0.8520077,-0.2589088,-0.074535094,0.4488787,8.560441,-4.2558827,0.06116897,0.8820059,-4.4719853,-0.34920803,1
11.139999999999807,,,,,18.179625,2.2226083,-1.9622432,-0.23474175,16.756021,11.785917,1.3478594,-0.8513376,-0.25334683,-0.054549545,0.4561386,8.539024,-4.346375,0.119265236,1.091176,-4.080636,-0.34359112,1
11.149999999999807,,,,,18.179625,2.2226083,-1.9622432,-0.23474175,16.84128,11.742022,1.3493501,-0.84995306,-0.24931179,-0.03562609,0.46276632,8.5117035,-4.432148,0.17909554,1.2677093,-3.750309,-0.33824986,1
11.159999999999807,,,,,18.179625,2.2226083,-1.9622432,-0.23474175,16.926235,11.697289,1.3514452,-0.84798646,-0.24657188,-0.017597752,0.46883902,8.478629,-4.5136523,0.24008366,1.416698,-3.4714892,-0.33317068,1
11.169999999999806,,,,,17.108486,2.404328,0.29121283,-0.38860533,17.010832,11.651761,1.354154,-0.84553796,-0.24492697,-0.00032337382,0.47442034,8.439935,-4.5912747,0.30174562,1.5424404,-3.2361455,-0.32834077,1
11.179999999999806,,,,,17.108486,2.404328,0.29121283,-0.38860533,17.095028,11.605497,1.3574339,-0.84266853,-0.24469809,0.015584302,0.47936222,8.398378,-4.6610355,0.35422352,1.6769638,-2.6860883,-0.33129796,1
11.189999999999806,,,,,17.108486,2.404328,0.29121283,-0.38860533,17.178785,11.55855,1.3612379,-0.8394635,-0.24614072,0.029648896,0.48356515,8.351994,-4.7281566,0.40649343,1.7904919,-2.2218075,-0.33411005,1
11.199999999999806,,,,,17.108486,2.404328,0.29121283,-0.38860533,17.262054,11.5109415,1.3655618,-0.836011,-0.24900334,0.042163562,0.4871382,8.301108,-4.7933106,0.45817322,1.8863015,-1.8299276,-0.33678415,1
11.209999999999805,,,,,16.199202,1.926614,2.6130464,-0.55380046,17.344793,11.462689,1.3703983,-0.8323701,-0.25306886,0.05337509,0.490169,8.245995,-4.8570714,0.50895435,1.9671576,-1.4991579,-0.339327,1
11.219999999999805,,,,,16.199202,1.926614,2.6130464,-0.55380046,17.426975,11.413821,1.3756976,-0.8286749,-0.2584506,0.062619835,0.49252242,8.190065,-4.916636,0.55072695,1.9609705,-0.857874,-0.34985128,1
11.229999999999805,,,,,16.199202,1.926614,2.6130464,-0.55380046,17.508581,11.364358,1.3814082,-0.82504624,-0.26523358,0.069385126,0.49409914,8.130869,-4.976125,0.5911815,1.9557339,-0.31659752,-0.3598591,1
11.239999999999805,,,,,16.199202,1.926614,2.6130464,-0.55380046,17.58958,11.314298,1.387516,-0.8214871,-0.27320278,0.07406404,0.495007,8.068888,-5.0362597,0.6301312,1.9513006,0.14026791,-0.36937588,1
11.249999999999805,,,,,15.57985,1.2785621,4.263505,-0.76887304,17.66995,11.26363,1.3940052,-0.8179838,-0.28217146,0.076986216,0.49533135,8.004525,-5.0976515,0.6674163,1.9475465,0.5258858,-0.37842566,1
11.259999999999804,,,,,15.57985,1.2785621,4.263505,-0.76887304,17.74968,11.212352,1.4008327,-0.8146251,-0.29209554,0.077752605,0.4949939,7.9407,-5.158428,0.69778717,1.8433757,1.1087679,-0.397585,1
11.269999999999804,,,,,15.57985,1.2785621,4.263505,-0.76887304,17.82876,11.160454,1.4079546,-0.81146973,-0.3029282,0.07606077,0.49392745,7.8754716,-5.2215624,0.7263031,1.7554393,1.6007491,-0.41580424,1
11.279999999999804,,,,,15.57985,1.2785621,4.263505,-0.76887304,17.907185,11.107911,1.4153519,-0.80844647,-0.3145128,0.072294585,0.49220687,7.80936,-5.2876353,0.75284517,1.6812054,2.0160055,-0.43312946,1
11.289999999999804,,,,,15.356077,0.7704356,4.860123,-0.8460421,17.984945,11.05469,1.4230042,-0.8054838,-0.32671183,0.06677661,0.48989195,7.742813,-5.3571215,0.77728,1.6185374,2.366502,-0.44960448,1
11.299999999999804,,,,,15.356077,0.7704356,4.860123,-0.8460421,18.062044,11.00076,1.430881,-0.80259126,-0.3393585,0.059483666,0.48697296,7.6771955,-5.4293604,0.7977347,1.4864252,2.7554007,-0.4690578,1
11.309999999999803,,,,,15.356077,0.7704356,4.860123,-0.8460421,18.13849,10.946088,1.4389509,-0.7997641,-0.35230908,0.05041189,0.4834379,7.6120167,-5.505704,0.8158345,1.3749042,3.0836484,-0.48755655,1
11.319999999999803,,,,,15.356077,0.7704356,4.860123,-0.8460421,18.214287,10.89063,1.4471893,-0.7969177,-0.3654814,0.039838098,0.479329,7.547722,-5.58644,0.8314292,1.280764,3.3607037,-0.5051476,1
11.329999999999803,,,,,15.124764,0.36471474,3.82908,-0.91359353,18.28945,10.834342,1.4555703,-0.7939767,-0.37880242,0.02799665,0.4746826,7.484705,-5.67178,0.8443443,1.2012945,3.5945504,-0.5218754,1
11.339999999999803,,,,,15.124764,0.36471474,3.82908,-0.91359353,18.363993,10.7771845,1.4640582,-0.79092854,-0.39188597,0.015333711,0.46970204,7.4242334,-5.760483,0.85277265,1.070888,3.6311557,-0.54109704,1
11.349999999999802,,,,,15.124764,0.36471474,3.82908,-0.91359353,18.43794,10.719117,1.4726157,-0.7877846,-0.4044323,0.0022134518,0.4645673,7.3656135,-5.8537564,0.85829216,0.96081525,3.6620488,-0.5593755,1
11.359999999999802,,,,,15.124764,0.36471474,3.82908,-0.91359353,18.511312,10.660094,1.4812137,-0.7845156,-0.41649783,-0.011290878,0.45927653,7.309054,-5.951462,0.8608298,0.8679049,3.6881208,-0.5767571,1
11.369999999999802,,,,,14.939902,0.13047832,1.8504071,-0.91398424,18.58413,10.600074,1.4898218,-0.7810962,-0.42812926,-0.025116771,0.45382908,7.254737,-6.053456,0.8603008,0.78948075,3.710124,-0.5932858,1
11.379999999999802,,,,,14.939902,0.13047832,1.8504071,-0.91398424,18.656418,10.539018,1.4984031,-0.7775759,-0.43893805,-0.038636003,0.44856876,7.203428,-6.1582565,0.8554848,0.68663293,3.4201348,-0.60902256,1
11.389999999999802,,,,,14.939902,0.13047832,1.8504071,-0.91398424,18.728205,10.476895,1.506921,-0.7740351,-0.4486395,-0.051351823,0.44379386,7.1544204,-6.266726,0.8476656,0.59983504,3.1753652,-0.62398714,1
11.399999999999801,,,,,14.939902,0.13047832,1.8504071,-0.91398424,18.799515,10.4136715,1.5153465,-0.7704879,-0.45740655,-0.06339216,0.43943927,7.1076183,-6.378469,0.83698106,0.5265829,2.9687636,-0.63821745,1
11.409999999999801,,,,,14.398672,-0.15786384,-0.62952733,-0.77041423,18.870367,10.349316,1.5236512,-0.76694065,-0.46538293,-0.074865,0.43544665,7.0629354,-6.493153,0.8235539,0.46476296,2.794378,-0.65174943,1
11.419999999999801,,,,,14.398672,-0.15786384,-0.62952733,-0.77041423,18.94079,10.283821,1.5317937,-0.76354074,-0.47217432,-0.08514404,0.43220973,7.0218062,-6.6062098,0.8045579,0.36744687,2.2604618,-0.6575724,1
11.4299999999998,,,,,14.398672,-0.15786384,-0.62952733,-0.77041423,19.010809,10.217185,1.5397351,-0.760438,-0.47749177,-0.09374238,0.4300533,6.982323,-6.7213206,0.783412,0.28533858,1.8098036,-0.6631096,1
11.4399999999998,,,,,14.398672,-0.15786384,-0.62952733,-0.77041423,19.08044,10.149389,1.547456,-0.7576243,-0.48158184,-0.10093052,0.42883003,6.9441705,-6.8380313,0.76050913,0.21606208,1.4294205,-0.668375,1
11.4499999999998,,,,,13.401726,-0.53336346,-4.0566006,-0.79888296,19.149694,10.0804205,1.5549406,-0.75508034,-0.48464647,-0.10693543,0.42840886,6.9070797,-6.9559774,0.7361972,0.15761246,1.1083539,-0.6733821,1
11.4599999999998,,,,,13.401726,-0.53336346,-4.0566006,-0.79888296,19.218596,10.010308,1.5621511,-0.7530043,-0.4861517,-0.11097968,0.4293279,6.873288,-7.066588,0.7058017,0.049503468,0.30292916,-0.67954046,1
11.4699999999998,,,,,13.401726,-0.53336346,-4.0566006,-0.79888296,19.287159,9.939088,1.5690553,-0.75155467,-0.48568028,-0.1124601,0.43200794,6.839765,-7.177507,0.6750345,-0.04169622,-0.37689674,-0.6853966,1
11.4799999999998,,,,,13.401726,-0.53336346,-4.0566006,-0.79888296,19.355387,9.866759,1.5756526,-0.75063473,-0.48353127,-0.11178327,0.4361735,6.8060393,-7.28821,0.6445205,-0.11863074,-0.95070976,-0.6909654,1
11.4899999999998,,,,,12.998673,-0.41951472,-5.981923,-0.7168318,19.423277,9.793326,1.5819484,-0.7501421,-0.4799452,-0.1092885,0.4415805,6.771727,-7.3982496,0.61479026,-0.18353081,-1.435042,-0.696261,1
11.4999999999998,,,,,12.998673,-0.41951472,-5.981923,-0.7168318,19.490824,9.718814,1.5879424,-0.7500387,-0.47480878,-0.10465619,0.44837883,6.7375464,-7.5039268,0.5842189,-0.22065508,-2.1441088,-0.6972704,1
11.509999999999799,,,,,12.998673,-0.41951472,-5.981923,-0.7168318,19.558022,9.643253,1.5936388,-0.75025856,-0.46802053,-0.09764291,0.45665377,6.7020435,-7.6080356,0.55537635,-0.25194034,-2.7425997,-0.6982302,1
11.519999999999799,,,,,12.998673,-0.41951472,-5.981923,-0.7168318,19.624857,9.566661,1.5990574,-0.7506611,-0.45977283,-0.08861246,0.46611446,6.664834,-7.7100472,0.52872217,-0.27830508,-3.2477582,-0.699143,1
11.529999999999799,,,,,12.678241,-0.35677075,-6.0311203,-0.734078,19.69131,9.489061,1.6042219,-0.751115,-0.45022365,-0.07787183,0.4765069,6.6256237,-7.8094597,0.5046133,-0.3005227,-3.6741395,-0.70001096,1
11.539999999999798,,,,,12.678241,-0.35677075,-6.0311203,-0.734078,19.757368,9.410495,1.6091499,-0.75149024,-0.43952042,-0.0656649,0.48761687,6.5852184,-7.903419,0.48141977,-0.30946425,-4.036852,-0.7016826,1
11.549999999999798,,,,,12.678241,-0.35677075,-6.0311203,-0.734078,19.823011,9.331006,1.6138604,-0.75167274,-0.4277876,-0.05220032,0.49925828,6.542503,-7.993925,0.4611372,-0.31698596,-4.3430004,-0.7032723,1
11.559999999999798,,,,,12.678241,-0.35677075,-6.0311203,-0.734078,19.888214,9.25063,1.6183829,-0.751575,-0.41511807,-0.03767264,0.5112638,6.4973874,-8.080545,0.4438634,-0.32331336,-4.6014056,-0.7047839,1
11.569999999999798,,,,,12.253734,-0.4422802,-5.934546,-0.765348,19.952953,9.16941,1.622748,-0.75112194,-0.40159357,-0.022249248,0.52348936,6.449837,-8.162864,0.4296315,-0.3286356,-4.8195133,-0.7062214,1
11.579999999999798,,,,,12.253734,-0.4422802,-5.934546,-0.765348,20.017214,9.087401,1.6269714,-0.7502621,-0.38727498,-0.0061141034,0.5358032,6.4015408,-8.237883,0.41550848,-0.3464478,-4.993393,-0.7091228,1
11.589999999999797,,,,,12.253734,-0.4422802,-5.934546,-0.765348,20.080978,9.004668,1.631068,-0.7489526,-0.37221947,0.010575537,0.5480951,6.350974,-8.308002,0.40423304,-0.3614698,-5.1401577,-0.71188176,1
11.599999999999797,,,,,12.253734,-0.4422802,-5.934546,-0.765348,20.144226,8.92126,1.6350654,-0.7471485,-0.35649112,0.027720671,0.5602787,6.298242,-8.3728895,0.39569357,-0.37413847,-5.2640357,-0.7145053,1
11.609999999999797,,,,,11.93352,-0.5087642,-5.5856056,-0.7465359,20.206938,8.83723,1.6389908,-0.744813,-0.34014806,0.04523462,0.57227975,6.2434773,-8.432235,0.38974053,-0.3848224,-5.3685956,-0.71700025,1
11.619999999999797,,,,,11.93352,-0.5087642,-5.5856056,-0.7465359,20.2691,8.752643,1.6428562,-0.74193645,-0.3233048,0.06292289,0.5839886,6.1883216,-8.484359,0.38371912,-0.40417197,-5.4024286,-0.7184496,1
11.629999999999797,,,,,11.93352,-0.5087642,-5.5856056,-0.7465359,20.3307,8.667563,1.6466725,-0.7385209,-0.30606383,0.08062541,0.5953226,6.1315403,-8.530607,0.37982413,-0.42050147,-5.4309864,-0.7198278,1
11.639999999999796,,,,,11.93352,-0.5087642,-5.5856056,-0.7465359,20.391724,8.582052,1.6504593,-0.73455656,-0.28845882,0.09831734,0.6062586,6.073345,-8.570806,0.3778231,-0.434282,-5.455093,-0.72113836,1
11.649999999999796,,,,,11.092245,-0.6716296,-4.4359646,-0.6084883,20.45216,8.496169,1.6542345,-0.73003644,-0.27052107,0.11597559,0.6167758,6.013957,-8.604805,0.37747073,-0.44591153,-5.4754405,-0.72238463,1
11.659999999999796,,,,,11.092245,-0.6716296,-4.4359646,-0.6084883,20.512018,8.409987,1.6579785,-0.7250458,-0.2525178,0.1332087,0.6267346,5.957862,-8.6305485,0.3715202,-0.4810166,-5.3133197,-0.71679574,1
11.669999999999796,,,,,11.092245,-0.6716296,-4.4359646,-0.6084883,20.571314,8.323577,1.6616685,-0.7196864,-0.23467767,0.14971034,0.6360521,5.901127,-8.650479,0.36661315,-0.51066095,-5.176484,-0.71148103,1
11.679999999999795,,,,,11.092245,-0.6716296,-4.4359646,-0.6084883,20.63004,8.236997,1.6653137,-0.7139731,-0.2169737,0.16557518,0.64478457,5.8440003,-8.664692,0.36251193,-0.5356937,-5.0609903,-0.70642716,1
11.689999999999795,,,,,10.498678,-1.1886243,-1.7843733,0.24613698,20.688192,8.150303,1.6689209,-0.7079169,-0.19938244,0.18088251,0.6529772,5.786711,-8.673278,0.3589931,-0.5568323,-4.96351,-0.7016213,1
11.699999999999795,,,,,10.498678,-1.1886243,-1.7843733,0.24613698,20.745789,8.063551,1.6724694,-0.701844,-0.18241747,0.194838,0.6604351,5.732546,-8.676209,0.35076964,-0.65499717,-4.4677,-0.65511453,1
11.709999999999795,,,,,10.498678,-1.1886243,-1.7843733,0.24613698,20.802845,7.9767942,1.6759369,-0.6960796,-0.16650113,0.20683408,0.667059,5.678691,-8.674351,0.34276298,-0.7379201,-4.0492225,-0.6108898,1
11.719999999999795,,,,,10.498678,-1.1886243,-1.7843733,0.24613698,20.859364,7.890078,1.6793252,-0.6906174,-0.15148556,0.21718174,0.6730002,5.62537,-8.668154,0.3348812,-0.80796486,-3.6960144,-0.5688353,1
11.729999999999794,,,,,10.259614,-1.4646095,0.40752363,0.34352657,20.915354,7.803445,1.6826347,-0.6854407,-0.1372401,0.22614174,0.67837566,5.5727606,-8.658004,0.32705995,-0.8671291,-3.3978956,-0.52884436,1
11.739999999999794,,,,,10.259614,-1.4646095,0.40752363,0.34352657,20.970827,7.7169294,1.685856,-0.6807567,-0.12417009,0.23326142,0.6831827,5.522186,-8.644587,0.31720537,-0.9600224,-2.8044372,-0.48603678,1
11.749999999999794,,,,,10.259614,-1.4646095,0.40752363,0.34352657,21.0258,7.6305637,1.688979,-0.6767491,-0.112596355,0.23820326,0.6874513,5.4725747,-8.628213,0.3073999,-1.0384921,-2.3035362,-0.44532987,1
11.759999999999794,,,,,10.259614,-1.4646095,0.40752363,0.34352657,21.080282,7.544374,1.6920044,-0.67335445,-0.102295704,0.24132018,0.69129676,5.4240246,-8.609414,0.29770204,-1.1047741,-1.8807566,-0.4066205,1
11.769999999999794,,,,,10.103311,-1.9849557,3.1766834,0.7367685,21.134285,7.4583826,1.6949337,-0.67050683,-0.09307546,0.24290597,0.69480324,5.376604,-8.58864,0.28817603,-1.1607587,-1.5239135,-0.36981052,1
11.779999999999793,,,,,10.103311,-1.9849557,3.1766834,0.7367685,21.187815,7.372608,1.6977761,-0.66844773,-0.085275054,0.24232076,0.69798553,5.329817,-8.5660515,0.279962,-1.317773,-0.81954443,-0.31809807,1
11.789999999999793,,,,,10.103311,-1.9849557,3.1766834,0.7367685,21.240889,7.287062,1.7005268,-0.6673832,-0.079280645,0.23907386,0.70082474,5.2853765,-8.543073,0.27006015,-1.4253141,-0.19999087,-0.2666724,1
11.799999999999793,,,,,10.103311,-1.9849557,3.1766834,0.7367685,21.293526,7.2017474,1.7031788,-0.6671817,-0.07490971,0.2335855,0.7033437,5.242405,-8.519893,0.2604113,-1.5125079,0.32656622,-0.21743324,1
11.809999999999793,,,,,10.319753,-2.257428,5.5029554,0.8625205,21.34574,7.116664,1.7057375,-0.6677037,-0.07191372,0.22620256,0.70557064,5.200777,-8.496965,0.25146815,-1.5861458,0.7710026,-0.17061031,1
11.819999999999792,,,,,10.319753,-2.257428,5.5029554,0.8625205,21.397537,7.031811,1.7082307,-0.66903174,-0.07057397,0.21651275,0.7074852,5.1589227,-8.473902,0.24692863,-1.7098088,1.489897,-0.12163858,1
11.829999999999792,,,,,10.319753,-2.257428,5.5029554,0.8625205,21.448925,6.94718,1.7106732,-0.67121077,-0.0712143,0.20419967,0.7090165,5.119269,-8.452672,0.24172737,-1.7954203,2.115487,-0.07336381,1
11.839999999999792,,,,,10.319753,-2.257428,5.5029554,0.8625205,21.499926,6.862751,1.7130688,-0.67404354,-0.073569715,0.18965353,0.71012795,5.0811334,-8.433533,0.23758659,-1.8675231,2.6437087,-0.027439706,1
11.849999999999792,,,,,10.50807,-2.688948,5.4032283,0.7804474,21.550554,6.7785006,1.7154287,-0.6773446,-0.077364996,0.17320126,0.71078664,5.044563,-8.417047,0.23456308,-1.9284078,3.0895526,0.0162309,1
11.859999999999792,,,,,10.50807,-2.688948,5.4032283,0.7804474,21.60082,6.694401,1.7177726,-0.68094945,-0.08222168,0.15502371,0.710994,5.0089917,-8.403455,0.23439509,-2.0471013,3.450318,0.053731218,1
11.869999999999791,,,,,10.50807,-2.688948,5.4032283,0.7804474,21.650742,6.610419,1.7201202,-0.6847133,-0.08782492,0.13528118,0.7107397,4.9752164,-8.393467,0.23528975,-2.1472945,3.75482,0.08939139,1
11.879999999999791,,,,,10.50807,-2.688948,5.4032283,0.7804474,21.700333,6.5265174,1.7224816,-0.68851125,-0.09404341,0.11420448,0.7099739,4.9433804,-8.387427,0.23714101,-2.2318685,4.011834,0.1233017,1
11.889999999999791,,,,,10.636207,-2.447754,5.494225,0.61828566,21.749615,6.4426556,1.7248656,-0.69223607,-0.10076491,0.09199341,0.708654,4.913625,-8.385623,0.23979527,-2.3032558,4.2287674,0.15554802,1
11.89999999999979,,,,,10.636207,-2.447754,5.494225,0.61828566,21.798609,6.35879,1.7272856,-0.69577545,-0.10798778,0.068862796,0.7067466,4.885747,-8.388326,0.24429294,-2.3258758,4.4260783,0.17825466,1
11.90999999999979,,,,,10.636207,-2.447754,5.494225,0.61828566,21.847338,6.274873,1.7297528,-0.6990322,-0.11570447,0.044996377,0.70422965,4.8602133,-8.395758,0.24916595,-2.3449667,4.5926204,0.1998471,1
11.91999999999979,,,,,10.636207,-2.447754,5.494225,0.61828566,21.895823,6.190858,1.7322694,-0.70194316,-0.123817496,0.020515133,0.7010861,4.837117,-8.408075,0.2541453,-2.3610778,4.7331915,0.22038,1
11.92999999999979,,,,,10.23218,-2.188812,5.4880323,0.55870926,21.94409,6.106694,1.734835,-0.7044557,-0.13224304,-0.00447368,0.69730306,4.81655,-8.425394,0.25894064,-2.3746734,4.851842,0.23990533,1
11.93999999999979,,,,,10.23218,-2.188812,5.4880323,0.55870926,21.992167,6.0223365,1.737427,-0.7065077,-0.14098029,-0.02980167,0.6928787,4.799275,-8.446935,0.25935423,-2.3457541,4.9510365,0.25554913,1
11.94999999999979,,,,,10.23218,-2.188812,5.4880323,0.55870926,22.040083,5.9377394,1.7400193,-0.7080494,-0.1500239,-0.055326547,0.68781936,4.7845592,-8.473388,0.25898305,-2.3213418,5.034762,0.27042532,1
11.95999999999979,,,,,10.23218,-2.188812,5.4880323,0.55870926,22.087866,5.8528523,1.7426028,-0.709058,-0.1593004,-0.08099326,0.6821275,4.7724376,-8.504752,0.2575088,-2.3007333,5.1054316,0.2845715,1
11.96999999999979,,,,,11.646107,-1.3978466,2.184452,0.43538475,22.13554,5.7676277,1.7451646,-0.7095153,-0.16874626,-0.10675106,0.67580664,4.762943,-8.540994,0.25461107,-2.2833357,5.165081,0.29802355,1
11.979999999999789,,,,,11.646107,-1.3978466,2.184452,0.43538475,22.183128,5.6819887,1.7477539,-0.7095123,-0.1776433,-0.13140722,0.66915244,4.755141,-8.587665,0.26291108,-2.1451747,4.7002707,0.3047639,1
11.989999999999789,,,,,11.646107,-1.3978466,2.184452,0.43538475,22.230654,5.595857,1.7504156,-0.7092208,-0.18544523,-0.15402746,0.6624871,4.7502303,-8.6392565,0.26909283,-2.0285695,4.3079443,0.31117347,1
11.999999999999789,,,,,11.646107,-1.3978466,2.184452,0.43538475,22.278145,5.509188,1.7531283,-0.7087223,-0.19233072,-0.17491907,0.65583736,4.7480683,-8.695219,0.2730926,-1.9301573,3.9767992,0.31726858,1
12.009999999999788,,,,,11.820119,-0.504088,-0.9929126,0.17119749,22.325624,5.4219394,1.7558699,-0.70807266,-0.19844832,-0.19434261,0.6492149,4.7485275,-8.755087,0.27487665,-1.8471,3.697294,0.32306457,1
12.019999999999788,,,,,11.820119,-0.504088,-0.9929126,0.17119749,22.373121,5.3340697,1.7586255,-0.7074833,-0.20334904,-0.21139692,0.6429818,4.7515154,-8.819356,0.27592525,-1.6374897,2.965911,0.3156124,1
12.029999999999788,,,,,11.820119,-0.504088,-0.9929126,0.17119749,22.420662,5.245543,1.7613815,-0.7071761,-0.2067008,-0.2253966,0.6374722,4.7567644,-8.886441,0.274997,-1.4605985,2.3485775,0.30852592,1
12.039999999999788,,,,,11.820119,-0.504088,-0.9929126,0.17119749,22.468264,5.156334,1.7641197,-0.7071785,-0.2087689,-0.23683241,0.6326312,4.7640033,-8.95568,0.27241895,-1.3113184,1.8275098,0.30178714,1
12.049999999999788,,,,,10.370965,0.5855572,-3.4969156,-0.266287,22.515945,5.066424,1.7668252,-0.70749104,-0.20977084,-0.24611472,0.6283931,4.7730007,-9.026531,0.26850048,-1.1853389,1.3876963,0.29537907,1
12.059999999999787,,,,,10.370965,0.5855572,-3.4969156,-0.266287,22.563725,4.9758263,1.7694507,-0.70822716,-0.20954433,-0.2528105,0.62497205,4.782685,-9.092696,0.25601652,-0.9598249,0.6768055,0.2723925,1
12.069999999999787,,,,,10.370965,0.5855572,-3.4969156,-0.266287,22.611603,4.8845754,1.7719336,-0.70947295,-0.2079781,-0.25642347,0.6226058,4.793141,-9.157106,0.24010211,-0.73106164,0.03832175,0.2470932,1
12.079999999999787,,,,,10.370965,0.5855572,-3.4969156,-0.266287,22.659588,4.792686,1.7742498,-0.7111632,-0.20529737,-0.2572574,0.62122154,4.80427,-9.220751,0.22312625,-0.5256548,-0.51295465,0.2219015,1
12.089999999999787,,,,,9.624891,1.3195289,-6.015274,-0.4044546,22.70769,4.700162,1.7763971,-0.7132239,-0.20167813,-0.25572217,0.6206783,4.815922,-9.283957,0.20641905,-0.35230953,-0.97827107,0.19794595,1
12.099999999999786,,,,,9.624891,1.3195289,-6.015274,-0.4044546,22.755907,4.607008,1.7783825,-0.7157612,-0.196831,-0.2515706,0.6210101,4.827862,-9.346362,0.19033986,-0.16920693,-1.6836942,0.17536183,1
12.109999999999786,,,,,9.624891,1.3195289,-6.015274,-0.4044546,22.804245,4.513247,1.7801974,-0.7188274,-0.19053629,-0.24445035,0.62227404,4.8394217,-9.405347,0.17241625,0.02223109,-2.3160331,0.1505837,1
12.119999999999786,,,,,9.624891,1.3195289,-6.015274,-0.4044546,22.852695,4.4189143,1.781826,-0.72226393,-0.18301588,-0.23456344,0.6243539,4.850386,-9.460717,0.15322006,0.21688534,-2.8828654,0.12405483,1
12.129999999999786,,,,,10.384093,2.765562,-6.072759,-0.62412524,22.90125,4.3240414,1.7832656,-0.7259161,-0.17444803,-0.22216825,0.6270987,4.8607845,-9.513472,0.13494538,0.38882473,-3.3689735,0.09812071,1
12.139999999999786,,,,,10.384093,2.765562,-6.072759,-0.62412524,22.949911,4.2286296,1.7845695,-0.729523,-0.16538547,-0.20730834,0.6304482,4.8713193,-9.568157,0.12573907,0.74876595,-3.7686229,0.063658185,1
12.149999999999785,,,,,10.384093,2.765562,-6.072759,-0.62412524,22.998674,4.1326904,1.7857848,-0.7328613,-0.15627918,-0.18996054,0.63435316,4.880567,-9.619114,0.11763598,1.0632085,-4.116615,0.02990845,1
12.159999999999785,,,,,10.384093,2.765562,-6.072759,-0.62412524,23.04752,4.0362597,1.7869294,-0.7358424,-0.1471157,-0.17046276,0.6386181,4.8882465,-9.666556,0.1115774,1.3286034,-4.41035,-0.002185178,1
12.169999999999785,,,,,10.912748,3.6819823,-5.9971294,-0.66494143,23.096432,3.939373,1.7880234,-0.7383847,-0.13788314,-0.14912449,0.64306754,4.894024,-9.710158,0.10753313,1.5526034,-4.658286,-0.032703955,1
12.179999999999785,,,,,10.912748,3.6819823,-5.9971294,-0.66494143,23.145391,3.8420606,1.7891109,-0.74036056,-0.12884365,-0.12597774,0.6476055,4.897784,-9.751634,0.110290214,1.8845763,-4.867123,-0.06372803,1
12.189999999999785,,,,,10.912748,3.6819823,-5.9971294,-0.66494143,23.194378,3.7443562,1.7902354,-0.741659,-0.1202059,-0.10106535,0.6521318,4.8988695,-9.788485,0.11488863,2.1647768,-5.0434003,-0.09322974,1
12.199999999999784,,,,,10.912748,3.6819823,-5.9971294,-0.66494143,23.24336,3.6463075,1.7914141,-0.74223256,-0.11189031,-0.07465296,0.65650266,4.8969445,-9.820462,0.12109411,2.4012802,-5.1921916,-0.121283814,1
12.209999999999784,,,,,12.120936,4.2837477,-5.9060526,-1.0974915,23.292307,3.5479643,1.7926618,-0.7420389,-0.1038312,-0.04697321,0.66059685,4.8917384,-9.847338,0.12861739,2.6009028,-5.3177824,-0.14796126,1
12.219999999999784,,,,,12.120936,4.2837477,-5.9060526,-1.0974915,23.341179,3.4493663,1.7940488,-0.7409791,-0.09617521,-0.018104121,0.66435677,4.88206,-9.871298,0.14892279,2.8631682,-5.4096346,-0.19455498,1
12.229999999999784,,,,,12.120936,4.2837477,-5.9060526,-1.0974915,23.389933,3.3505592,1.7956425,-0.73896575,-0.0890382,0.01187405,0.66772604,4.8682256,-9.88919,0.16988502,3.0845387,-5.4871683,-0.23886234,1
12.239999999999783,,,,,12.120936,4.2837477,-5.9060526,-1.0974915,23.438528,3.251604,1.7974471,-0.7359808,-0.08232984,0.042764194,0.6706135,4.850019,-9.900867,0.19102937,3.2713923,-5.552612,-0.2809955,1
12.249999999999783,,,,,12.395269,3.781245,-3.8446538,-1.496695,23.48692,3.152564,1.7994618,-0.7320095,-0.07597538,0.07439049,0.6729438,4.8272934,-9.906214,0.21184866,3.429112,-5.6078486,-0.32106116,1
12.259999999999783,,,,,12.395269,3.781245,-3.8446538,-1.496695,23.535055,3.053502,1.8016943,-0.72710496,-0.07032753,0.10585527,0.6746587,4.7993603,-9.905163,0.23448741,3.4838831,-5.3330216,-0.37874988,1
12.269999999999783,,,,,12.395269,3.781245,-3.8446538,-1.496695,23.582891,2.9544823,1.8041466,-0.7213845,-0.065673545,0.1364434,0.6757751,4.7667975,-9.897829,0.2557416,3.5301306,-5.101049,-0.43360776,1
12.279999999999783,,,,,12.395269,3.781245,-3.8446538,-1.496695,23.630377,2.8555658,1.8068026,-0.7149158,-0.06186683,0.1662561,0.6763315,4.729721,-9.884521,0.27514866,3.5691803,-4.905247,-0.48577374,1
12.289999999999782,,,,,11.435847,2.808882,-0.6733816,-2.1368241,23.677471,2.7568111,1.8096418,-0.70775044,-0.058782488,0.1953767,0.6763574,4.6882596,-9.865515,0.2922859,3.60215,-4.739975,-0.53537995,1
12.299999999999782,,,,,11.435847,2.808882,-0.6733816,-2.1368241,23.724129,2.6582742,1.812641,-0.70011425,-0.05691823,0.22308235,0.67589355,4.642613,-9.841151,0.30667832,3.5767984,-4.2043104,-0.6051448,1
12.309999999999782,,,,,11.435847,2.808882,-0.6733816,-2.1368241,23.770315,2.560002,1.8157566,-0.69227934,-0.056669246,0.24868329,0.67504966,4.5941114,-9.812686,0.3155754,3.5247262,-3.7214646,-0.6742315,1
12.319999999999782,,,,,11.435847,2.808882,-0.6733816,-2.1368241,23.816002,2.4620318,1.8189341,-0.68433684,-0.05779997,0.27229473,0.67394024,4.543106,-9.780923,0.31907406,3.4512002,-3.2843044,-0.7425747,1
12.329999999999782,,,,,11.16177,2.0215845,2.0672045,-2.508511,23.861168,2.3643925,1.8221202,-0.6763571,-0.0601126,0.2940241,0.6726625,4.4899225,-9.7465515,0.31734172,3.3607626,-2.8869045,-0.810104,1
12.339999999999781,,,,,11.16177,2.0215845,2.0672045,-2.508511,23.905754,2.2671328,1.8253284,-0.6685642,-0.063968144,0.31369314,0.67121094,4.4271464,-9.705098,0.3233738,3.3273149,-2.2896266,-0.8777585,1
12.349999999999781,,,,,11.16177,2.0215845,2.0672045,-2.508511,23.949703,2.170295,1.8285682,-0.66116047,-0.069643684,0.33115277,0.6695909,4.3625946,-9.66225,0.32378355,3.266437,-1.7528106,-0.9450138,1
12.359999999999781,,,,,11.16177,2.0215845,2.0672045,-2.508511,23.992998,2.07389,1.8317858,-0.65415823,-0.07687372,0.3465394,0.6678887,4.2964754,-9.618725,0.3189328,3.1836998,-1.268324,-1.0117737,1
12.36999999999978,,,,,11.273394,1.1479855,4.638004,-2.4517817,24.035624,1.9779209,1.8349302,-0.64755833,-0.08543502,0.35997438,0.6661719,4.2289877,-9.575119,0.30918366,3.0837169,-0.8292132,-1.0779545,1
12.37999999999978,,,,,11.273394,1.1479855,4.638004,-2.4517817,24.077536,1.8824098,1.8380002,-0.64164203,-0.09558063,0.37108144,0.6644214,4.152881,-9.527288,0.30398273,2.9541519,-0.14845255,-1.1299769,1
12.38999999999978,,,,,11.273394,1.1479855,4.638004,-2.4517817,24.118681,1.7873704,1.8409929,-0.6366524,-0.1074998,0.37953892,0.6626199,4.075984,-9.480867,0.29383546,2.8077612,0.46318883,-1.1827575,1
12.39999999999978,,,,,11.273394,1.1479855,4.638004,-2.4517817,24.159054,1.6927855,1.8438617,-0.6325188,-0.12093196,0.38552117,0.6608073,3.9984322,-9.436469,0.27928168,2.6489935,1.014665,-1.2360961,1
12.40999999999978,,,,,11.273466,-0.06153165,5.9315486,-2.3908281,24.198648,1.5986322,1.8465649,-0.62916595,-0.13565503,0.38917887,0.6590032,3.9203596,-9.394592,0.26080218,2.481464,1.5136731,-1.2898147,1
12.41999999999978,,,,,11.273466,-0.06153165,5.9315486,-2.3908281,24.237432,1.5048976,1.8490933,-0.62668586,-0.15149835,0.39029196,0.6572539,3.836295,-9.352868,0.24428102,2.2059925,2.0822356,-1.3330325,1
12.42999999999978,,,,,11.273466,-0.06153165,5.9315486,-2.3908281,24.275375,1.411562,1.8514385,-0.6251534,-0.16831306,0.38866812,0.65558255,3.7523258,-9.314876,0.2242218,1.9361604,2.5994484,-1.377466,1
12.43999999999978,,,,,11.273466,-0.06153165,5.9315486,-2.3908281,24.31248,1.318586,1.8535674,-0.62446344,-0.18594909,0.3844672,0.6539501,3.6686363,-9.28097,0.20110396,1.6730415,3.0713677,-1.422881,1
12.449999999999779,,,,,11.666582,-1.0561187,5.9794893,-2.5500243,24.348751,1.2259275,1.8554513,-0.62450945,-0.20427287,0.3778283,0.6523064,3.585405,-9.251438,0.17532367,1.4173898,3.5032568,-1.4690686,1
12.459999999999779,,,,,11.666582,-1.0561187,5.9794893,-2.5500243,24.38416,1.1335517,1.8570937,-0.6251954,-0.22292791,0.36876985,0.65072274,3.496254,-9.224527,0.15277427,1.0656079,3.856228,-1.5190887,1
12.469999999999779,,,,,11.666582,-1.0561187,5.9794893,-2.5500243,24.418678,1.0414195,1.8584995,-0.626439,-0.24162011,0.3573129,0.6492448,3.4078274,-9.20269,0.12823047,0.7393082,4.1835256,-1.5692945,1
12.479999999999778,,,,,11.666582,-1.0561187,5.9794893,-2.5500243,24.45231,0.9494813,1.8596576,-0.62811214,-0.2603138,0.34367302,0.6477639,3.3186424,-9.185734,0.10339323,0.45973837,4.4638762,-1.6174192,1
12.489999999999778,,,,,11.747707,-1.6477505,5.17778,-2.4254806,24.485048,0.8576873,1.8605676,-0.63005364,-0.2789676,0.32813388,0.64616954,3.2286863,-9.173917,0.07862109,0.22373007,4.700477,-1.6631824,1
12.499999999999778,,,,,11.747707,-1.6477505,5.17778,-2.4254806,24.516878,0.76598465,1.8612329,-0.6320959,-0.2971801,0.31099656,0.6445288,3.1376321,-9.167473,0.05445357,-0.067929074,4.7752295,-1.7005887,1
12.509999999999778,,,,,11.747707,-1.6477505,5.17778,-2.4254806,24.5478,0.6743186,1.861657,-0.63411933,-0.31463203,0.29252335,0.64290494,3.0464463,-9.166625,0.030399302,-0.31411955,4.8382864,-1.7361592,1
12.519999999999778,,,,,11.747707,-1.6477505,5.17778,-2.4254806,24.577808,0.58263266,1.8618412,-0.63605154,-0.33139443,0.2728898,0.6412056,2.9554636,-9.171456,0.0064418786,-0.52193075,4.891476,-1.7699845,1
12.529999999999777,,,,,11.908415,-1.6934838,3.0848508,-2.509866,24.60691,0.49086973,1.861786,-0.6378266,-0.34752434,0.2522468,0.63935345,2.8649964,-9.182032,-0.017482214,-0.6973467,4.9363413,-1.8021499,1
12.539999999999777,,,,,11.908415,-1.6934838,3.0848508,-2.509866,24.635105,0.39897117,1.8614964,-0.6391889,-0.36252722,0.23124667,0.63760006,2.7741077,-9.198576,-0.04045602,-0.85292673,4.647804,-1.8368777,1
12.549999999999777,,,,,11.908415,-1.6934838,3.0848508,-2.509866,24.662395,0.3068791,1.8609765,-0.639983,-0.37603244,0.2104281,0.6361908,2.684288,-9.220683,-0.06357386,-0.98420733,4.4042397,-1.8699015,1
12.559999999999777,,,,,11.908415,-1.6934838,3.0848508,-2.509866,24.688797,0.21453945,1.8602244,-0.64028263,-0.38824782,0.18975596,0.6350526,2.5957456,-9.248039,-0.08690247,-1.0949827,4.1986384,-1.9013047,1
12.569999999999776,,,,,12.426107,-1.3976401,0.17805994,-2.5945563,24.714317,0.1219012,1.8592377,-0.64014286,-0.39934742,0.16919965,0.6341195,2.5086565,-9.280373,-0.11051074,-1.188455,4.025082,-1.931167,1
12.579999999999776,,,,,12.426107,-1.3976401,0.17805994,-2.5945563,24.738956,0.028907951,1.8580291,-0.63937163,-0.4088224,0.14955011,0.63379824,2.4194398,-9.319,-0.13123362,-1.221758,3.4252086,-1.9637196,1
12.589999999999776,,,,,12.426107,-1.3976401,0.17805994,-2.5945563,24.762712,-0.064493485,1.8566118,-0.6378731,-0.4162988,0.13143829,0.6344561,2.331914,-9.361903,-0.15227513,-1.2497745,2.918878,-1.9946749,1
12.599999999999776,,,,,12.426107,-1.3976401,0.17805994,-2.5945563,24.7856,-0.15834263,1.8549829,-0.63579935,-0.4220883,0.11462098,0.6359718,2.2460594,-9.408452,-0.17355159,-1.2733403,2.4915037,-2.0241113,1
12.609999999999776,,,,,12.3385315,-0.2957806,-2.9183931,-2.4153736,24.807638,-0.25267327,1.8531402,-0.6332632,-0.42644885,0.09888974,0.63822997,2.161846,-9.458132,-0.19497097,-1.2931609,2.130773,-2.0521033,1
12.619999999999775,,,,,12.3385315,-0.2957806,-2.9183931,-2.4153736,24.828844,-0.34751257,1.8510804,-0.63006365,-0.4290822,0.08514216,0.64160466,2.079792,-9.510081,-0.2169676,-1.138656,1.3431649,-2.0699291,1
12.629999999999775,,,,,12.3385315,-0.2957806,-2.9183931,-2.4153736,24.849237,-0.44288126,1.8488013,-0.62607455,-0.42976615,0.07408007,0.64640653,1.9990778,-9.563879,-0.2388133,-1.0080978,0.67841226,-2.0868802,1
12.639999999999775,,,,,12.3385315,-0.2957806,-2.9183931,-2.4153736,24.86883,-0.53879386,1.8463054,-0.62145334,-0.4287926,0.06527436,0.65243345,1.9194516,-9.618758,-0.26028636,-0.8977729,0.117351875,-2.1029994,1
12.649999999999775,,,,,12.833583,1.0044405,-5.54372,-2.0182211,24.88763,-0.63525796,1.8435975,-0.61631155,-0.42639956,0.058361538,0.65949595,1.8407083,-9.674087,-0.2811715,-0.8045441,-0.3561908,-2.1183279,1
12.659999999999775,,,,,12.833583,1.0044405,-5.54372,-2.0182211,24.905632,-0.7322863,1.8407003,-0.6104799,-0.42240247,0.054045152,0.6678077,1.7595285,-9.731491,-0.29812685,-0.5235463,-1.1655729,-2.1134157,1
12.669999999999774,,,,,12.833583,1.0044405,-5.54372,-2.0182211,24.922825,-0.8298844,1.8376387,-0.60382134,-0.41664273,0.052866906,0.67750376,1.6787622,-9.787901,-0.31398007,-0.28619158,-1.8486702,-2.1087444,1
12.679999999999774,,,,,12.833583,1.0044405,-5.54372,-2.0182211,24.939209,-0.928038,1.8344253,-0.5964357,-0.40933016,0.0543249,0.688302,1.5981343,-9.842469,-0.32846805,-0.08570254,-2.4251873,-2.1043024,1
12.689999999999774,,,,,13.773852,2.183641,-6.0106454,-1.7380036,24.954786,-1.0267249,1.8310748,-0.58838904,-0.4006366,0.05799443,0.6999449,1.5174694,-9.894466,-0.34137037,0.08364616,-2.911753,-2.1000783,1
12.699999999999774,,,,,13.773852,2.183641,-6.0106454,-1.7380036,24.969528,-1.1259342,1.8276358,-0.57954973,-0.39085007,0.063968785,0.71222466,1.4307408,-9.9468155,-0.34615305,0.41051927,-3.3938062,-2.0823112,1
12.709999999999773,,,,,13.773852,2.183641,-6.0106454,-1.7380036,24.983402,-1.2256469,1.8241585,-0.5698103,-0.380195,0.07230717,0.7249395,1.3437065,-9.9949875,-0.34899318,0.6865271,-3.8006074,-2.0654159,1
12.719999999999773,,,,,13.773852,2.183641,-6.0106454,-1.7380036,24.996403,-1.3258175,1.8206627,-0.5592394,-0.36872,0.082628675,0.73788005,1.2562771,-10.038311,-0.34988865,0.91958296,-4.1439056,-2.0493498,1
12.729999999999773,,,,,14.234702,2.8232625,-6.048874,-1.6446458,25.008528,-1.4263945,1.8171674,-0.5478903,-0.35646945,0.09460718,0.75086135,1.1684642,-10.076194,-0.34887826,1.1163698,-4.433614,-2.0340722,1
12.739999999999773,,,,,14.234702,2.8232625,-6.048874,-1.6446458,25.019758,-1.5273263,1.8137083,-0.5357239,-0.3436229,0.10816014,0.7636898,1.0774068,-10.1091795,-0.3426729,1.3822933,-4.678226,-2.014963,1
12.749999999999773,,,,,14.234702,2.8232625,-6.048874,-1.6446458,25.030075,-1.6285553,1.8103199,-0.5227139,-0.33032426,0.1232064,0.7761919,0.9861417,-10.135496,-0.3347689,1.6067988,-4.8846316,-1.9967912,1
12.759999999999772,,,,,14.234702,2.8232625,-6.048874,-1.6446458,25.039482,-1.7300118,1.807018,-0.5089174,-0.31656748,0.1394858,0.7882445,0.894824,-10.154695,-0.325394,1.7963362,-5.058799,-1.9795113,1
12.769999999999772,,,,,14.58564,2.8853378,-5.917883,-1.5086387,25.047974,-1.8316233,1.8038162,-0.4943835,-0.30235317,0.1567725,0.7997421,0.80368024,-10.166394,-0.31480226,1.9563512,-5.2057643,-1.9630793,1
12.779999999999772,,,,,14.58564,2.8853378,-5.917883,-1.5086387,25.055546,-1.9333136,1.8007388,-0.47916746,-0.2877236,0.17487887,0.8105729,0.7107584,-10.1703825,-0.30057046,2.1011612,-5.3169737,-1.9407797,1
12.789999999999772,,,,,14.58564,2.8853378,-5.917883,-1.5086387,25.062191,-2.0350025,1.797807,-0.46332216,-0.27271816,0.19364206,0.8206446,0.61863375,-10.166126,-0.28569493,2.2234094,-5.4108095,-1.9195744,1
12.799999999999772,,,,,14.58564,2.8853378,-5.917883,-1.5086387,25.06792,-2.1366067,1.7950258,-0.44688603,-0.25734127,0.21291137,0.8299003,0.52767,-10.15345,-0.27051127,2.32661,-5.4899855,-1.8994097,1
12.809999999999771,,,,,15.132547,3.131031,-4.344101,-1.6887207,25.072748,-2.2380416,1.7923967,-0.42989454,-0.241602,0.23255421,0.83829296,0.43826044,-10.132242,-0.2553673,2.4137304,-5.556793,-1.8802345,1
12.819999999999771,,,,,15.132547,3.131031,-4.344101,-1.6887207,25.076675,-2.3392165,1.7899383,-0.41249382,-0.22609231,0.25226718,0.8456298,0.34751445,-10.101364,-0.23640054,2.5258577,-5.367796,-1.8708367,1
12.829999999999771,,,,,15.132547,3.131031,-4.344101,-1.6887207,25.079708,-2.4400392,1.7876657,-0.39483446,-0.21129997,0.27182335,0.8518025,0.2590415,-10.061822,-0.218302,2.6204586,-5.208251,-1.8619003,1
12.83999999999977,,,,,15.132547,3.131031,-4.344101,-1.6887207,25.081867,-2.540424,1.7855679,-0.37694913,-0.19709466,0.29121447,0.85688657,0.1730511,-10.013895,-0.20150198,2.7002735,-5.073569,-1.8534024,1
12.84999999999977,,,,,15.892617,2.4716423,-1.2088125,-1.8436959,25.083178,-2.640289,1.7836299,-0.35886303,-0.18336672,0.31042883,0.86094445,0.08976215,-9.957861,-0.1863916,2.7676132,-4.959875,-1.8453214,1
12.85999999999977,,,,,15.892617,2.4716423,-1.2088125,-1.8436959,25.083652,-2.739539,1.7818611,-0.34103143,-0.17102355,0.32878676,0.86391276,0.0053124577,-9.890862,-0.16773918,2.7221599,-4.3748436,-1.8452418,1
12.86999999999977,,,,,15.892617,2.4716423,-1.2088125,-1.8436959,25.083294,-2.8380811,1.7802668,-0.32386234,-0.16080415,0.34579796,0.8658386,-0.07624027,-9.816482,-0.15151837,2.683685,-3.8810563,-1.845166,1
12.87999999999977,,,,,15.892617,2.4716423,-1.2088125,-1.8436959,25.082134,-2.9358459,1.7788216,-0.3072974,-0.15238968,0.36169663,0.86690176,-0.15512581,-9.735506,-0.13793421,2.6511178,-3.464282,-1.845094,1
12.88999999999977,,,,,16.39547,1.0931617,1.9422268,-1.8878952,25.0802,-3.0327706,1.7774984,-0.29127502,-0.14550476,0.37667203,0.86723864,-0.23155448,-9.648592,-0.12713733,2.6235511,-3.1125095,-1.8450253,1
12.89999999999977,,,,,16.39547,1.0931617,1.9422268,-1.8878952,25.077501,-3.128785,1.7762856,-0.27629414,-0.14085393,0.39004415,0.86699754,-0.30811575,-9.553445,-0.1158594,2.3858314,-2.3239436,-1.847129,1
12.90999999999977,,,,,16.39547,1.0931617,1.9422268,-1.8878952,25.074045,-3.2238245,1.7751713,-0.26277006,-0.13899715,0.40131968,0.86635536,-0.38295564,-9.453783,-0.10744328,2.1850379,-1.6583979,-1.8491293,1
12.919999999999769,,,,,16.39547,1.0931617,1.9422268,-1.8878952,25.069847,-3.3178484,1.7741275,-0.25052056,-0.13951479,0.41087687,0.8654205,-0.45670778,-9.35053,-0.10172045,2.015435,-1.0966805,-1.8510315,1
12.929999999999769,,,,,16.316975,-0.4084338,4.9908814,-1.6880583,25.06491,-3.4108253,1.7731282,-0.23937763,-0.14204583,0.41901904,0.86425793,-0.52993935,-9.244424,-0.098534696,1.8721774,-0.622594,-1.8528404,1
12.939999999999769,,,,,16.316975,-0.4084338,4.9908814,-1.6880583,25.059248,-3.5027318,1.7721462,-0.2298122,-0.14718425,0.42518964,0.8629799,-0.602862,-9.136648,-0.09819519,1.5175725,0.2532605,-1.8447545,1
12.949999999999768,,,,,16.316975,-0.4084338,4.9908814,-1.6880583,25.052853,-3.5935538,1.7711573,-0.22219864,-0.1553853,0.42896783,0.86166537,-0.6766816,-9.02763,-0.099912986,1.2180957,0.992456,-1.8370653,1
12.959999999999768,,,,,16.316975,-0.4084338,4.9908814,-1.6880583,25.04571,-3.6832833,1.770142,-0.21625614,-0.16617037,0.4307444,0.8602775,-0.75226784,-8.918274,-0.10339947,0.9651778,1.6163158,-1.8297535,1
12.969999999999768,,,,,15.440957,-2.2341986,6.163262,-1.09973,25.037798,-3.771921,1.7690839,-0.21173558,-0.17912789,0.4308298,0.85875744,-0.83036494,-8.809339,-0.10845482,0.7515813,2.1428356,-1.8228004,1
12.979999999999768,,,,,15.440957,-2.2341986,6.163262,-1.09973,25.029112,-3.859503,1.7679434,-0.20878851,-0.19406606,0.4287732,0.85726124,-0.9072498,-8.707305,-0.119843625,0.28660208,2.7449174,-1.7873191,1
12.989999999999768,,,,,15.440957,-2.2341986,6.163262,-1.09973,25.019642,-3.9460735,1.7666835,-0.20753467,-0.21080422,0.42422134,0.85587656,-0.9876917,-8.607137,-0.13229215,-0.10599534,3.2530005,-1.7535788,1
12.999999999999767,,,,,15.440957,-2.2341986,6.163262,-1.09973,25.009346,-4.031655,1.7652948,-0.20772201,-0.22902533,0.417528,0.8544395,-1.0721852,-8.509641,-0.14556588,-0.4374745,3.6817634,-1.7214942,1
13.009999999999767,,,,,16.094563,-3.0060723,6.140008,-1.0865512,24.998182,-4.1162777,1.7637697,-0.20912834,-0.24845338,0.40898347,0.8527991,-1.1611165,-8.41554,-0.15954766,-0.71734726,4.043591,-1.690984,1
13.019999999999767,,,,,16.094563,-3.0060723,6.140008,-1.0865512,24.986086,-4.1999607,1.7621193,-0.2116386,-0.2687824,0.39856517,0.8509456,-1.258729,-8.321693,-0.17067298,-1.0740204,4.3490644,-1.6613244,1
13.029999999999767,,,,,16.094563,-3.0060723,6.140008,-1.0865512,24.97299,-4.282729,1.7603542,-0.21515149,-0.28974855,0.38626504,0.8488536,-1.361429,-8.2328,-0.18246129,-1.3751286,4.6068277,-1.6331202,1
13.039999999999766,,,,,16.094563,-3.0060723,6.140008,-1.0865512,24.95884,-4.364636,1.7584678,-0.21950124,-0.3111831,0.3723254,0.8463779,-1.469289,-8.149536,-0.194935,-1.6293263,4.8243346,-1.6062999,1
13.049999999999766,,,,,17.460579,-2.8514695,4.948149,-1.1718801,24.943584,-4.445741,1.7564528,-0.22454125,-0.33293724,0.35695225,0.8433958,-1.5822957,-8.072521,-0.2082052,-1.8439206,5.007873,-1.5807956,1
13.059999999999766,,,,,17.460579,-2.8514695,4.948149,-1.1718801,24.927126,-4.526079,1.754336,-0.22996584,-0.3545452,0.34046853,0.8399357,-1.7103544,-7.996333,-0.21532956,-2.0011225,4.9986944,-1.56073,1
13.069999999999766,,,,,17.460579,-2.8514695,4.948149,-1.1718801,24.90936,-4.6056943,1.752142,-0.23553343,-0.37563965,0.32315442,0.8360548,-1.843563,-7.927896,-0.22369656,-2.1338038,4.99092,-1.541649,1
13.079999999999766,,,,,17.460579,-2.8514695,4.948149,-1.1718801,24.890238,-4.6846647,1.7498572,-0.24120861,-0.3962314,0.30511627,0.8316975,-1.9815439,-7.8675036,-0.2335126,-2.245789,4.984336,-1.5235044,1
13.089999999999765,,,,,18.249182,-2.7035794,2.199066,-1.1841477,24.869715,-4.7630725,1.747466,-0.24695767,-0.41632777,0.28644642,0.8268187,-2.1239061,-7.81541,-0.24501449,-2.3403058,4.9787602,-1.50625,1
13.099999999999765,,,,,18.249182,-2.7035794,2.199066,-1.1841477,24.847713,-4.840992,1.7449696,-0.25241923,-0.43504792,0.26755178,0.8218464,-2.276809,-7.7698,-0.2545922,-2.3974302,4.5452995,-1.4904443,1
13.109999999999765,,,,,18.249182,-2.7035794,2.199066,-1.1841477,24.824165,-4.9184985,1.7423675,-0.25734264,-0.4517304,0.24878539,0.8172013,-2.4331167,-7.732801,-0.2661149,-2.4455702,4.1794286,-1.4754142,1
13.119999999999765,,,,,18.249182,-2.7035794,2.199066,-1.1841477,24.799042,-4.995676,1.739641,-0.26184097,-0.4666724,0.23014405,0.812827,-2.5921407,-7.704085,-0.27945635,-2.4861398,3.8706079,-1.4611217,1
13.129999999999765,,,,,18.137606,-1.9845815,-1.4356451,-1.3115859,24.772316,-5.072607,1.7367725,-0.26600248,-0.48012254,0.2116209,0.8086652,-2.7532995,-7.6833634,-0.29451257,-2.5203295,3.6099417,-1.4475305,1
13.139999999999764,,,,,18.137606,-1.9845815,-1.4356451,-1.3115859,24.743977,-5.14937,1.7337428,-0.26944986,-0.49120325,0.19382346,0.8053238,-2.915061,-7.6703706,-0.31163585,-2.4375336,2.8229961,-1.4408596,1
13.149999999999764,,,,,18.137606,-1.9845815,-1.4356451,-1.3115859,24.714014,-5.226038,1.7305362,-0.27192405,-0.49926656,0.17724517,0.80335057,-3.0777473,-7.664154,-0.32980835,-2.3675282,2.158788,-1.4345161,1
13.159999999999764,,,,,18.137606,-1.9845815,-1.4356451,-1.3115859,24.68242,-5.3026733,1.7271452,-0.2736347,-0.50480217,0.16171634,0.80258614,-3.2407753,-7.6638412,-0.3484318,-2.3083375,1.5981737,-1.4284838,1
13.169999999999764,,,,,18.666252,-0.063024096,-4.05415,-1.2237246,24.649199,-5.3793325,1.7235678,-0.27474484,-0.50821155,0.1470859,0.8028698,-3.4036922,-7.6687074,-0.36697206,-2.2582924,1.1249965,-1.4227476,1
13.179999999999763,,,,,18.666252,-0.063024096,-4.05415,-1.2237246,24.614325,-5.456064,1.7198192,-0.2748519,-0.50919694,0.13413323,0.80447567,-3.5708635,-7.6783276,-0.38259357,-1.9166919,0.3169825,-1.4129815,1
13.189999999999763,,,,,18.666252,-0.063024096,-4.05415,-1.2237246,24.577784,-5.532911,1.7159201,-0.27365628,-0.50754255,0.12347046,0.8076297,-3.737184,-7.6913786,-0.39697337,-1.6282386,-0.36496848,-1.4036946,1
13.199999999999763,,,,,18.666252,-0.063024096,-4.05415,-1.2237246,24.539583,-5.6099,1.7118862,-0.2714021,-0.50365096,0.11474575,0.81210095,-3.9023514,-7.706683,-0.40947175,-1.3846647,-0.94052505,-1.3948636,1
13.209999999999763,,,,,18.289873,1.4126416,-5.1269536,-1.0349449,24.499739,-5.687049,1.7077392,-0.26828125,-0.4978484,0.107657455,0.8176674,-4.066104,-7.7232704,-0.41952667,-1.1789887,-1.4262867,-1.3864658,1
13.219999999999763,,,,,18.289873,1.4126416,-5.1269536,-1.0349449,24.45828,-5.764365,1.7034966,-0.26412654,-0.4902043,0.10255831,0.8242674,-4.2249327,-7.7399354,-0.428483,-0.77532446,-2.0037768,-1.3692164,1
13.229999999999762,,,,,18.289873,1.4126416,-5.1269536,-1.0349449,24.415243,-5.8418455,1.6991808,-0.2588144,-0.48077297,0.09971571,0.8318217,-4.381921,-7.7559752,-0.4341268,-0.43452036,-2.4911432,-1.3528136,1
13.239999999999762,,,,,18.289873,1.4126416,-5.1269536,-1.0349449,24.370647,-5.919479,1.6948268,-0.25253746,-0.4697763,0.09877525,0.8401051,-4.536832,-7.7704124,-0.43608025,-0.14678928,-2.9024518,-1.3372157,1
13.249999999999762,,,,,17.565222,2.3586926,-5.5682497,-1.0390515,24.324512,-5.9972453,1.690473,-0.24545063,-0.45739746,0.09943495,0.8489124,-4.689399,-7.7824364,-0.43403915,0.09613244,-3.2495725,-1.3223832,1
13.259999999999762,,,,,17.565222,2.3586926,-5.5682497,-1.0390515,24.276896,-6.0751147,1.6861401,-0.23748921,-0.4437305,0.101802506,0.8581004,-4.8333826,-7.79099,-0.4319083,0.44869852,-3.6114686,-1.3084801,1
13.269999999999762,,,,,17.565222,2.3586926,-5.5682497,-1.0390515,24.227854,-6.1530514,1.6818492,-0.22860762,-0.42884845,0.10594891,0.8675254,-4.9745235,-7.795806,-0.42557564,0.7463347,-3.9168746,-1.2952592,1
13.279999999999761,,,,,17.565222,2.3586926,-5.5682497,-1.0390515,24.177416,-6.231015,1.6776433,-0.21894526,-0.41286647,0.11158517,0.8770125,-5.1124783,-7.7962084,-0.41496527,0.9975977,-4.174609,-1.2826872,1
13.289999999999761,,,,,17.621693,3.207762,-5.7090435,-0.71433735,24.125616,-6.308959,1.6735648,-0.2086172,-0.39588493,0.11846389,0.8864075,-5.2468624,-7.7916493,-0.40006492,1.2097123,-4.3921146,-1.2707319,1
13.299999999999761,,,,,17.621693,3.207762,-5.7090435,-0.71433735,24.07249,-6.38683,1.6696584,-0.19761509,-0.3780065,0.12670222,0.89554673,-5.3776836,-7.781631,-0.38055345,1.5212187,-4.5977197,-1.2434294,1
13.30999999999976,,,,,17.621693,3.207762,-5.7090435,-0.71433735,24.018078,-6.4645705,1.6659677,-0.18594696,-0.3593123,0.13638157,0.90427685,-5.5040946,-7.7656565,-0.3569502,1.7841746,-4.7712126,-1.2174667,1
13.31999999999976,,,,,17.621693,3.207762,-5.7090435,-0.71433735,23.962423,-6.54212,1.6625328,-0.17372213,-0.3398588,0.14725488,0.9124861,-5.625654,-7.7432785,-0.32947794,2.0061452,-4.91761,-1.1927781,1
13.32999999999976,,,,,17.282955,3.418461,-5.040435,-0.59209687,23.90558,-6.619413,1.6593907,-0.1610322,-0.3196997,0.15910858,0.9200779,-5.741898,-7.71416,-0.29840824,2.1935177,-5.0411463,-1.1693009,1
13.33999999999976,,,,,17.282955,3.418461,-5.040435,-0.59209687,23.847614,-6.696383,1.6565632,-0.14798607,-0.29914552,0.17179905,0.926874,-5.8502407,-7.6787624,-0.2666174,2.38464,-5.0411367,-1.1409773,1
13.34999999999976,,,,,17.282955,3.418461,-5.040435,-0.59209687,23.788595,-6.7729645,1.6540679,-0.13468467,-0.2784559,0.18520623,0.9327482,-5.9525595,-7.636398,-0.23205698,2.5459526,-5.0411024,-1.1140436,1
13.35999999999976,,,,,17.282955,3.418461,-5.040435,-0.59209687,23.728584,-6.849087,1.6519301,-0.12118727,-0.25761184,0.19918844,0.9376951,-6.048526,-7.587014,-0.19519697,2.6821039,-5.0410523,-1.0884316,1
13.36999999999976,,,,,17.248405,3.141555,-2.8249662,-0.82776856,23.667646,-6.924681,1.6501703,-0.10754303,-0.23660177,0.21362163,0.9417103,-6.137811,-7.530624,-0.15651026,2.7970183,-5.0409927,-1.0640763,1
13.37999999999976,,,,,17.248405,3.141555,-2.8249662,-0.82776856,23.605852,-6.9996767,1.6488031,-0.09398602,-0.2162549,0.22819836,0.94462913,-6.219987,-7.4674525,-0.11677064,2.8510237,-4.6954203,-1.0524806,1
13.389999999999759,,,,,17.248405,3.141555,-2.8249662,-0.82776856,23.543272,-7.074007,1.6478374,-0.0807168,-0.19725013,0.2426932,0.9464013,-6.2953234,-7.39768,-0.07630633,2.8965635,-4.403734,-1.041454,1
13.399999999999759,,,,,17.248405,3.141555,-2.8249662,-0.82776856,23.479969,-7.1476083,1.6472774,-0.06772364,-0.17937613,0.25711268,0.9471689,-6.364014,-7.3216357,-0.035686336,2.9349654,-4.1575317,-1.0309683,1
13.409999999999759,,,,,16.245193,1.9480424,0.2125798,-0.7533633,23.416014,-7.2204194,1.6471224,-0.054992028,-0.16245233,0.27145803,0.9470448,-6.426223,-7.2396255,0.004594216,2.9673483,-3.949721,-1.0209972,1
13.419999999999758,,,,,16.245193,1.9480424,0.2125798,-0.7533633,23.351482,-7.292407,1.6473265,-0.042926446,-0.14745267,0.28522012,0.9460775,-6.478918,-7.15708,0.03609178,2.808848,-3.3004827,-1.0078644,1
13.429999999999758,,,,,16.245193,1.9480424,0.2125798,-0.7533633,23.286451,-7.363545,1.6478404,-0.031858157,-0.13515452,0.29803053,0.9444015,-6.5263834,-7.0697637,0.066482715,2.6749878,-2.7525127,-0.99537593,1
13.439999999999758,,,,,16.245193,1.9480424,0.2125798,-0.7533633,23.220968,-7.433788,1.6486515,-0.021668294,-0.1251451,0.3100686,0.9421914,-6.569366,-6.9781885,0.09548213,2.5619388,-2.2900152,-0.9835003,1
13.449999999999758,,,,,15.96549,0.48149228,2.2713668,-0.67174584,23.155077,-7.503095,1.6497446,-0.012250032,-0.1170704,0.32147762,0.93957144,-6.608513,-6.8827634,0.1228807,2.4664657,-1.8996576,-0.9722074,1
13.459999999999757,,,,,15.96549,0.48149228,2.2713668,-0.67174584,23.088812,-7.5714393,1.6510923,-0.003853087,-0.11139423,0.33181795,0.9367344,-6.6438217,-6.785558,0.14640461,2.1573343,-1.248972,-0.9574637,1
13.469999999999757,,,,,15.96549,0.48149228,2.2713668,-0.67174584,23.022207,-7.6387963,1.6526667,0.0033264533,-0.108471826,0.3407616,0.9338642,-6.6768293,-6.68543,0.16819401,1.8963366,-0.6997969,-0.9434434,1
13.479999999999757,,,,,15.96549,0.48149228,2.2713668,-0.67174584,22.95528,-7.7051396,1.6544504,0.009451317,-0.10787524,0.34855604,0.93101037,-6.7083945,-6.5828433,0.18828283,1.6759793,-0.23629558,-0.9301111,1
13.489999999999757,,,,,16.716284,-0.76521647,4.1794004,-0.43719682,22.888042,-7.770446,1.6564267,0.01466278,-0.109240174,0.35540038,0.92819184,-6.73925,-6.4781637,0.20671311,1.4899353,0.15489809,-0.917433,1
13.499999999999757,,,,,16.716284,-0.76521647,4.1794004,-0.43719682,22.820488,-7.8346715,1.6586063,0.01872835,-0.11296346,0.361009,0.92550474,-6.7715254,-6.3667064,0.22893973,1.1386092,0.7827446,-0.8938677,1
13.509999999999756,,,,,16.716284,-0.76521647,4.1794004,-0.43719682,22.752605,-7.897775,1.6610001,0.02146177,-0.11934034,0.36516306,0.9230121,-6.804715,-6.253839,0.24959306,0.8419983,1.3126364,-0.8714587,1
13.519999999999756,,,,,16.716284,-0.76521647,4.1794004,-0.43719682,22.684385,-7.9597454,1.663593,0.023040265,-0.1279466,0.368093,0.92065436,-6.8397403,-6.1399918,0.2687738,0.59158343,1.7598572,-0.85014933,1
13.529999999999756,,,,,16.710533,-1.5388261,5.165125,-0.3164453,22.615803,-8.020573,1.6663709,0.023616549,-0.13842154,0.36998427,0.9183635,-6.8773746,-6.0255303,0.28653947,0.38017216,2.1373057,-0.82988566,1
13.539999999999756,,,,,16.710533,-1.5388261,5.165125,-0.3164453,22.546827,-8.080255,1.6693189,0.023118393,-0.15082203,0.37071323,0.91612667,-6.918283,-5.9108367,0.3028723,0.08111814,2.6096556,-0.804691,1
13.549999999999756,,,,,16.710533,-1.5388261,5.165125,-0.3164453,22.477425,-8.138789,1.6724235,0.021491008,-0.16517091,0.37018114,0.91390413,-6.963224,-5.7962904,0.3178291,-0.17134897,3.0083094,-0.7807326,1
13.559999999999755,,,,,16.710533,-1.5388261,5.165125,-0.3164453,22.407547,-8.196181,1.6756705,0.018881518,-0.18113722,0.36855662,0.91159034,-7.012874,-5.6823153,0.3313829,-0.3844848,3.3447664,-0.7579499,1
13.569999999999755,,,,,15.786985,-1.7007818,4.614829,-0.5175599,22.337147,-8.252438,1.6790459,0.015417599,-0.1984379,0.36597803,0.9090891,-7.067781,-5.569312,0.34345055,-0.56441456,3.6287313,-0.73628515,1
13.579999999999755,,,,,15.786985,-1.7007818,4.614829,-0.5175599,22.266188,-8.307602,1.6825039,0.011300083,-0.21664104,0.36249375,0.90638596,-7.125017,-5.463833,0.3479098,-0.74158293,3.7825923,-0.72555226,1
13.589999999999755,,,,,15.786985,-1.7007818,4.614829,-0.5175599,22.194626,-8.36172,1.6859984,0.0066980957,-0.23539259,0.35815093,0.90347755,-7.1878448,-5.3599873,0.35074854,-0.8911341,3.912444,-0.71534604,1
13.599999999999755,,,,,15.786985,-1.7007818,4.614829,-0.5175599,22.122408,-8.414808,1.6895128,0.0016728601,-0.25457284,0.35305372,0.9003007,-7.2564,-5.2581115,0.35185084,-1.0173727,4.0220327,-0.7056406,1
13.609999999999754,,,,,15.097392,-1.5975313,2.9199994,-0.5811774,22.049477,-8.466889,1.693029,-0.003721226,-0.27407852,0.34729046,0.89680254,-7.3307652,-5.158523,0.35107264,-1.1239321,4.1145215,-0.6964115,1
13.619999999999754,,,,,15.097392,-1.5975313,2.9199994,-0.5811774,21.97579,-8.518009,1.6965065,-0.009183079,-0.29321858,0.3409779,0.8931243,-7.407429,-5.0657487,0.34410736,-1.1978889,3.9282656,-0.690757,1
13.629999999999754,,,,,15.097392,-1.5975313,2.9199994,-0.5811774,21.90131,-8.568213,1.6999046,-0.014472878,-0.31145373,0.3342293,0.8894247,-7.48938,-4.975625,0.33518133,-1.2602967,3.7710507,-0.6853799,1
13.639999999999754,,,,,15.097392,-1.5975313,2.9199994,-0.5811774,21.825985,-8.617531,1.7032036,-0.019627536,-0.3289059,0.32710764,0.8856831,-7.5763035,-4.8882923,0.32430315,-1.3129596,3.6383486,-0.6802666,1
13.649999999999753,,,,,14.63817,-1.401716,0.42299393,-0.6498142,21.749767,-8.665989,1.706384,-0.02467648,-0.34567767,0.31966525,0.881879,-7.66792,-4.8038735,0.31146958,-1.3573992,3.5263376,-0.6754043,1
13.659999999999753,,,,,14.63817,-1.401716,0.42299393,-0.6498142,21.672626,-8.713632,1.7094134,-0.029291503,-0.36098388,0.3120412,0.87832874,-7.761006,-4.7249317,0.29416913,-1.3645258,3.0423746,-0.67414856,1
13.669999999999753,,,,,14.63817,-1.401716,0.42299393,-0.6498142,21.594536,-8.760499,1.7122616,-0.03322011,-0.37422675,0.30436447,0.8753351,-7.8578076,-4.6488414,0.27522367,-1.370507,2.6338851,-0.67295456,1
13.679999999999753,,,,,14.63817,-1.401716,0.42299393,-0.6498142,21.51546,-8.806619,1.7149131,-0.036584068,-0.3857349,0.2966571,0.87284774,-7.957785,-4.575496,0.25491342,-1.3755269,2.289099,-0.6718191,1
13.689999999999753,,,,,14.546806,-0.6218011,-2.2726521,-0.88890994,21.43537,-8.852018,1.717356,-0.039483964,-0.3957827,0.28893295,0.87081176,-8.060495,-4.5047984,0.23348743,-1.3797396,1.9980818,-0.6707393,1
13.699999999999752,,,,,14.546806,-0.6218011,-2.2726521,-0.88890994,21.354244,-8.896726,1.7195777,-0.041543998,-0.4036846,0.28150582,0.86952037,-8.164868,-4.4370456,0.21072727,-1.2618208,1.3320206,-0.681445,1
13.709999999999752,,,,,14.546806,-0.6218011,-2.2726521,-0.88890994,21.272066,-8.940766,1.7215692,-0.042472586,-0.40891975,0.27462858,0.8692285,-8.27092,-4.3714647,0.18754654,-1.1622542,0.7698376,-0.6916254,1
13.719999999999752,,,,,14.546806,-0.6218011,-2.2726521,-0.88890994,21.188822,-8.98416,1.7233287,-0.042457465,-0.4119147,0.2682217,0.8698155,-8.378042,-4.307694,0.16440351,-1.0781826,0.295332,-0.70130616,1
13.729999999999752,,,,,14.353884,0.48747432,-4.047391,-0.90575665,21.104504,-9.026925,1.7248589,-0.041654274,-0.41302183,0.26221249,0.87116057,-8.485741,-4.2454257,0.14169832,-1.0071936,-0.10517,-0.7105119,1
13.739999999999752,,,,,14.353884,0.48747432,-4.047391,-0.90575665,21.019114,-9.0690775,1.7261605,-0.039822098,-0.41193306,0.25695097,0.8733269,-8.592138,-4.1851764,0.11878346,-0.7743896,-0.72006005,-0.72009265,1
13.749999999999751,,,,,14.353884,0.48747432,-4.047391,-0.90575665,20.932663,-9.110633,1.7272387,-0.03677907,-0.40841144,0.25270718,0.8763474,-8.698096,-4.1256666,0.09706904,-0.57785296,-1.2390441,-0.7292033,1
13.759999999999751,,,,,14.353884,0.48747432,-4.047391,-0.90575665,20.845156,-9.151593,1.7281073,-0.032721993,-0.40281764,0.24931005,0.8800625,-8.803061,-4.0664525,0.07693817,-0.411933,-1.6770806,-0.7378668,1
13.76999999999975,,,,,14.042506,1.2967049,-5.0962954,-0.91875255,20.756609,-9.191962,1.728784,-0.027814776,-0.39545074,0.24661155,0.8843224,-8.906549,-4.0071783,0.058709286,-0.27185938,-2.046795,-0.7461052,1
13.77999999999975,,,,,14.042506,1.2967049,-5.0962954,-0.91875255,20.667046,-9.231743,1.7292801,-0.02196239,-0.38619605,0.2447809,0.889073,-9.00591,-3.9488332,0.04086992,-0.02748762,-2.5224814,-0.75457704,1
13.78999999999975,,,,,14.042506,1.2967049,-5.0962954,-0.91875255,20.5765,-9.270936,1.7296096,-0.015099406,-0.3749643,0.24393941,0.89424026,-9.102865,-3.889768,0.025407167,0.17880698,-2.9239686,-0.7626332,1
13.79999999999975,,,,,14.042506,1.2967049,-5.0962954,-0.91875255,20.484999,-9.309534,1.7297971,-0.0073912637,-0.3620197,0.24390396,0.89966446,-9.196898,-3.8296602,0.012528661,0.35295814,-3.2628298,-0.770294,1
13.80999999999975,,,,,14.233786,2.0379508,-5.331487,-0.7091166,20.392572,-9.347525,1.7298695,0.0010229612,-0.34758562,0.24451815,0.90520287,-9.28753,-3.7682757,0.0023793231,0.49997488,-3.5488336,-0.7775789,1
13.81999999999975,,,,,14.233786,2.0379508,-5.331487,-0.7091166,20.299255,-9.38489,1.7298604,0.010127099,-0.33175892,0.245926,0.9106877,-9.375491,-3.7045827,-0.003721584,0.73968905,-3.8269572,-0.7742194,1
13.82999999999975,,,,,14.233786,2.0379508,-5.331487,-0.7091166,20.205078,-9.421611,1.7298049,0.019893067,-0.3146218,0.24823357,0.91596705,-9.459076,-3.639208,-0.006968041,0.9420426,-4.0616875,-0.7710248,1
13.83999999999975,,,,,14.233786,2.0379508,-5.331487,-0.7091166,20.11009,-9.457667,1.7297308,0.030196957,-0.2963327,0.25126576,0.92094445,-9.537827,-3.5719879,-0.0074121193,1.1128577,-4.259795,-0.767987,1
13.84999999999975,,,,,14.322844,2.4956949,-4.7235813,-0.7040466,20.014341,-9.493042,1.729666,0.040934153,-0.27702963,0.25487313,0.9255359,-9.6113205,-3.5028324,-0.00514803,1.2570502,-4.426995,-0.7650982,1
13.859999999999749,,,,,14.322844,2.4956949,-4.7235813,-0.7040466,19.917883,-9.527715,1.7296399,0.052002866,-0.25705183,0.25910997,0.9295591,-9.679599,-3.4312632,0.0003223603,1.4502016,-4.4733405,-0.7621025,1
13.869999999999749,,,,,14.322844,2.4956949,-4.7235813,-0.7040466,19.82077,-9.561661,1.7296804,0.06331252,-0.2366805,0.2640183,0.93288064,-9.741907,-3.35768,0.0081179645,1.6132344,-4.5124435,-0.7592537,1
13.879999999999749,,,,,14.322844,2.4956949,-4.7235813,-0.7040466,19.723066,-9.594861,1.7298093,0.074797295,-0.21595135,0.2694627,0.93549895,-9.797997,-3.282083,0.017950745,1.7508454,-4.5454354,-0.75654465,1
13.889999999999748,,,,,14.408492,2.3758996,-3.1868966,-0.829625,19.624832,-9.6272955,1.7300454,0.08640216,-0.19489852,0.27532706,0.9374126,-9.847645,-3.2045186,0.029529577,1.8669984,-4.5732718,-0.75396854,1
13.899999999999748,,,,,14.408492,2.3758996,-3.1868966,-0.829625,19.526133,-9.658941,1.7304082,0.097916946,-0.1741418,0.28152224,0.9385256,-9.890936,-3.1245975,0.04321063,1.946457,-4.3571115,-0.757681,1
13.909999999999748,,,,,14.408492,2.3758996,-3.1868966,-0.829625,19.427034,-9.68978,1.7309133,0.10917568,-0.15418567,0.28798977,0.9388117,-9.927643,-3.0428944,0.05795623,2.0135088,-4.1746545,-0.76121134,1
13.919999999999748,,,,,14.408492,2.3758996,-3.1868966,-0.829625,19.327602,-9.719794,1.7315696,0.12019654,-0.13490358,0.2946765,0.938359,-9.957894,-2.959525,0.07339681,2.0700908,-4.0206466,-0.7645684,1
13.929999999999747,,,,,14.301782,1.8163348,-0.83572835,-1.0803148,19.227898,-9.748967,1.7323824,0.13099618,-0.11618873,0.30153507,0.9372379,-9.981805,-2.8746088,0.08920306,2.1178384,-3.890652,-0.7677607,1
13.939999999999747,,,,,14.301782,1.8163348,-0.83572835,-1.0803148,19.127985,-9.777287,1.7333497,0.14131,-0.09887379,0.308441,0.9354772,-9.999409,-2.788908,0.10422537,2.0710225,-3.4142356,-0.7830978,1
13.949999999999747,,,,,14.301782,1.8163348,-0.83572835,-1.0803148,19.027927,-9.804743,1.7344661,0.15093827,-0.08362091,0.31531873,0.9331652,-10.011375,-2.7019057,0.11899307,2.0314803,-3.0121179,-0.79768234,1
13.959999999999747,,,,,14.301782,1.8163348,-0.83572835,-1.0803148,18.927776,-9.831322,1.7357278,0.15998237,-0.07011473,0.32218987,0.93042,-10.01825,-2.6136847,0.13324007,1.9980804,-2.6727118,-0.81155115,1
13.969999999999747,,,,,13.845728,1.2271422,1.225843,-1.1692923,18.827578,-9.857013,1.7371283,0.16852857,-0.058086652,0.32906726,0.9273278,-10.020498,-2.5243034,0.14675699,1.9698678,-2.3862371,-0.82473946,1
13.979999999999746,,,,,13.845728,1.2271422,1.225843,-1.1692923,18.727379,-9.881818,1.7386419,0.17637545,-0.048117206,0.33588275,0.9239899,-10.018627,-2.4366875,0.15584421,1.8543222,-1.8228939,-0.8416468,1
13.989999999999746,,,,,13.845728,1.2271422,1.225843,-1.1692923,18.627216,-9.905743,1.7402416,0.18336964,-0.04065436,0.342596,0.9205156,-10.01338,-2.3479853,0.16392301,1.7567599,-1.3474102,-0.8577244,1
13.999999999999746,,,,,13.845728,1.2271422,1.225843,-1.1692923,18.527119,-9.928774,1.7419167,0.18964268,-0.035308193,0.34924462,0.9169599,-10.005425,-2.2581673,0.17089067,1.6743807,-0.94608366,-0.8730132,1
14.009999999999746,,,,,13.705263,0.6840072,3.0234203,-1.2536354,18.427113,-9.950902,1.7436553,0.19530495,-0.031748742,0.35585347,0.91335344,-9.995323,-2.167192,0.17667219,1.6048205,-0.60734886,-0.88755167,1
14.019999999999746,,,,,13.705263,0.6840072,3.0234203,-1.2536354,18.327215,-9.972118,1.7454404,0.20019485,-0.030400043,0.3623825,0.90976644,-9.98371,-2.0759432,0.18016832,1.4615465,-0.04106687,-0.9055155,1
14.029999999999745,,,,,13.705263,0.6840072,3.0234203,-1.2536354,18.22744,-9.992416,1.747254,0.20418578,-0.031582605,0.3688028,0.9062524,-9.97117,-1.98341,0.18238516,1.3405758,0.4368947,-0.92259777,1
14.039999999999745,,,,,13.705263,0.6840072,3.0234203,-1.2536354,18.127792,-10.011782,1.7490835,0.2074095,-0.03489977,0.37513804,0.90279174,-9.958372,-1.8894973,0.18327843,1.2384351,0.84031004,-0.93884194,1
14.049999999999745,,,,,13.779989,0.060452126,3.8952303,-1.2281553,18.028273,-10.030201,1.750915,0.20997627,-0.040016703,0.38140145,0.8993552,-9.945871,-1.7941207,0.1828006,1.1521924,1.1808059,-0.95428896,1
14.059999999999745,,,,,13.779989,0.060452126,3.8952303,-1.2281553,17.928875,-10.047656,1.7527373,0.21183147,-0.047015503,0.38744834,0.8959905,-9.934099,-1.6966844,0.1814267,0.9822129,1.604216,-0.96772766,1
14.069999999999744,,,,,13.779989,0.060452126,3.8952303,-1.2281553,17.829588,-10.06413,1.7545385,0.21293068,-0.05594512,0.39316022,0.8927227,-9.923688,-1.5976685,0.17859302,0.8387062,1.9615816,-0.98050696,1
14.079999999999744,,,,,13.779989,0.060452126,3.8952303,-1.2281553,17.730394,-10.079605,1.756304,0.21337333,-0.066499576,0.39857486,0.8894863,-9.915162,-1.4970531,0.17425802,0.7175483,2.263205,-0.9926591,1
14.089999999999744,,,,,14.014628,-0.47428766,4.139988,-1.1382066,17.631273,-10.094065,1.7580185,0.21324371,-0.07841965,0.40371972,0.88622004,-9.908958,-1.3948352,0.1683584,0.615258,2.51778,-1.004215,1
14.099999999999744,,,,,14.014628,-0.47428766,4.139988,-1.1382066,17.532202,-10.107487,1.7596734,0.21254618,-0.09161329,0.40844706,0.8829497,-9.905398,-1.289268,0.16236016,0.44552106,2.7708714,-1.01079,1
14.109999999999744,,,,,14.014628,-0.47428766,4.139988,-1.1382066,17.433151,-10.119845,1.7612597,0.21128313,-0.105993494,0.41263852,0.8796888,-9.904971,-1.1821637,0.154638,0.30223,2.9844775,-1.0170425,1
14.119999999999743,,,,,14.014628,-0.47428766,4.139988,-1.1382066,17.334087,-10.131126,1.7627599,0.20951903,-0.12136328,0.41635102,0.87636906,-9.908021,-1.0736172,0.14512612,0.18126413,3.1647582,-1.022988,1
14.129999999999743,,,,,14.136351,-1.0880802,3.1647577,-1.0213852,17.234976,-10.141315,1.7641557,0.20730984,-0.1375548,0.41963062,0.87293166,-9.914831,-0.9637333,0.13373554,0.07914463,3.3169124,-1.0286417,1
14.139999999999743,,,,,14.136351,-1.0880802,3.1647577,-1.0213852,17.135777,-10.1503935,1.7654316,0.2048215,-0.15412998,0.42222396,0.86949253,-9.925713,-0.85167646,0.12111519,-0.10290009,3.2933059,-1.0282856,1
14.149999999999743,,,,,14.136351,-1.0880802,3.1647577,-1.0213852,17.036446,-10.158346,1.7665714,0.20218778,-0.17073561,0.4239413,0.86616474,-9.9407,-0.7386171,0.10653086,-0.2565524,3.273362,-1.0279468,1
14.159999999999743,,,,,14.136351,-1.0880802,3.1647577,-1.0213852,16.936947,-10.165164,1.7675557,0.19941133,-0.18735345,0.42490268,0.86289614,-9.959841,-0.62478113,0.09002088,-0.3862407,3.2565117,-1.0276248,1
14.169999999999742,,,,,14.018976,-1.3218281,0.8377184,-1.0105184,16.837236,-10.170839,1.7683653,0.19649611,-0.20396736,0.4252086,0.85964096,-9.983166,-0.5103735,0.07159987,-0.49570227,3.2422757,-1.0273187,1
14.179999999999742,,,,,14.018976,-1.3218281,0.8377184,-1.0105184,16.737272,-10.175374,1.7689779,0.19382392,-0.21978343,0.42468494,0.85660297,-10.010421,-0.39654717,0.050651368,-0.62478864,2.8673725,-1.0264943,1
14.189999999999742,,,,,14.018976,-1.3218281,0.8377184,-1.0105184,16.637014,-10.17877,1.7693726,0.1917033,-0.23418227,0.423216,0.8539878,-10.041511,-0.2825958,0.028052855,-0.73370445,2.5509214,-1.0257103,1
14.199999999999742,,,,,14.018976,-1.3218281,0.8377184,-1.0105184,16.53643,-10.181026,1.7695342,0.1900394,-0.24738477,0.42095485,0.85175186,-10.076102,-0.16873926,0.004062025,-0.8256015,2.2838092,-1.0249649,1
14.209999999999742,,,,,13.927164,-1.0421668,-1.8696685,-1.0014399,16.435484,-10.182146,1.76945,0.18875213,-0.25957644,0.4180276,0.8498494,-10.113923,-0.055154387,-0.021097597,-0.9031394,2.0583432,-1.024256,1
14.219999999999741,,,,,13.927164,-1.0421668,-1.8696685,-1.0014399,16.334145,-10.182136,1.7691067,0.18825564,-0.26997298,0.41443184,0.8484804,-10.154422,0.05727113,-0.047669157,-0.92523015,1.445786,-1.0231364,1
14.229999999999741,,,,,13.927164,-1.0421668,-1.8696685,-1.0014399,16.23239,-10.181003,1.7684948,0.18887588,-0.277968,0.41017857,0.84782755,-10.197285,0.16915187,-0.07476476,-0.9438115,0.9287543,-1.0220716,1
14.23999999999974,,,,,13.927164,-1.0421668,-1.8696685,-1.0014399,16.130194,-10.178754,1.7676111,0.19043027,-0.28394073,0.40537587,0.8478105,-10.241942,0.28038612,-0.1019495,-0.9594407,0.4923515,-1.0210593,1
14.24999999999974,,,,,14.3871,-0.31367248,-3.922186,-0.8691735,16.027544,-10.175397,1.7664567,0.19276342,-0.28820735,0.40010875,0.84834546,-10.287923,0.3908937,-0.12884443,-0.9725867,0.12400393,-1.0200965,1
14.25999999999974,,,,,14.3871,-0.31367248,-3.922186,-0.8691735,15.924424,-10.17092,1.7650483,0.19614123,-0.2902718,0.3945377,0.84947574,-10.336339,0.5042356,-0.15272747,-0.8702461,-0.5070695,-1.0126908,1
14.26999999999974,,,,,14.3871,-0.31367248,-3.922186,-0.8691735,15.820817,-10.165315,1.763406,0.20076035,-0.28974855,0.38878718,0.8512248,-10.385007,0.6167366,-0.17550467,-0.78379524,-1.0397156,-1.0056483,1
14.27999999999974,,,,,14.3871,-0.31367248,-3.922186,-0.8691735,15.716725,-10.158588,1.7615434,0.20640461,-0.28702682,0.38286698,0.8534774,-10.433274,0.7283705,-0.19674955,-0.71076775,-1.4892862,-0.9989514,1
14.28999999999974,,,,,14.522827,0.31129184,-4.7432065,-0.79845554,15.612155,-10.150751,1.7594775,0.2128902,-0.28243166,0.3767806,0.85612184,-10.480588,0.83909035,-0.21610437,-0.64908004,-1.8687385,-0.99258316,1
14.29999999999974,,,,,14.522827,0.31129184,-4.7432065,-0.79845554,15.507115,-10.141806,1.7572328,0.22024658,-0.2758964,0.37067375,0.8590528,-10.526892,0.9498687,-0.23250633,-0.49958605,-2.31711,-0.98305726,1
14.30999999999974,,,,,14.522827,0.31129184,-4.7432065,-0.79845554,15.401624,-10.131758,1.7548362,0.22848134,-0.26737562,0.36465552,0.86216646,-10.571172,1.05961,-0.24642618,-0.3733565,-2.6955414,-0.9739988,1
14.31999999999974,,,,,14.522827,0.31129184,-4.7432065,-0.79845554,15.2957,-10.120618,1.7523136,0.23742062,-0.25714985,0.3586763,0.865364,-10.612892,1.1682401,-0.25764254,-0.2667716,-3.0149426,-0.96538484,1
14.329999999999739,,,,,14.66916,0.8326922,-4.838536,-0.7558524,15.189376,-10.1083975,1.7496932,0.24691702,-0.24545674,0.3526933,0.8685555,-10.651596,1.2756482,-0.2659922,-0.17677495,-3.2845223,-0.95719355,1
14.339999999999739,,,,,14.66916,0.8326922,-4.838536,-0.7558524,15.082678,-10.095104,1.7470087,0.2569047,-0.23241134,0.34684342,0.8715978,-10.687236,1.3827689,-0.27043614,-0.01947767,-3.526968,-0.9473137,1
14.349999999999739,,,,,14.66916,0.8326922,-4.838536,-0.7558524,14.975644,-10.080748,1.7442949,0.2673201,-0.21811433,0.34123364,0.8743706,-10.719015,1.488401,-0.27185047,0.113314465,-3.7315876,-0.93791866,1
14.359999999999738,,,,,14.66916,0.8326922,-4.838536,-0.7558524,14.868312,-10.065342,1.741582,0.27805117,-0.2027351,0.3357903,0.87682897,-10.746568,1.5924097,-0.2702558,0.22541827,-3.9042828,-0.92898464,1
14.369999999999738,,,,,14.996061,1.0995373,-4.067512,-0.66456276,14.760727,-10.048906,1.7388998,0.28900337,-0.18641987,0.33045182,0.87893367,-10.769583,1.694631,-0.26570636,0.3200565,-4.0500345,-0.92048895,1
14.379999999999738,,,,,14.996061,1.0995373,-4.067512,-0.66456276,14.652933,-10.0314455,1.7362894,0.30000606,-0.16953242,0.32535464,0.88056666,-10.788216,1.7971244,-0.25594935,0.44164738,-4.0528297,-0.90793055,1
14.389999999999738,,,,,14.996061,1.0995373,-4.067512,-0.66456276,14.54498,-10.012971,1.7337902,0.31092322,-0.15237223,0.32061455,0.8816541,-10.801807,1.8974915,-0.24347384,0.5442751,-4.0551763,-0.8959884,1
14.399999999999737,,,,,14.996061,1.0995373,-4.067512,-0.66456276,14.436915,-9.993503,1.7314284,0.32172826,-0.13497044,0.31615552,0.8822232,-10.810261,1.9956229,-0.2285076,0.63089705,-4.0571456,-0.8846323,1
14.409999999999737,,,,,15.151196,1.158937,-1.4068854,-0.60340285,14.328793,-9.973066,1.7292278,0.3323994,-0.11735558,0.31191313,0.88229626,-10.813503,2.0913959,-0.21127255,0.70400894,-4.058799,-0.8738334,1
14.419999999999737,,,,,15.151196,1.158937,-1.4068854,-0.60340285,14.220664,-9.951678,1.7272159,0.34258884,-0.100484215,0.30821705,0.88178015,-10.811514,2.1856823,-0.1908013,0.7752216,-3.6452682,-0.8605634,1
14.429999999999737,,,,,15.151196,1.158937,-1.4068854,-0.60340285,14.11258,-9.929359,1.7254173,0.352042,-0.08512093,0.305354,0.8806691,-10.804572,2.2776217,-0.16868308,0.8352845,-3.2962205,-0.84794444,1
14.439999999999737,,,,,15.151196,1.158937,-1.4068854,-0.60340285,14.004589,-9.906133,1.7238466,0.36086574,-0.07102928,0.30321,0.8790863,-10.793049,2.3674147,-0.14529917,0.8859441,-3.001601,-0.8359447,1
14.449999999999736,,,,,15.013174,0.80661064,0.84429455,-0.5675795,13.896733,-9.882018,1.7225146,0.36914873,-0.058008455,0.30168375,0.8771256,-10.777258,2.455241,-0.12095978,0.9286732,-2.7529223,-0.82453376,1
14.459999999999736,,,,,15.013174,0.80661064,0.84429455,-0.5675795,13.789055,-9.8570385,1.721424,0.3766849,-0.046729334,0.30090043,0.8748612,-10.757696,2.5405083,-0.09705529,0.90995705,-2.1919208,-0.81192493,1
14.469999999999736,,,,,15.013174,0.80661064,0.84429455,-0.5675795,13.68159,-9.831213,1.7205746,0.3833266,-0.037714288,0.30096793,0.87238467,-10.73477,2.6243753,-0.07276515,0.89410406,-1.7184092,-0.79993486,1
14.479999999999736,,,,,15.013174,0.80661064,0.84429455,-0.5675795,13.574369,-9.804554,1.719969,0.3892163,-0.030605594,0.3017749,0.86977255,-10.709031,2.7072308,-0.04834405,0.88067764,-1.3187433,-0.7885331,1
14.489999999999736,,,,,14.8317,0.57976675,2.2223766,-0.72468764,13.467418,-9.77707,1.7196075,0.39447007,-0.025100812,0.30322096,0.86707485,-10.680938,2.7894197,-0.023990136,0.8693071,-0.98140687,-0.7776909,1
14.499999999999735,,,,,14.8317,0.57976675,2.2223766,-0.72468764,13.360755,-9.748771,1.7194811,0.39903072,-0.021464212,0.30535692,0.8643317,-10.651263,2.8702757,-0.0013449234,0.8244072,-0.48175466,-0.77509,1
14.509999999999735,,,,,14.8317,0.57976675,2.2223766,-0.72468764,13.254397,-9.719663,1.7195792,0.40285867,-0.01989197,0.30821934,0.8615732,-10.620172,2.9511964,0.020900114,0.78646857,-0.060026437,-0.77261674,1
14.519999999999735,,,,,14.8317,0.57976675,2.2223766,-0.72468764,13.148355,-9.689744,1.7198972,0.40606236,-0.020057177,0.3117032,0.8588076,-10.588136,3.0325725,0.042589005,0.75441223,0.29593027,-0.7702648,1
14.529999999999735,,,,,14.318724,0.40027177,3.2354748,-0.70866877,13.042636,-9.659008,1.7204286,0.40873015,-0.021684328,0.31571537,0.85603255,-10.555549,3.1147394,0.06358769,0.7273263,0.59637344,-0.7680283,1
14.539999999999734,,,,,14.318724,0.40027177,3.2354748,-0.70866877,12.937239,-9.6274605,1.7211456,0.41080222,-0.0249167,0.32027858,0.85325307,-10.523893,3.195117,0.079679735,0.67652625,1.0079666,-0.7651155,1
14.549999999999734,,,,,14.318724,0.40027177,3.2354748,-0.70866877,12.832157,-9.595102,1.7220191,0.41222885,-0.029854769,0.3254036,0.85046285,-10.492442,3.2768793,0.0948405,0.6336152,1.3553678,-0.7623456,1
14.559999999999734,,,,,14.318724,0.40027177,3.2354748,-0.70866877,12.727387,-9.561918,1.7230387,0.41308922,-0.03622682,0.3309967,0.84763473,-10.461568,3.360333,0.108920895,0.5973682,1.6485885,-0.7597117,1
14.569999999999734,,,,,13.772281,0.26070395,3.7653563,-0.6875469,12.622923,-9.527889,1.7241931,0.41344872,-0.04380352,0.33697566,0.84474105,-10.431583,3.4457273,0.12177476,0.56675035,1.896079,-0.757207,1
14.579999999999734,,,,,13.772281,0.26070395,3.7653563,-0.6875469,12.518746,-9.493012,1.7254484,0.41328466,-0.052592188,0.34330928,0.84176433,-10.403862,3.529929,0.12907194,0.5191615,2.187616,-0.7537887,1
14.589999999999733,,,,,13.772281,0.26070395,3.7653563,-0.6875469,12.41484,-9.457282,1.7267694,0.41257688,-0.06258708,0.34996536,0.8386811,-10.377545,3.6163926,0.13488616,0.47897103,2.4336846,-0.75053823,1
14.599999999999733,,,,,13.772281,0.26070395,3.7653563,-0.6875469,12.31119,-9.420675,1.7281404,0.4113792,-0.073591515,0.35687557,0.83545786,-10.352895,3.705282,0.13904862,0.44502854,2.6413753,-0.74744725,1
14.609999999999733,,,,,12.626086,-0.0057642157,2.905559,-0.55203515,12.207775,-9.383167,1.729544,0.40973723,-0.08543876,0.36398047,0.8320651,-10.330131,3.7967148,0.14138867,0.41636306,2.8166742,-0.7445079,1
14.619999999999733,,,,,12.626086,-0.0057642157,2.905559,-0.55203515,12.10457,-9.344771,1.7309202,0.40779415,-0.09773931,0.37100175,0.82855725,-10.31115,3.8829281,0.13355343,0.35052177,2.8305697,-0.7350632,1
14.629999999999733,,,,,12.626086,-0.0057642157,2.905559,-0.55203515,12.001545,-9.305501,1.7322086,0.4056713,-0.110178046,0.37772214,0.82499456,-10.294146,3.9714818,0.1238271,0.2949482,2.8422923,-0.72608197,1
14.639999999999732,,,,,12.626086,-0.0057642157,2.905559,-0.55203515,11.898681,-9.265334,1.7333901,0.40337574,-0.12272449,0.38417622,0.82136095,-10.279176,4.0622926,0.11215639,0.24804094,2.8521826,-0.71754146,1
14.649999999999732,,,,,12.163789,-0.05329005,1.1748489,-0.34990072,11.795955,-9.224248,1.7344449,0.40091425,-0.13535261,0.39039287,0.81764257,-10.266283,4.155279,0.09848406,0.20844889,2.8605266,-0.70942,1
14.659999999999732,,,,,12.163789,-0.05329005,1.1748489,-0.34990072,11.693345,-9.182239,1.7353376,0.3985446,-0.14747356,0.3961093,0.813947,-10.255876,4.246858,0.07975514,0.16747932,2.597667,-0.69177836,1
14.669999999999732,,,,,12.163789,-0.05329005,1.1748489,-0.34990072,11.590831,-9.139305,1.7360336,0.3964833,-0.15862447,0.40113097,0.81038994,-10.247353,4.340226,0.05914581,0.13292436,2.3757963,-0.6750023,1
14.679999999999731,,,,,12.163789,-0.05329005,1.1748489,-0.34990072,11.488393,-9.095428,1.7365144,0.39467892,-0.16895413,0.40557057,0.80696607,-10.240561,4.435169,0.03677442,0.10377911,2.1885233,-0.6590494,1
14.689999999999731,,,,,12.0921545,0.015930388,-1.3497792,-0.16032888,11.386015,-9.050596,1.7367634,0.39308655,-0.17858776,0.40952182,0.8036666,-10.235369,4.5315113,0.012745768,0.07919641,2.0304523,-0.6438794,1
14.699999999999731,,,,,12.0921545,0.015930388,-1.3497792,-0.16032888,11.283681,-9.004797,1.736762,0.39207098,-0.1868007,0.412695,0.8006669,-10.231652,4.628505,-0.013242663,0.06908555,1.5033122,-0.62015146,1
14.70999999999973,,,,,12.0921545,0.015930388,-1.3497792,-0.16032888,11.181377,-8.958023,1.7364944,0.3919278,-0.19302979,0.41487375,0.79812944,-10.2290535,4.726433,-0.040453803,0.060600378,1.0583785,-0.5975878,1
14.71999999999973,,,,,12.0921545,0.015930388,-1.3497792,-0.16032888,11.079096,-8.910267,1.73595,0.39252323,-0.19758752,0.41622466,0.7960153,-10.227232,4.8250165,-0.068555154,0.05347809,0.68283105,-0.57613134,1
14.72999999999973,,,,,12.417263,-0.21658783,-3.1889844,-0.03181461,10.97683,-8.861521,1.7351214,0.39373964,-0.20073523,0.41688347,0.7942804,-10.225902,4.9240313,-0.097255774,0.047498506,0.36584955,-0.5557278,1
14.73999999999973,,,,,12.417263,-0.21658783,-3.1889844,-0.03181461,10.874577,-8.811771,1.7340131,0.39575028,-0.2021377,0.41660058,0.79307294,-10.224777,5.02594,-0.12441807,0.0061164387,-0.18850976,-0.53001916,1
14.74999999999973,,,,,12.417263,-0.21658783,-3.1889844,-0.03181461,10.772334,-8.761003,1.7326334,0.3986817,-0.20153894,0.41517922,0.7925023,-10.223554,5.127787,-0.15149316,-0.028765578,-0.6564207,-0.50557214,1
14.75999999999973,,,,,12.417263,-0.21658783,-3.1889844,-0.03181461,10.670106,-8.709216,1.730985,0.40237275,-0.19924524,0.4127894,0.7924652,-10.2219095,5.22928,-0.1780722,-0.058170762,-1.0513638,-0.48232472,1
14.76999999999973,,,,,12.90681,-0.48941085,-4.27312,0.09892688,10.567898,-8.656418,1.7290748,0.40668333,-0.19551271,0.40957025,0.7928646,-10.219578,5.330163,-0.20381309,-0.08296086,-1.384718,-0.46021804,1
14.77999999999973,,,,,12.90681,-0.48941085,-4.27312,0.09892688,10.465718,-8.602596,1.7269272,0.4116346,-0.19024964,0.40537483,0.7937454,-10.2162,5.434137,-0.22551753,-0.14644913,-1.8351462,-0.43278065,1
14.78999999999973,,,,,12.90681,-0.48941085,-4.27312,0.09892688,10.363578,-8.54774,1.7245698,0.4172272,-0.18339093,0.40008414,0.79512286,-10.2116165,5.536909,-0.24567589,-0.20000365,-2.2153351,-0.4066896,1
14.799999999999729,,,,,12.90681,-0.48941085,-4.27312,0.09892688,10.26149,-8.491863,1.7220199,0.42331994,-0.17517017,0.3938405,0.79687124,-10.205599,5.638159,-0.26396257,-0.24518079,-2.5362375,-0.38187888,1
14.809999999999729,,,,,13.250833,-0.87746584,-4.5436974,0.1509774,10.1594715,-8.434983,1.7192978,0.42979112,-0.16578451,0.38676262,0.7988794,-10.197963,5.737584,-0.28012443,-0.2832927,-2.807098,-0.35828558,1
14.819999999999729,,,,,13.250833,-0.87746584,-4.5436974,0.1509774,10.05754,-8.377106,1.7164367,0.4365472,-0.15537882,0.37878007,0.8011293,-10.188311,5.837488,-0.2917186,-0.37596703,-3.0779042,-0.3332959,1
14.829999999999728,,,,,13.250833,-0.87746584,-4.5436974,0.1509774,9.955713,-8.318242,1.7134724,0.4435053,-0.14407746,0.36983952,0.80359316,-10.17675,5.934897,-0.3007405,-0.45417407,-3.306484,-0.30953246,1
14.839999999999728,,,,,13.250833,-0.87746584,-4.5436974,0.1509774,9.854012,-8.258418,1.7104313,0.45058295,-0.13200752,0.36005685,0.8061678,-10.163216,6.02949,-0.30704802,-0.52017355,-3.4994211,-0.2869351,1
14.849999999999728,,,,,13.6046505,-1.4710557,-4.3413053,0.26732188,9.752456,-8.197663,1.7073412,0.45770955,-0.119277775,0.3495311,0.8087652,-10.14766,6.1209626,-0.31055686,-0.57587254,-3.662273,-0.26544657,1
14.859999999999728,,,,,13.6046505,-1.4710557,-4.3413053,0.26732188,9.651069,-8.135998,1.7042431,0.4647581,-0.106151685,0.3381943,0.81139064,-10.129601,6.211376,-0.30862772,-0.7154302,-3.7681556,-0.23930348,1
14.869999999999727,,,,,13.6046505,-1.4710557,-4.3413053,0.26732188,9.549871,-8.073447,1.7011788,0.47162816,-0.092846416,0.32599923,0.814045,-10.109534,6.2979984,-0.3037695,-0.833221,-3.8575327,-0.21444324,1
14.879999999999727,,,,,13.6046505,-1.4710557,-4.3413053,0.26732188,9.448885,-8.010052,1.6981777,0.47829908,-0.079386204,0.31305343,0.81665397,-10.08757,6.3805547,-0.2959999,-0.93264085,-3.932977,-0.19080289,1
14.889999999999727,,,,,13.54561,-1.5714973,-3.0455382,0.4986245,9.348126,-7.945852,1.6952688,0.48475245,-0.06579271,0.29944944,0.8191549,-10.063811,6.4587893,-0.2853751,-1.0165558,-3.99666,-0.16832258,1
14.899999999999727,,,,,13.54561,-1.5714973,-3.0455382,0.4986245,9.247613,-7.880893,1.6924773,0.4907964,-0.052522153,0.28549045,0.8214949,-10.038488,6.532169,-0.27247906,-1.1030002,-3.848347,-0.13559528,1
14.909999999999727,,,,,13.54561,-1.5714973,-3.0455382,0.4986245,9.147361,-7.815224,1.689828,0.49629614,-0.03994031,0.27143323,0.8236609,-10.011708,6.600971,-0.25702223,-1.1759752,-3.7231667,-0.104473926,1
14.919999999999726,,,,,13.54561,-1.5714973,-3.0455382,0.4986245,9.047382,-7.74889,1.6873451,0.5013114,-0.027942717,0.25728762,0.8256558,-9.983695,6.6651874,-0.23920108,-1.2375796,-3.6175106,-0.07487971,1
14.929999999999726,,,,,13.528323,-1.4000138,-1.0951873,0.63856435,8.947691,-7.6819363,1.6850516,0.5058909,-0.01644096,0.24306151,0.8274803,-9.954639,6.724807,-0.2192013,-1.2895846,-3.5283327,-0.046737697,1
14.939999999999726,,,,,13.528323,-1.4000138,-1.0951873,0.63856435,8.848293,-7.61441,1.6829672,0.50987947,-0.0059677814,0.22921652,0.8291233,-9.924767,6.779789,-0.1973671,-1.3067249,-3.1489131,-0.013109731,1
14.949999999999726,,,,,13.528323,-1.4000138,-1.0951873,0.63856435,8.749199,-7.5463552,1.6811101,0.51318204,0.0030577327,0.21612965,0.830615,-9.894308,6.830473,-0.1737978,-1.3212112,-2.8286633,0.018868111,1
14.959999999999726,,,,,13.528323,-1.4000138,-1.0951873,0.63856435,8.65041,-7.4778137,1.6794965,0.5159107,0.010858607,0.20368974,0.83200186,-9.863526,6.877171,-0.14872289,-1.3334526,-2.558355,0.049276788,1
14.969999999999725,,,,,13.474692,-1.3444413,0.8328509,0.54762083,8.5519285,-7.4088244,1.6781403,0.5181551,0.017624008,0.1918001,0.83331615,-9.832641,6.9201536,-0.12232812,-1.343796,-2.3302007,0.07819331,1
14.979999999999725,,,,,13.474692,-1.3444413,0.8328509,0.54762083,8.453756,-7.3394237,1.6770514,0.5198538,0.022880368,0.18079719,0.8345893,-9.801974,6.95954,-0.09527176,-1.3438939,-1.8369448,0.101228245,1
14.989999999999725,,,,,13.474692,-1.3444413,0.8328509,0.54762083,8.355888,-7.269644,1.6762382,0.52097946,0.026260354,0.1709468,0.8358627,-9.7716875,6.995972,-0.06723105,-1.343986,-1.420611,0.12313287,1
14.999999999999725,,,,,13.474692,-1.3444413,0.8328509,0.54762083,8.25832,-7.1995125,1.6757096,0.5216373,0.028055208,0.16207421,0.8371606,-9.742056,7.029937,-0.03834853,-1.3440702,-1.0692033,0.14396262,1
15.009999999999724,,,,,13.085897,-0.8238178,2.492122,0.5627571,8.161043,-7.129052,1.6754737,0.5219086,0.0285111,0.15402937,0.8384939,-9.7133045,7.061847,-0.008732113,-1.3441458,-0.77259624,0.16377026,1
15.019999999999724,,,,,13.085897,-0.8238178,2.492122,0.5627571,8.064046,-7.0582857,1.6755188,0.52174926,0.027387971,0.14720562,0.83985513,-9.686433,7.091222,0.017822698,-1.2630514,-0.26347286,0.18334866,1
15.029999999999724,,,,,13.085897,-0.8238178,2.492122,0.5627571,7.9673104,-6.9872313,1.6758319,0.5211314,0.024505587,0.14190793,0.8412385,-9.660812,7.1195283,0.04488709,-1.1946062,0.16625407,0.20196635,1
15.039999999999724,,,,,13.085897,-0.8238178,2.492122,0.5627571,7.870825,-6.915897,1.676418,0.52012867,0.020136468,0.13789752,0.8426408,-9.636627,7.1473083,0.072354645,-1.1368352,0.5289664,0.21967044,1
15.049999999999724,,,,,13.0396595,-0.10622927,3.8593593,0.55934006,7.774573,-6.844285,1.6772802,0.51879615,0.014510866,0.13497144,0.8440506,-9.614035,7.1750154,0.100134574,-1.088073,0.83511454,0.23650579,1
15.059999999999723,,,,,13.0396595,-0.10622927,3.8593593,0.55934006,7.6785383,-6.7723956,1.6784191,0.51709837,0.007510096,0.13348345,0.8454192,-9.593245,7.2029657,0.12769097,-0.935041,1.3067577,0.25234738,1
15.069999999999723,,,,,13.0396595,-0.10622927,3.8593593,0.55934006,7.582702,-6.700223,1.6798341,0.5150055,-0.00095081143,0.13370295,0.84669393,-9.574296,7.231806,0.155337,-0.8058702,1.7048476,0.2674116,1
15.079999999999723,,,,,13.0396595,-0.10622927,3.8593593,0.55934006,7.4870462,-6.6277547,1.6815256,0.5125592,-0.01064606,0.1353565,0.84784853,-9.557295,7.2620616,0.18292819,-0.6968388,2.040855,0.28173658,1
15.089999999999723,,,,,13.907524,0.12632567,4.075361,0.7756168,7.3915496,-6.554975,1.683492,0.509789,-0.021383781,0.13821225,0.8488546,-9.542335,7.29417,0.21031885,-0.60480595,2.324461,0.29535866,1
15.099999999999723,,,,,13.907524,0.12632567,4.075361,0.7756168,7.2961965,-6.481852,1.6857723,0.50668377,-0.03302293,0.14219716,0.8496822,-9.528647,7.33078,0.24568552,-0.4908785,2.5975273,0.31892508,1
15.109999999999722,,,,,13.907524,0.12632567,4.075361,0.7756168,7.2009683,-6.40835,1.6884037,0.5032298,-0.045441445,0.14724241,0.850302,-9.517298,7.3701143,0.28049436,-0.39471477,2.8280087,0.34133506,1
15.119999999999722,,,,,13.907524,0.12632567,4.075361,0.7756168,7.105842,-6.3344393,1.6913795,0.4994429,-0.0585132,0.15317185,0.8506881,-9.508342,7.4124765,0.31455284,-0.31354368,3.0225463,0.3626454,1
15.129999999999722,,,,,14.700324,0.34149656,2.6558444,0.77479166,7.010793,-6.260089,1.6946913,0.4953356,-0.07212997,0.15983611,0.8508179,-9.501835,7.4581065,0.34766266,-0.24502698,3.1867452,0.38291004,1
15.139999999999722,,,,,14.700324,0.34149656,2.6558444,0.77479166,6.9157977,-6.185251,1.6983659,0.49101993,-0.085673265,0.16690223,0.85070676,-9.497577,7.509961,0.38704455,-0.15357736,3.103972,0.40213978,1
15.149999999999721,,,,,14.700324,0.34149656,2.6558444,0.77479166,6.8208323,-6.1098776,1.7024276,0.48660314,-0.098649405,0.17410621,0.8503949,-9.49583,7.565405,0.4250742,-0.076388866,3.034106,0.42042592,1
15.159999999999721,,,,,14.700324,0.34149656,2.6558444,0.77479166,6.725873,-6.0339317,1.7068623,0.482087,-0.11114078,0.1814236,0.84989655,-9.496457,7.6243463,0.46163654,-0.011237392,2.9751341,0.43781477,1
15.169999999999721,,,,,14.588361,0.7389344,1.0875685,0.76455015,6.630896,-5.957379,1.711655,0.47747207,-0.1232166,0.18883327,0.84922254,-9.499346,7.686698,0.4966244,0.043753944,2.9253573,0.45435032,1
15.17999999999972,,,,,14.588361,0.7389344,1.0875685,0.76455015,6.535879,-5.8801885,1.7167841,0.47290233,-0.13432738,0.19615437,0.84843487,-9.504332,7.751851,0.52895004,0.15222526,2.6387887,0.46957192,1
15.18999999999972,,,,,14.588361,0.7389344,1.0875685,0.76455015,6.440803,-5.8023314,1.7222284,0.46850908,-0.14404495,0.20324975,0.8476076,-9.511161,7.8200355,0.55963343,0.24377342,2.3969069,0.48404658,1
15.19999999999972,,,,,14.588361,0.7389344,1.0875685,0.76455015,6.34565,-5.7237787,1.7279714,0.46427137,-0.15258597,0.21016,0.84675926,-9.51954,7.8909945,0.588717,0.32103804,2.1927433,0.497811,1
15.20999999999972,,,,,14.3396,0.9654265,-0.24950469,0.7812443,6.250407,-5.644503,1.7339975,0.460168,-0.16013291,0.21691813,0.84590083,-9.5292225,7.964516,0.61624384,0.3862473,2.0204163,0.5109,1
15.21999999999972,,,,,14.3396,0.9654265,-0.24950469,0.7812443,6.1550627,-5.564487,1.7402806,0.45631024,-0.16634534,0.22338322,0.8451088,-9.539795,8.039106,0.6401536,0.4766732,1.6664574,0.5241659,1
15.22999999999972,,,,,14.3396,0.9654265,-0.24950469,0.7812443,6.0596085,-5.483714,1.7467959,0.45279238,-0.17096372,0.22944894,0.84445393,-9.551101,8.115734,0.66272783,0.55298454,1.3676949,0.53678083,1
15.23999999999972,,,,,14.3396,0.9654265,-0.24950469,0.7812443,5.964039,-5.402166,1.753531,0.44956937,-0.17423788,0.23518491,0.8439286,-9.5628195,8.194127,0.68412375,0.6173839,1.1155208,0.54877675,1
15.24999999999972,,,,,13.748853,0.8305521,-1.4666317,0.72511,5.8683515,-5.319826,1.7604747,0.44659933,-0.17637768,0.240648,0.84352076,-9.574684,8.27406,0.70448047,0.67173004,0.9026703,0.56018406,1
15.25999999999972,,,,,13.748853,0.8305521,-1.4666317,0.72511,5.772548,-5.2366967,1.7675931,0.44395906,-0.1771746,0.24562144,0.84331393,-9.585968,8.351978,0.71909314,0.69663024,0.5331918,0.568277,1
15.269999999999719,,,,,13.748853,0.8305521,-1.4666317,0.72511,5.676634,-5.152783,1.7748544,0.4417105,-0.17647277,0.2499369,0.84337395,-9.596888,8.43089,0.73304963,0.7176293,0.22133186,0.5759728,1
15.279999999999719,,,,,13.748853,0.8305521,-1.4666317,0.72511,5.5806127,-5.0680766,1.7822527,0.43979558,-0.17450504,0.25370097,0.84366024,-9.607185,8.510514,0.7465595,0.73533833,-0.04189488,0.58329093,1
15.289999999999718,,,,,13.187859,1.1250813,-3.580086,0.56426,5.484493,-4.982571,1.7897846,0.438162,-0.17146705,0.25700173,0.844134,-9.61664,8.590621,0.7597992,0.75027233,-0.26407278,0.5902501,1
15.299999999999718,,,,,13.187859,1.1250813,-3.580086,0.56426,5.3882856,-4.89628,1.7974256,0.43701762,-0.16676237,0.2596378,0.8448628,-9.624684,8.6677065,0.7684002,0.80892175,-0.7811814,0.5889748,1
15.309999999999718,,,,,13.187859,1.1250813,-3.580086,0.56426,5.292004,-4.809218,1.8051533,0.43652284,-0.15992503,0.2614504,0.84588087,-9.631327,8.744688,0.7771717,0.85839295,-1.2176507,0.58776206,1
15.319999999999718,,,,,13.187859,1.1250813,-3.580086,0.56426,5.1956644,-4.721388,1.8129706,0.43656603,-0.15128143,0.2625611,0.8471037,-9.636176,8.821208,0.78636885,0.90012276,-1.5860559,0.5866088,1
15.329999999999718,,,,,13.032877,1.2274082,-5.496715,0.46483773,5.099287,-4.632797,1.8208828,0.43704778,-0.14110625,0.26306957,0.8484525,-9.638897,8.896957,0.7961856,0.9353225,-1.897011,0.58551216,1
15.339999999999717,,,,,13.032877,1.2274082,-5.496715,0.46483773,5.002895,-4.5434575,1.8288906,0.4380959,-0.12896457,0.2627542,0.8499407,-9.63917,8.970757,0.8055029,0.9810778,-2.4583693,0.5795907,1
15.349999999999717,,,,,13.032877,1.2274082,-5.496715,0.46483773,4.9065137,-4.453387,1.8369963,0.43979356,-0.114520244,0.26143444,0.8515384,-9.636599,9.043061,0.81580013,1.0196608,-2.9321868,0.5739597,1
15.359999999999717,,,,,13.032877,1.2274082,-5.496715,0.46483773,4.810174,-4.362603,1.8452106,0.4419952,-0.09812097,0.25923902,0.85311586,-9.630764,9.113422,0.82724226,1.0521969,-3.332115,0.56860507,1
15.369999999999717,,,,,13.986302,0.9967151,-5.7774124,0.41497338,4.71391,-4.2711267,1.8535454,0.44457242,-0.08006257,0.25627452,0.85455716,-9.621308,9.181432,0.8399084,1.0796336,-3.6696765,0.5635131,1
15.379999999999717,,,,,13.986302,0.9967151,-5.7774124,0.41497338,4.617765,-4.1789594,1.862054,0.4474396,-0.060544517,0.25250033,0.8557891,-9.606955,9.251485,0.86199933,1.0668042,-3.9983866,0.5562242,1
15.389999999999716,,,,,13.986302,0.9967151,-5.7774124,0.41497338,4.5217857,-4.086108,1.8707898,0.45052063,-0.03974189,0.24788713,0.8567397,-9.588134,9.318186,0.8853722,1.055955,-4.2758336,0.54929304,1
15.399999999999716,,,,,13.986302,0.9967151,-5.7774124,0.41497338,4.426018,-3.9926085,1.8797654,0.45372337,-0.017857518,0.24253309,0.8573174,-9.564638,9.381134,0.90992594,1.046781,-4.510012,0.5427019,1
15.409999999999716,,,,,14.530852,0.281184,-5.74266,0.6513976,4.33051,-3.8984995,1.888992,0.45696795,0.004932798,0.23652206,0.8574453,-9.536303,9.439965,0.93549615,1.0390239,-4.7076697,0.5364342,1
15.419999999999716,,,,,14.530852,0.281184,-5.74266,0.6513976,4.2353163,-3.8038135,1.8985025,0.46016124,0.028339919,0.22968706,0.85714144,-9.501733,9.496457,0.9667187,0.9209134,-4.869114,0.54207546,1
15.429999999999715,,,,,14.530852,0.281184,-5.74266,0.6513976,4.1404934,-3.7085872,1.9083285,0.4632309,0.05212216,0.22190143,0.85642236,-9.4620495,9.547954,0.9985565,0.8212134,-5.0053754,0.54743993,1
15.439999999999715,,,,,14.530852,0.281184,-5.74266,0.6513976,4.046093,-3.6128726,1.9184749,0.4661397,0.07620055,0.21328716,0.855228,-9.417326,9.594118,1.03076,0.737054,-5.1203823,0.5525412,1
15.449999999999715,,,,,14.996781,-0.3097838,-5.5025473,0.96600085,3.9521642,-3.516724,1.928944,0.46885413,0.100504585,0.20394917,0.8535095,-9.367653,9.634653,1.0630423,0.66601264,-5.2174497,0.5573921,1
15.459999999999715,,,,,14.996781,-0.3097838,-5.5025473,0.96600085,3.8587651,-3.420194,1.9397558,0.4713185,0.124786094,0.19381776,0.8513055,-9.311402,9.670413,1.0992653,0.51392245,-5.261959,0.57744265,1
15.469999999999715,,,,,14.996781,-0.3097838,-5.5025473,0.96600085,3.7659523,-3.3233376,1.9509274,0.47349295,0.14884293,0.18284515,0.84865594,-9.2504,9.69986,1.1349444,0.38554597,-5.299522,0.59650934,1
15.479999999999714,,,,,14.996781,-0.3097838,-5.5025473,0.96600085,3.6737723,-3.2262192,1.9624518,0.47536922,0.17267743,0.17114511,0.84552646,-9.184899,9.722792,1.1697695,0.27718496,-5.3312225,0.6146404,1
15.489999999999714,,,,,14.966114,-0.9956617,-5.313162,1.0043724,3.582269,-3.1289048,1.9743187,0.4769383,0.1962888,0.15881558,0.8418891,-9.115151,9.73905,1.2034131,0.18571836,-5.357975,0.63188183,1
15.499999999999714,,,,,14.966114,-0.9956617,-5.313162,1.0043724,3.4914825,-3.031462,1.9865136,0.47823203,0.21947986,0.14574564,0.8377828,-9.041574,9.748483,1.2352774,0.0015437119,-5.3510623,0.65016,1
15.509999999999714,,,,,14.966114,-0.9956617,-5.313162,1.0043724,3.4014502,-2.933959,1.9990182,0.47928432,0.24209274,0.13185568,0.83324116,-8.964372,9.751005,1.2653449,-0.15391192,-5.345219,0.6675413,1
15.519999999999714,,,,,14.966114,-0.9956617,-5.313162,1.0043724,3.3122067,-2.836466,2.0118134,0.48008707,0.26417595,0.117266536,0.82823616,-8.883907,9.746522,1.2933351,-0.2851268,-5.3402796,0.6840698,1
15.529999999999713,,,,,15.307135,-1.2275908,-5.615944,1.3551207,3.2237823,-2.7390532,2.0248766,0.48063058,0.2857681,0.10208189,0.82274497,-8.80052,9.734977,1.3189554,-0.39588138,-5.3361044,0.69978714,1
15.539999999999713,,,,,15.307135,-1.2275908,-5.615944,1.3551207,3.136215,-2.6417933,2.038197,0.4809065,0.30695784,0.08624387,0.8167417,-8.712577,9.715913,1.3446617,-0.52545345,-5.379815,0.7319445,1
15.549999999999713,,,,,15.307135,-1.2275908,-5.615944,1.3551207,3.0495386,-2.5447605,2.0517595,0.4808967,0.3278104,0.069710135,0.8101965,-8.622306,9.689534,1.3673129,-0.634826,-5.4167037,0.762524,1
15.559999999999713,,,,,15.307135,-1.2275908,-5.615944,1.3551207,2.9637754,-2.4480278,2.0655317,0.48057812,0.34832042,0.052585505,0.80308867,-8.530033,9.655807,1.3865738,-0.72714883,-5.447835,0.7916029,1
15.569999999999713,,,,,16.587183,-0.87303513,-6.0797296,1.3010348,2.8789437,-2.3516695,2.0794785,0.47993055,0.36848035,0.03496111,0.7954028,-8.436075,9.614743,1.4021004,-0.8050805,-5.474106,0.8192549,1
15.579999999999712,,,,,16.587183,-0.87303513,-6.0797296,1.3010348,2.7950985,-2.2557778,2.0936058,0.478892,0.3884697,0.016957879,0.78706115,-8.33276,9.562352,1.4226944,-0.81554866,-5.556137,0.842896,1
15.589999999999712,,,,,16.587183,-0.87303513,-6.0797296,1.3010348,2.7122927,-2.1604493,2.1079154,0.47740206,0.4084218,-0.0013223193,0.77799493,-8.22821,9.502152,1.4384017,-0.8243933,-5.6253743,0.865377,1
15.599999999999712,,,,,16.587183,-0.87303513,-6.0797296,1.3010348,2.6305377,-2.0657613,2.1223557,0.47544864,0.4282646,-0.01982982,0.76820815,-8.122682,9.434272,1.4487563,-0.8318668,-5.6838126,0.8867548,1
15.609999999999712,,,,,16.884726,-1.7799422,-3.789419,1.6099023,2.5498416,-1.9717897,2.1368706,0.47302324,0.44793382,-0.03851938,0.7577067,-8.016444,9.358888,1.4533064,-0.8381826,-5.7331367,0.90708363,1
15.619999999999711,,,,,16.884726,-1.7799422,-3.789419,1.6099023,2.4702199,-1.8786157,2.1514091,0.47030354,0.46653938,-0.057224035,0.7469136,-7.907894,9.274769,1.4534059,-0.98510593,-5.430124,0.9415711,1
15.629999999999711,,,,,16.884726,-1.7799422,-3.789419,1.6099023,2.3916836,-1.7863181,2.1659172,0.46748286,0.48341006,-0.07581175,0.7362242,-7.7994113,9.183717,1.4471949,-1.109106,-5.1743565,0.9743663,1
15.639999999999711,,,,,16.884726,-1.7799422,-3.789419,1.6099023,2.31423,-1.6949636,2.180332,0.46456945,0.49878523,-0.09429195,0.72560084,-7.691461,9.086199,1.4347707,-1.2137582,-4.9584675,1.0055523,1
15.64999999999971,,,,,17.948895,-2.4582272,-0.016333994,2.5085757,2.2378514,-1.6046149,2.1945915,0.46156383,0.5128637,-0.112672195,0.715006,-7.5844426,8.982642,1.4162117,-1.3020812,-4.7762375,1.035208,1
15.65999999999971,,,,,17.948895,-2.4582272,-0.016333994,2.5085757,2.16257,-1.5153642,2.208659,0.45871186,0.5246088,-0.13051656,0.7052187,-7.4720564,8.866609,1.3963178,-1.4826895,-4.0341244,1.1075066,1
15.66999999999971,,,,,17.948895,-2.4582272,-0.016333994,2.5085757,2.088404,-1.4273007,2.2224987,0.45626238,0.53325814,-0.1475013,0.69692373,-7.3614864,8.745326,1.370859,-1.6351212,-3.4077349,1.1762575,1
15.67999999999971,,,,,17.948895,-2.4582272,-0.016333994,2.5085757,2.0153327,-1.3404734,2.23606,0.45419618,0.539319,-0.16378075,0.6899389,-7.2531066,8.619448,1.3407402,-1.763765,-2.879021,1.2416347,1
15.68999999999971,,,,,18.219177,-1.945197,3.9119189,3.357826,1.9433331,-1.2549257,2.2493,0.45247817,0.54320484,-0.1794825,0.68408847,-7.147204,8.48949,1.3067431,-1.8723271,-2.4327497,1.3038039,1
15.69999999999971,,,,,18.219177,-1.945197,3.9119189,3.357826,1.8723983,-1.1707205,2.262195,0.45121986,0.5442848,-0.19403274,0.68007714,-7.0406227,8.351553,1.2716368,-1.9167408,-1.475796,1.4016657,1
15.70999999999971,,,,,18.219177,-1.945197,3.9119189,3.357826,1.8025042,-1.0878963,2.2747223,0.45046964,0.54205245,-0.20684922,0.6785784,-6.938682,8.212909,1.2336173,-1.9227433,-0.6365521,1.4975762,1
15.71999999999971,,,,,18.219177,-1.945197,3.9119189,3.357826,1.7336144,-1.0064701,2.286866,0.45013934,0.5370022,-0.218161,0.67927015,-6.8397055,8.072012,1.195055,-1.9269385,0.07266103,1.5888592,1
15.729999999999709,,,,,19.030025,-1.4205645,4.9543743,3.189437,1.6656998,-0.92646205,2.298626,0.45015624,0.52954537,-0.2282218,0.6818027,-6.7436953,7.9293437,1.1571262,-1.9304411,0.6712784,1.6756629,1
15.739999999999709,,,,,19.030025,-1.4205645,4.9543743,3.189437,1.5987511,-0.8479196,2.3100276,0.45044172,0.51982844,-0.23689595,0.6861196,-6.646575,7.7789626,1.123571,-1.8517176,1.3392211,1.7499442,1
15.749999999999709,,,,,19.030025,-1.4205645,4.9543743,3.189437,1.5327575,-0.7708855,2.321107,0.45092326,0.50797284,-0.24407652,0.69214,-6.55264,7.627757,1.0927427,-1.7852079,1.9029961,1.8205806,1
15.759999999999708,,,,,19.030025,-1.4205645,4.9543743,3.189437,1.4676872,-0.6953654,2.3318954,0.4515287,0.4942479,-0.24998896,0.69953257,-6.4619412,7.4762383,1.0655507,-1.7290087,2.3788478,1.8877507,1
15.769999999999708,,,,,18.82357,-0.94227326,5.293761,2.8681018,1.4035074,-0.6213602,2.342433,0.45218587,0.47887623,-0.25481775,0.70800626,-6.37459,7.324866,1.0427347,-1.6815151,2.7804883,1.951625,1
15.779999999999708,,,,,18.82357,-0.94227326,5.293761,2.8681018,1.340179,-0.5488579,2.3527627,0.45279825,0.46204457,-0.25849771,0.71740294,-6.291646,7.1757097,1.0240211,-1.5668213,3.1725316,1.9965968,1
15.789999999999708,,,,,18.82357,-0.94227326,5.293761,2.8681018,1.2776622,-0.4778424,2.362932,0.45328832,0.4439115,-0.26097742,0.7275731,-6.2122846,7.027598,1.0107367,-1.4699506,3.5034213,2.039362,1
15.799999999999708,,,,,18.82357,-0.94227326,5.293761,2.8681018,1.2159204,-0.40830076,2.3729975,0.45361498,0.42461306,-0.2624145,0.73829216,-6.136656,6.8809967,1.0032836,-1.3881301,3.7826958,2.0800285,1
15.809999999999707,,,,,16.051159,1.8148535,5.39773,3.6185894,1.1549156,-0.3402157,2.3830187,0.45373917,0.4042674,-0.2629405,0.7493667,-6.064958,6.7363453,1.0019474,-1.3190187,4.018406,2.1186996,1
15.819999999999707,,,,,16.051159,1.8148535,5.39773,3.6185894,1.0945569,-0.27346054,2.392983,0.45312905,0.3834234,-0.26185316,0.7609816,-6.0073013,6.6150527,0.9917344,-0.8307928,4.2341433,2.1922994,1
15.829999999999707,,,,,16.051159,1.8148535,5.39773,3.6185894,1.0347583,-0.2079056,2.4028723,0.4513775,0.36252353,-0.2585922,0.77328175,-5.95289,6.496395,0.98701537,-0.41866615,4.416172,2.2622879,1
15.839999999999707,,,,,16.051159,1.8148535,5.39773,3.6185894,0.9754889,-0.14352152,2.4127426,0.44861028,0.3415193,-0.25345153,0.7860504,-5.9014463,6.380973,0.9878661,-0.07077378,4.5697536,2.328842,1
15.849999999999707,,,,,17.32701,1.8519635,3.580693,4.5563955,0.9167198,-0.080273144,2.422649,0.44492447,0.32037136,-0.24668093,0.79909474,-5.8527966,6.269332,0.99430895,0.22289878,4.69933,2.3921304,1
15.859999999999706,,,,,17.32701,1.8519635,3.580693,4.5563955,0.8584421,-0.018163174,2.4326909,0.44012493,0.29961544,-0.2388423,0.8120803,-5.8031793,6.153407,1.015024,0.47690767,4.5253067,2.4983315,1
15.869999999999706,,,,,17.32701,1.8519635,3.580693,4.5563955,0.80064684,0.042811733,2.4429686,0.43406594,0.27969775,-0.23040186,0.824785,-5.7562785,6.0423503,1.041361,0.69129705,4.3783884,2.5993214,1
15.879999999999706,,,,,17.32701,1.8519635,3.580693,4.5563955,0.74330777,0.1027012,2.4535363,0.42688185,0.26046705,-0.22142754,0.8371965,-5.711928,5.9363446,1.072929,0.87224567,4.2543483,2.6953554,1
15.889999999999706,,,,,16.321278,1.6028023,1.0661469,5.044444,0.68639994,0.16155654,2.4644442,0.41868305,0.24179533,-0.2119778,0.84929633,-5.670022,5.83555,1.109374,1.0249686,4.1496205,2.7866771,1
15.899999999999705,,,,,16.321278,1.6028023,1.0661469,5.044444,0.62988764,0.21945842,2.4756992,0.40932798,0.2243832,-0.20262237,0.86084044,-5.6327653,5.745598,1.1422529,1.1156864,3.6689992,2.8974662,1
15.909999999999705,,,,,16.321278,1.6028023,1.0661469,5.044444,0.5737378,0.27648494,2.4873018,0.3987282,0.2088044,-0.19381721,0.8716942,-5.5974793,5.6604238,1.1788224,1.1921912,3.2633114,3.0028188,1
