time-since-start [s],throttle_mpc,roll_mpc,pitch_mpc,yaw_mpc,throttle_nw,roll_nw,pitch_nw,yaw_nw,position_x [m],position_y [m],position_z [m],rotation_w [quaternion],rotation_x [quaternion],rotation_y [quaternion],rotation_z [quaternion],velocity_x [m/s],velocity_y [m/s],velocity_z [m/s],omega_x [rad/s],omega_y [rad/s],omega_z [rad/s],network_used,gaze_2d_norm_x,gaze_2d_norm_y,gaze_2d_x,gaze_2d_y,gaze_3d_x,gaze_3d_y,gaze_3d_z,angle_rad,angle_deg,high_level_label
0.0,10.593457278323195,5.99999961221835,-5.999999833856088,-0.23210706833065284,13.05426,0.2588254,-5.0232744,-0.6036974,16.74206,-11.085552,1.624456,-0.1672283,0.42138967,-0.2136261,-0.86534923,-10.558548,-2.9899895,-0.18067257,1.4406465,-0.24071772,-0.03911909,0,0.009559658765792846,-0.32519218444824216,0.5047798293828964,0.3374039077758789,-0.8786457530564256,0.46048241065150464,-0.1262441686434903,0.7586838526465538,43.46938274137279,1
0.01,10.593457278323195,5.99999961221835,-5.999999833856088,-0.23210706833065284,13.827094,1.427954,-3.3988724,-0.6548104,16.636133,-11.115177,1.622456,-0.18712641,0.39029002,-0.23388217,-0.870607,-10.625662,-2.934166,-0.21881016,5.9999995,-6.0,-0.23210707,0,0.009559658765792846,-0.32519218444824216,0.5047798293828964,0.3374039077758789,-0.8786457530564256,0.46048241065150464,-0.1262441686434903,0.7586838526465538,43.46938274137279,1
0.02,10.593457278323195,5.99999961221835,-5.999999833856088,-0.23210706833065284,13.827094,1.427954,-3.3988724,-0.6548104,16.529572,-11.144221,1.6200911,-0.2066875,0.35848743,-0.253717,-0.8742967,-10.685629,-2.8739858,-0.2536801,5.9999995,-6.0,-0.23210707,0,0.009559658765792846,-0.32519218444824216,0.5047798293828964,0.3374039077758789,-0.8786457530564256,0.46048241065150464,-0.1262441686434903,0.7586838526465538,43.46938274137279,1
0.03,10.593457278323195,5.99999961221835,-5.999999833856088,-0.23210706833065284,13.827094,1.427954,-3.3988724,-0.6548104,16.422447,-11.172643,1.617392,-0.22587635,0.32603917,-0.27309486,-0.87641174,-10.738019,-2.8098962,-0.28572223,5.9999995,-6.0,-0.23210707,0,0.009559658765792846,-0.32519218444824216,0.5047798293828964,0.3374039077758789,-0.8786457530564256,0.46048241065150464,-0.1262441686434903,0.7586838526465538,43.46938274137279,1
0.04,10.593457278323195,5.99999961221835,-5.999999833856088,-0.23210706833065284,11.686425,-1.0094314,-1.2310803,-0.5909078,16.314838,-11.200406,1.6143847,-0.24465837,0.29300368,-0.29198086,-0.8769483,-10.782452,-2.7423725,-0.31539667,5.9999995,-6.0,-0.23210707,0,0.009559658765792846,-0.32519218444824216,0.5047798293828964,0.3374039077758789,-0.8786457530564256,0.46048241065150464,-0.1262441686434903,0.7586838526465538,43.46938274137279,1
0.05,10.593457278323195,5.99999961221835,-5.999999833856088,-0.23210706833065284,11.686425,-1.0094314,-1.2310803,-0.5909078,16.206825,-11.227479,1.6110904,-0.26299974,0.25944048,-0.310341,-0.8759054,-10.818606,-2.6719148,-0.34318072,5.9999995,-6.0,-0.23210707,0,0.009559658765792846,-0.32519218444824216,0.5047798293828964,0.3374039077758789,-0.8786457530564256,0.46048241065150464,-0.1262441686434903,0.7586838526465538,43.46938274137279,1
0.060000000000000005,10.593457278323195,5.99999961221835,-5.999999833856088,-0.23210706833065284,11.686425,-1.0094314,-1.2310803,-0.5909078,16.098495,-11.253835,1.607526,-0.28086743,0.22541001,-0.32814217,-0.8732849,-10.846221,-2.5990446,-0.36956522,5.9999995,-6.0,-0.23210707,0,0.009559658765792846,-0.32519218444824216,0.5047798293828964,0.3374039077758789,-0.8786457530564256,0.46048241065150464,-0.1262441686434903,0.7586838526465538,43.46938274137279,1
0.07,10.593457278323195,5.99999961221835,-5.999999833856088,-0.23210706833065284,11.686425,-1.0094314,-1.2310803,-0.5909078,15.989932,-11.279452,1.6037023,-0.29822925,0.19097355,-0.34535235,-0.8690916,-10.865096,-2.5243003,-0.39505112,5.9999995,-6.0,-0.23210707,0,-0.14949594497680663,-0.1448377482096354,0.4252520275115967,0.42758112589518227,-0.7543759393460002,0.6521644344419891,0.07482307521614281,0.9411381151472433,53.92324193683433,1
0.08,17.10316240140842,5.999998139102942,-5.99999967493591,-0.4344102384117586,13.062605,-1.6714164,0.018079389,-1.2281972,15.881224,-11.3043165,1.5996262,-0.31505394,0.15619314,-0.3619405,-0.8633329,-10.875094,-2.448234,-0.42014584,5.9999995,-6.0,-0.23210707,0,-0.14949594497680663,-0.1448377482096354,0.4252520275115967,0.42758112589518227,-0.7543759393460002,0.6521644344419891,0.07482307521614281,0.9411381151472433,53.92324193683433,1
0.09,17.10316240140842,5.999998139102942,-5.99999967493591,-0.4344102384117586,13.062605,-1.6714164,0.018079389,-1.2281972,15.772453,-11.328178,1.5955231,-0.33218366,0.12149717,-0.37771818,-0.8556993,-10.876786,-2.3241997,-0.40056837,5.999998,-5.9999995,-0.43441024,0,-0.14949594497680663,-0.1448377482096354,0.4252520275115967,0.42758112589518227,-0.7543759393460002,0.6521644344419891,0.07482307521614281,0.9411381151472433,53.92324193683433,1
0.09999999999999999,17.10316240140842,5.999998139102942,-5.99999967493591,-0.4344102384117586,13.062605,-1.6714164,0.018079389,-1.2281972,15.663739,-11.350799,1.5916114,-0.348714,0.08658196,-0.3928143,-0.8465216,-10.864011,-2.199871,-0.38198686,5.999998,-5.9999995,-0.43441024,0,-0.14949594497680663,-0.1448377482096354,0.4252520275115967,0.42758112589518227,-0.7543759393460002,0.6521644344419891,0.07482307521614281,0.9411381151472433,53.92324193683433,1
0.10999999999999999,17.10316240140842,5.999998139102942,-5.99999967493591,-0.4344102384117586,13.062605,-1.6714164,0.018079389,-1.2281972,15.555223,-11.372178,1.587877,-0.36461508,0.051510517,-0.40720162,-0.8358165,-10.836856,-2.0761862,-0.36519518,5.999998,-5.9999995,-0.43441024,0,-0.14949594497680663,-0.1448377482096354,0.4252520275115967,0.42758112589518227,-0.7543759393460002,0.6521644344419891,0.07482307521614281,0.9411381151472433,53.92324193683433,1
0.11999999999999998,17.10316240140842,5.999998139102942,-5.99999967493591,-0.4344102384117586,13.062605,-1.6714164,0.018079389,-1.2281972,15.447051,-11.392327,1.5842985,-0.37985823,0.01634613,-0.42085415,-0.82360315,-10.795515,-1.9540782,-0.3509744,5.999998,-5.9999995,-0.43441024,0,-0.14949594497680663,-0.1448377482096354,0.4252520275115967,0.42758112589518227,-0.7543759393460002,0.6521644344419891,0.07482307521614281,0.9411381151472433,53.92324193683433,1
0.12999999999999998,20.16654354781829,2.2860517733358883,-5.999997493814457,0.24422209029497566,11.961804,-3.1994927,1.9738203,-1.4565198,15.339362,-11.411268,1.5808462,-0.39441594,-0.018847752,-0.4337473,-0.8099037,-10.740281,-1.8344691,-0.340087,5.999998,-5.9999995,-0.43441024,0,-0.14949594497680663,-0.1448377482096354,0.4252520275115967,0.42758112589518227,-0.7543759393460002,0.6521644344419891,0.07482307521614281,0.9411381151472433,53.92324193683433,1
0.13999999999999999,20.16654354781829,2.2860517733358883,-5.999997493814457,0.24422209029497566,11.961804,-3.1994927,1.9738203,-1.4565198,15.232348,-11.428927,1.5775834,-0.4060184,-0.04816801,-0.43092585,-0.804445,-10.660959,-1.6982726,-0.31243193,2.2860518,-5.9999976,0.24422209,0,0.11331487655639648,-0.025454813639322917,0.5566574382781982,0.48727259318033855,-0.2737124063831078,0.9617573904188844,0.010209826963571214,1.451501819728354,83.16492822599353,1
0.15,20.16654354781829,2.2860517733358883,-5.999997493814457,0.24422209029497566,11.961804,-3.1994927,1.9738203,-1.4565198,15.126183,-11.445259,1.5745976,-0.41720185,-0.077438556,-0.42765966,-0.7981561,-10.570723,-1.5690361,-0.28478914,2.2860518,-5.9999976,0.24422209,0,0.11331487655639648,-0.025454813639322917,0.5566574382781982,0.48727259318033855,-0.2737124063831078,0.9617573904188844,0.010209826963571214,1.451501819728354,83.16492822599353,1
0.16,19.210793573342542,-0.4693902508750357,-1.8500187399104753,0.045776804892703284,13.456411,-3.770439,2.793082,-1.2365956,15.020971,-11.460334,1.5718857,-0.4279547,-0.106629185,-0.4239521,-0.79104334,-10.4699335,-1.4472756,-0.2577016,2.2860518,-5.9999976,0.24422209,0,0.11331487655639648,-0.025454813639322917,0.5566574382781982,0.48727259318033855,-0.2737124063831078,0.9617573904188844,0.010209826963571214,1.451501819728354,83.16492822599353,1
0.17,19.210793573342542,-0.4693902508750357,-1.8500187399104753,0.045776804892703284,13.456411,-3.770439,2.793082,-1.2365956,14.916784,-11.474254,1.5694131,-0.43192592,-0.11303411,-0.41809332,-0.7911139,-10.367205,-1.3370761,-0.23660772,-0.46939024,-1.8500187,0.045776803,0,0.11331487655639648,-0.025454813639322917,0.5566574382781982,0.48727259318033855,-0.2737124063831078,0.9617573904188844,0.010209826963571214,1.451501819728354,83.16492822599353,1
0.18000000000000002,19.210793573342542,-0.4693902508750357,-1.8500187399104753,0.045776804892703284,13.456411,-3.770439,2.793082,-1.2365956,14.813632,-11.487087,1.567158,-0.4358578,-0.119428724,-0.4121964,-0.79111236,-10.262865,-1.2298863,-0.21417573,-0.46939024,-1.8500187,0.045776803,0,0.11331487655639648,-0.025454813639322917,0.5566574382781982,0.48727259318033855,-0.2737124063831078,0.9617573904188844,0.010209826963571214,1.451501819728354,83.16492822599353,1
0.19000000000000003,19.210793573342542,-0.4693902508750357,-1.8500187399104753,0.045776804892703284,13.456411,-3.770439,2.793082,-1.2365956,14.711532,-11.498864,1.5651338,-0.43974996,-0.12581246,-0.40626195,-0.79103875,-10.156952,-1.125745,-0.19045068,-0.46939024,-1.8500187,0.045776803,0,0.11331487655639648,-0.025454813639322917,0.5566574382781982,0.48727259318033855,-0.2737124063831078,0.9617573904188844,0.010209826963571214,1.451501819728354,83.16492822599353,1
0.20000000000000004,17.532591396377384,-1.175821114893634,0.557702990890853,-0.19038583777164683,15.1233425,-4.0576644,4.5346904,-0.6411931,14.610497,-11.509615,1.5633532,-0.44360206,-0.13218474,-0.40029046,-0.7908931,-10.049502,-1.0246904,-0.1654781,-0.46939024,-1.8500187,0.045776803,0,0.17238027572631837,-0.056062545776367184,0.5861901378631592,0.4719687271118164,-0.06561281915168515,0.992801060485362,0.10020485148988287,1.6064169026728665,92.04090866163318,1
0.21000000000000005,17.532591396377384,-1.175821114893634,0.557702990890853,-0.19038583777164683,15.1233425,-4.0576644,4.5346904,-0.6411931,14.510494,-11.51941,1.5617746,-0.44400623,-0.12698747,-0.39699492,-0.7931757,-9.951251,-0.93416625,-0.15004058,-1.1758211,0.557703,-0.19038583,0,0.17238027572631837,-0.056062545776367184,0.5861901378631592,0.4719687271118164,-0.06561281915168515,0.992801060485362,0.10020485148988287,1.6064169026728665,92.04090866163318,1
0.22000000000000006,17.532591396377384,-1.175821114893634,0.557702990890853,-0.19038583777164683,15.1233425,-4.0576644,4.5346904,-0.6411931,14.411466,-11.528298,1.5603573,-0.44439122,-0.12178471,-0.3936822,-0.795424,-9.854803,-0.8434521,-0.1332174,-1.1758211,0.557703,-0.19038583,0,0.17238027572631837,-0.056062545776367184,0.5861901378631592,0.4719687271118164,-0.06561281915168515,0.992801060485362,0.10020485148988287,1.6064169026728665,92.04090866163318,1
0.23000000000000007,17.532591396377384,-1.175821114893634,0.557702990890853,-0.19038583777164683,15.1233425,-4.0576644,4.5346904,-0.6411931,14.313393,-11.536279,1.5591152,-0.44475698,-0.11657669,-0.39035246,-0.7976379,-9.760175,-0.7525598,-0.115029976,-1.1758211,0.557703,-0.19038583,0,0.17238027572631837,-0.056062545776367184,0.5861901378631592,0.4719687271118164,-0.06561281915168515,0.992801060485362,0.10020485148988287,1.6064169026728665,92.04090866163318,1
0.24000000000000007,17.532591396377384,-1.175821114893634,0.557702990890853,-0.19038583777164683,15.546995,-2.6299465,5.4146338,-1.0553421,14.216256,-11.543349,1.5580616,-0.4451035,-0.11136363,-0.38700584,-0.79981726,-9.667384,-0.66150093,-0.09550001,-1.1758211,0.557703,-0.19038583,0,0.17238027572631837,-0.056062545776367184,0.5861901378631592,0.4719687271118164,-0.06561281915168515,0.992801060485362,0.10020485148988287,1.6064169026728665,92.04090866163318,1
0.25000000000000006,17.532591396377384,-1.175821114893634,0.557702990890853,-0.19038583777164683,15.546995,-2.6299465,5.4146338,-1.0553421,14.120038,-11.549508,1.55721,-0.4454308,-0.10614574,-0.3836425,-0.801962,-9.576447,-0.57028735,-0.074649386,-1.1758211,0.557703,-0.19038583,0,0.17238027572631837,-0.056062545776367184,0.5861901378631592,0.4719687271118164,-0.06561281915168515,0.992801060485362,0.10020485148988287,1.6064169026728665,92.04090866163318,1
0.26000000000000006,17.532591396377384,-1.175821114893634,0.557702990890853,-0.19038583777164683,15.546995,-2.6299465,5.4146338,-1.0553421,14.024719,-11.554753,1.5565733,-0.44573882,-0.10092326,-0.38026255,-0.80407214,-9.48738,-0.4789307,-0.052500263,-1.1758211,0.557703,-0.19038583,0,0.17238027572631837,-0.056062545776367184,0.5861901378631592,0.4719687271118164,-0.06561281915168515,0.992801060485362,0.10020485148988287,1.6064169026728665,92.04090866163318,1
0.2700000000000001,17.532591396377384,-1.175821114893634,0.557702990890853,-0.19038583777164683,15.546995,-2.6299465,5.4146338,-1.0553421,13.930284,-11.559087,1.5561644,-0.44602758,-0.09569642,-0.37686613,-0.80614746,-9.4002,-0.38744277,-0.029074997,-1.1758211,0.557703,-0.19038583,0,0.06588425636291503,0.012114312648773193,0.5329421281814575,0.5060571563243866,-0.22589902856779132,0.964482663234102,0.13690442364285482,1.3819188978478003,79.1781204760493,1
0.2800000000000001,16.156230551896194,-1.4947761348496829,1.8280817100744637,-0.33617954667736094,16.543139,-2.9138854,5.4884872,-1.0288731,13.836709,-11.562505,1.5559961,-0.44629705,-0.090465434,-0.3734534,-0.8081879,-9.314922,-0.29583535,-0.004396156,-1.1758211,0.557703,-0.19038583,0,0.06588425636291503,0.012114312648773193,0.5329421281814575,0.5060571563243866,-0.22589902856779132,0.964482663234102,0.13690442364285482,1.3819188978478003,79.1781204760493,1
0.2900000000000001,16.156230551896194,-1.4947761348496829,1.8280817100744637,-0.33617954667736094,16.543139,-2.9138854,5.4884872,-1.0288731,13.743943,-11.56504,1.556032,-0.44488642,-0.07910879,-0.371618,-0.8109982,-9.238687,-0.21077824,0.011761023,-1.4947761,1.8280817,-0.33617955,0,0.06588425636291503,0.012114312648773193,0.5329421281814575,0.5060571563243866,-0.22589902856779132,0.964482663234102,0.13690442364285482,1.3819188978478003,79.1781204760493,1
0.3000000000000001,16.156230551896194,-1.4947761348496829,1.8280817100744637,-0.33617954667736094,16.543139,-2.9138854,5.4884872,-1.0288731,13.651924,-11.566715,1.5562348,-0.4434125,-0.067740895,-0.36972973,-0.81369317,-9.165794,-0.1242035,0.028955242,-1.4947761,1.8280817,-0.33617955,0,0.06588425636291503,0.012114312648773193,0.5329421281814575,0.5060571563243866,-0.22589902856779132,0.964482663234102,0.13690442364285482,1.3819188978478003,79.1781204760493,1
0.3100000000000001,16.156230551896194,-1.4947761348496829,1.8280817100744637,-0.33617954667736094,16.543139,-2.9138854,5.4884872,-1.0288731,13.5606165,-11.567518,1.5566145,-0.44187555,-0.056363367,-0.36778888,-0.8162724,-9.096283,-0.03614985,0.047113888,-1.4947761,1.8280817,-0.33617955,0,0.06588425636291503,0.012114312648773193,0.5329421281814575,0.5060571563243866,-0.22589902856779132,0.964482663234102,0.13690442364285482,1.3819188978478003,79.1781204760493,1
0.3200000000000001,14.894775289896225,-1.773134534454973,3.2598810783017727,-0.5177783696543587,16.33669,-3.0780675,5.8837104,-1.4659277,13.469988,-11.567434,1.5571803,-0.44027576,-0.04497782,-0.3657957,-0.8187355,-9.030192,0.053343214,0.06616379,-1.4947761,1.8280817,-0.33617955,0,0.06588425636291503,0.012114312648773193,0.5329421281814575,0.5060571563243866,-0.22589902856779132,0.964482663234102,0.13690442364285482,1.3819188978478003,79.1781204760493,1
0.3300000000000001,14.894775289896225,-1.773134534454973,3.2598810783017727,-0.5177783696543587,16.33669,-3.0780675,5.8837104,-1.4659277,13.379975,-11.566482,1.5578945,-0.43675482,-0.026775748,-0.36576554,-0.82142794,-8.973043,0.13768145,0.07671011,-1.7731346,3.259881,-0.5177784,0,0.06588425636291503,0.012114312648773193,0.5329421281814575,0.5060571563243866,-0.22589902856779132,0.964482663234102,0.13690442364285482,1.3819188978478003,79.1781204760493,1
0.34000000000000014,14.894775289896225,-1.773134534454973,3.2598810783017727,-0.5177783696543587,16.33669,-3.0780675,5.8837104,-1.4659277,13.29051,-11.5646715,1.5587158,-0.4330806,-0.008564272,-0.36560702,-0.82383215,-8.920724,0.22468407,0.0875886,-1.7731346,3.259881,-0.5177784,0,-0.13005578994750977,0.15964459737141928,0.4349721050262451,0.5798222986857097,-0.5516607937303307,0.8321240792084854,0.056919991762581515,0.9601863190052269,55.01462362520161,1
0.35000000000000014,14.894775289896225,-1.773134534454973,3.2598810783017727,-0.5177783696543587,16.33669,-3.0780675,5.8837104,-1.4659277,13.201544,-11.561979,1.5596468,-0.4292544,0.009650208,-0.36532015,-0.82594717,-8.873299,0.31425014,0.098629735,-1.7731346,3.259881,-0.5177784,0,-0.13005578994750977,0.15964459737141928,0.4349721050262451,0.5798222986857097,-0.5516607937303307,0.8321240792084854,0.056919991762581515,0.9601863190052269,55.01462362520161,1
0.36000000000000015,14.214530686810336,-1.6896134957241409,3.0666873663114576,-0.607765500222203,15.891347,-2.5029473,4.6707683,-1.472597,13.113027,-11.558377,1.5606883,-0.42527756,0.0278613,-0.3649051,-0.8277724,-8.830823,0.40627515,0.10966377,-1.7731346,3.259881,-0.5177784,0,-0.13005578994750977,0.15964459737141928,0.4349721050262451,0.5798222986857097,-0.5516607937303307,0.8321240792084854,0.056919991762581515,0.9601863190052269,55.01462362520161,1
0.37000000000000016,14.214530686810336,-1.6896134957241409,3.0666873663114576,-0.607765500222203,15.891347,-2.5029473,4.6707683,-1.472597,13.024901,-11.553866,1.5618145,-0.42189544,0.04525024,-0.36429074,-0.8290048,-8.79496,0.49628884,0.11555726,-1.6896135,3.0666873,-0.6077655,0,-0.13005578994750977,0.15964459737141928,0.4349721050262451,0.5798222986857097,-0.5516607937303307,0.8321240792084854,0.056919991762581515,0.9601863190052269,55.01462362520161,1
0.38000000000000017,14.214530686810336,-1.6896134957241409,3.0666873663114576,-0.607765500222203,15.891347,-2.5029473,4.6707683,-1.472597,12.937112,-11.548445,1.5629984,-0.4183801,0.062624894,-0.36356136,-0.82997555,-8.76364,0.5883101,0.121161215,-1.6896135,3.0666873,-0.6077655,0,-0.13005578994750977,0.15964459737141928,0.4349721050262451,0.5798222986857097,-0.5516607937303307,0.8321240792084854,0.056919991762581515,0.9601863190052269,55.01462362520161,1
0.3900000000000002,14.214530686810336,-1.6896134957241409,3.0666873663114576,-0.607765500222203,15.891347,-2.5029473,4.6707683,-1.472597,12.849613,-11.542093,1.5642363,-0.4147327,0.07997978,-0.36271724,-0.83068424,-8.736893,0.6822459,0.12632792,-1.6896135,3.0666873,-0.6077655,0,-0.13005578994750977,0.15964459737141928,0.4349721050262451,0.5798222986857097,-0.5516607937303307,0.8321240792084854,0.056919991762581515,0.9601863190052269,55.01462362520161,1
0.4000000000000002,13.766280825529565,-1.3047839010518107,2.0349717517563644,-0.7050518993523661,15.510655,-1.884598,4.017094,-1.1433722,12.762359,-11.534793,1.565523,-0.41095433,0.0973094,-0.3617586,-0.8311307,-8.714741,0.77800065,0.13091025,-1.6896135,3.0666873,-0.6077655,0,-0.18887447357177733,0.026015806198120116,0.40556276321411133,0.5130079030990601,-0.631684724101775,0.7743083897187543,0.0376951846741041,0.7974541138567637,45.69075507933758,1
0.4100000000000002,13.766280825529565,-1.3047839010518107,2.0349717517563644,-0.7050518993523661,15.510655,-1.884598,4.017094,-1.1433722,12.675301,-11.526544,1.5668364,-0.40953603,0.10971433,-0.36014605,-0.830986,-8.69726,0.87216216,0.1316951,-1.3047839,2.0349717,-0.7050519,0,-0.18887447357177733,0.026015806198120116,0.40556276321411133,0.5130079030990601,-0.631684724101775,0.7743083897187543,0.0376951846741041,0.7974541138567637,45.69075507933758,1
0.4200000000000002,13.766280825529565,-1.3047839010518107,2.0349717517563644,-0.7050518993523661,15.510655,-1.884598,4.017094,-1.1433722,12.588403,-11.517347,1.5681555,-0.40805283,0.122101866,-0.35847646,-0.8307097,-8.682938,0.9672863,0.13206574,-1.3047839,2.0349717,-0.7050519,0,-0.18887447357177733,0.026015806198120116,0.40556276321411133,0.5130079030990601,-0.631684724101775,0.7743083897187543,0.0376951846741041,0.7974541138567637,45.69075507933758,1
0.4300000000000002,13.766280825529565,-1.3047839010518107,2.0349717517563644,-0.7050518993523661,15.510655,-1.884598,4.017094,-1.1433722,12.501631,-11.5071945,1.569476,-0.406505,0.13447005,-0.35675004,-0.83030176,-8.671774,1.0633329,0.13194853,-1.3047839,2.0349717,-0.7050519,0,-0.18887447357177733,0.026015806198120116,0.40556276321411133,0.5130079030990601,-0.631684724101775,0.7743083897187543,0.0376951846741041,0.7974541138567637,45.69075507933758,1
0.4400000000000002,13.766280825529565,-1.3047839010518107,2.0349717517563644,-0.7050518993523661,16.147161,-2.25226,3.1174903,-1.0752187,12.414954,-11.496077,1.5707926,-0.40489268,0.14681691,-0.3549671,-0.8297622,-8.663772,1.1602616,0.13127014,-1.3047839,2.0349717,-0.7050519,0,-0.18887447357177733,0.026015806198120116,0.40556276321411133,0.5130079030990601,-0.631684724101775,0.7743083897187543,0.0376951846741041,0.7974541138567637,45.69075507933758,1
0.45000000000000023,13.766280825529565,-1.3047839010518107,2.0349717517563644,-0.7050518993523661,16.147161,-2.25226,3.1174903,-1.0752187,12.328342,-11.483986,1.5720992,-0.40321618,0.1591405,-0.35312784,-0.8290911,-8.658925,1.2580311,0.12995762,-1.3047839,2.0349717,-0.7050519,0,-0.18887447357177733,0.026015806198120116,0.40556276321411133,0.5130079030990601,-0.631684724101775,0.7743083897187543,0.0376951846741041,0.7974541138567637,45.69075507933758,1
0.46000000000000024,13.766280825529565,-1.3047839010518107,2.0349717517563644,-0.7050518993523661,16.147161,-2.25226,3.1174903,-1.0752187,12.241764,-11.470913,1.5733893,-0.4014758,0.17143884,-0.35123262,-0.8282885,-8.65723,1.3565998,0.1279384,-1.3047839,2.0349717,-0.7050519,0,-0.18887447357177733,0.026015806198120116,0.40556276321411133,0.5130079030990601,-0.631684724101775,0.7743083897187543,0.0376951846741041,0.7974541138567637,45.69075507933758,1
0.47000000000000025,13.766280825529565,-1.3047839010518107,2.0349717517563644,-0.7050518993523661,16.147161,-2.25226,3.1174903,-1.0752187,12.155188,-11.45685,1.5746554,-0.39967173,0.18371001,-0.34928176,-0.8273546,-8.65868,1.4559256,0.12514038,-1.3047839,2.0349717,-0.7050519,0,-0.20409856796264647,-0.07886468251546223,0.39795071601867676,0.4605676587422689,-0.6662214798907822,0.7457489662866768,-0.002723786792210664,0.675074497375606,38.678919556537586,1
0.48000000000000026,13.623851440728538,-0.9901873211050043,1.3266163277673326,-0.68378967476597,16.188805,-2.4755766,2.2018518,-0.9171679,12.068581,-11.441792,1.5758893,-0.39780432,0.19595207,-0.3472755,-0.8262896,-8.663267,1.5559659,0.121491976,-1.3047839,2.0349717,-0.7050519,0,-0.20409856796264647,-0.07886468251546223,0.39795071601867676,0.4605676587422689,-0.6662214798907822,0.7457489662866768,-0.002723786792210664,0.675074497375606,38.678919556537586,1
0.49000000000000027,13.623851440728538,-0.9901873211050043,1.3266163277673326,-0.68378967476597,16.188805,-2.4755766,2.2018518,-0.9171679,11.981913,-11.4257345,1.5770779,-0.39733976,0.20458177,-0.3451394,-0.825316,-8.670554,1.6555208,0.1161081,-0.99018735,1.3266163,-0.6837897,0,-0.20409856796264647,-0.07886468251546223,0.39795071601867676,0.4605676587422689,-0.6662214798907822,0.7457489662866768,-0.002723786792210664,0.675074497375606,38.678919556537586,1
0.5000000000000002,13.623851440728538,-0.9901873211050043,1.3266163277673326,-0.68378967476597,16.188805,-2.4755766,2.2018518,-0.9171679,11.895162,-11.40868,1.5782098,-0.39684334,0.21319504,-0.34297565,-0.8242762,-8.680003,1.7554061,0.1101719,-0.99018735,1.3266163,-0.6837897,0,-0.20409856796264647,-0.07886468251546223,0.39795071601867676,0.4605676587422689,-0.6662214798907822,0.7457489662866768,-0.002723786792210664,0.675074497375606,38.678919556537586,1
0.5100000000000002,13.623851440728538,-0.9901873211050043,1.3266163277673326,-0.68378967476597,16.188805,-2.4755766,2.2018518,-0.9171679,11.808306,-11.390626,1.5792793,-0.3963151,0.22179124,-0.34078437,-0.8231703,-8.691606,1.8556049,0.10364746,-0.99018735,1.3266163,-0.6837897,0,-0.20409856796264647,-0.07886468251546223,0.39795071601867676,0.4605676587422689,-0.6662214798907822,0.7457489662866768,-0.002723786792210664,0.675074497375606,38.678919556537586,1
0.5200000000000002,13.307144177446517,-0.3870100622377775,-0.0005518900523309272,-0.6611905342628112,16.25794,-2.2839859,1.7447443,-0.8156935,11.721323,-11.371568,1.5802805,-0.39575505,0.23036963,-0.33856577,-0.82199836,-8.705356,1.9561,0.09649906,-0.99018735,1.3266163,-0.6837897,0,-0.20409856796264647,-0.07886468251546223,0.39795071601867676,0.4605676587422689,-0.6662214798907822,0.7457489662866768,-0.002723786792210664,0.675074497375606,38.678919556537586,1
0.5300000000000002,13.307144177446517,-0.3870100622377775,-0.0005518900523309272,-0.6611905342628112,16.25794,-2.2839859,1.7447443,-0.8156935,11.634195,-11.351516,1.5811975,-0.3980248,0.23225075,-0.33621,-0.8213398,-8.720249,2.0543435,0.086911224,-0.38701007,-0.00055189006,-0.6611905,0,-0.20409856796264647,-0.07886468251546223,0.39795071601867676,0.4605676587422689,-0.6662214798907822,0.7457489662866768,-0.002723786792210664,0.675074497375606,38.678919556537586,1
0.5400000000000003,13.307144177446517,-0.3870100622377775,-0.0005518900523309272,-0.6611905342628112,16.25794,-2.2839859,1.7447443,-0.8156935,11.546915,-11.3304825,1.5820194,-0.40028867,0.23412846,-0.3338493,-0.8206691,-8.7355585,2.1523511,0.077513516,-0.38701007,-0.00055189006,-0.6611905,0,-0.21111343383789063,-0.2143683878580729,0.3944432830810547,0.39281580607096356,-0.6553821932947248,0.754358097944097,0.03765688221772992,0.613913977365971,35.17467988716008,1
0.5500000000000003,13.307144177446517,-0.3870100622377775,-0.0005518900523309272,-0.6611905342628112,16.25794,-2.2839859,1.7447443,-0.8156935,11.459481,-11.30847,1.5827483,-0.40254667,0.23600274,-0.33148372,-0.81998646,-8.7512865,2.2501233,0.0683024,-0.38701007,-0.00055189006,-0.6611905,0,-0.21111343383789063,-0.2143683878580729,0.3944432830810547,0.39281580607096356,-0.6553821932947248,0.754358097944097,0.03765688221772992,0.613913977365971,35.17467988716008,1
0.5600000000000003,13.379279390727506,0.017914508311047732,-0.37177624094073924,-0.5929409878385252,15.694138,-2.145236,1.5942537,-0.6337626,11.371888,-11.2854805,1.5833862,-0.40479878,0.23787355,-0.32911325,-0.8192917,-8.767434,2.34766,0.059274316,-0.38701007,-0.00055189006,-0.6611905,0,-0.21111343383789063,-0.2143683878580729,0.3944432830810547,0.39281580607096356,-0.6553821932947248,0.754358097944097,0.03765688221772992,0.613913977365971,35.17467988716008,1
0.5700000000000003,13.379279390727506,0.017914508311047732,-0.37177624094073924,-0.5929409878385252,15.694138,-2.145236,1.5942537,-0.6337626,11.284132,-11.261515,1.583937,-0.40785834,0.2372886,-0.3277269,-0.8184993,-8.783822,2.445487,0.05096169,0.017914508,-0.37177625,-0.592941,0,-0.21111343383789063,-0.2143683878580729,0.3944432830810547,0.39281580607096356,-0.6553821932947248,0.754358097944097,0.03765688221772992,0.613913977365971,35.17467988716008,1
0.5800000000000003,13.379279390727506,0.017914508311047732,-0.37177624094073924,-0.5929409878385252,15.694138,-2.145236,1.5942537,-0.6337626,11.196213,-11.23657,1.5844064,-0.4109129,0.23670073,-0.32633656,-0.81769687,-8.799915,2.5430706,0.042967044,0.017914508,-0.37177625,-0.592941,0,-0.21111343383789063,-0.2143683878580729,0.3944432830810547,0.39281580607096356,-0.6553821932947248,0.754358097944097,0.03765688221772992,0.613913977365971,35.17467988716008,1
0.5900000000000003,13.379279390727506,0.017914508311047732,-0.37177624094073924,-0.5929409878385252,15.694138,-2.145236,1.5942537,-0.6337626,11.108134,-11.210653,1.5847975,-0.41396242,0.23610997,-0.32494223,-0.81688434,-8.815714,2.6404078,0.03529024,0.017914508,-0.37177625,-0.592941,0,-0.21111343383789063,-0.2143683878580729,0.3944432830810547,0.39281580607096356,-0.6553821932947248,0.754358097944097,0.03765688221772992,0.613913977365971,35.17467988716008,1
0.6000000000000003,13.11858446709694,0.4131205372732438,-0.8688569290903378,-0.5361508615169936,14.992329,-2.1102026,1.6038417,-0.527789,11.0199,-11.1837635,1.5851133,-0.41700688,0.23551631,-0.32354394,-0.81606185,-8.831223,2.7374961,0.027931113,0.017914508,-0.37177625,-0.592941,0,-0.2869569969177246,-0.2890137227376302,0.3565215015411377,0.3554931386311849,-0.6626719644288284,0.7386948914273738,0.12327094117892456,0.5390073138305786,30.8828442091756,1
0.6100000000000003,13.11858446709694,0.4131205372732438,-0.8688569290903378,-0.5361508615169936,14.992329,-2.1102026,1.6038417,-0.527789,10.931515,-11.155913,1.5853485,-0.42108026,0.23197353,-0.3227817,-0.8152865,-8.845848,2.8324015,0.019210257,0.41312054,-0.8688569,-0.5361509,0,-0.2869569969177246,-0.2890137227376302,0.3565215015411377,0.3554931386311849,-0.6626719644288284,0.7386948914273738,0.12327094117892456,0.5390073138305786,30.8828442091756,1
0.6200000000000003,13.11858446709694,0.4131205372732438,-0.8688569290903378,-0.5361508615169936,14.992329,-2.1102026,1.6038417,-0.527789,10.842989,-11.127116,1.5854994,-0.42514083,0.2284237,-0.3220097,-0.8144864,-8.859409,2.9269333,0.011051559,0.41312054,-0.8688569,-0.5361509,0,-0.2869569969177246,-0.2890137227376302,0.3565215015411377,0.3554931386311849,-0.6626719644288284,0.7386948914273738,0.12327094117892456,0.5390073138305786,30.8828442091756,1
0.6300000000000003,13.11858446709694,0.4131205372732438,-0.8688569290903378,-0.5361508615169936,14.992329,-2.1102026,1.6038417,-0.527789,10.754332,-11.097376,1.5855715,-0.42918852,0.22486694,-0.32122794,-0.81366146,-8.871905,3.021079,0.0034505983,0.41312054,-0.8688569,-0.5361509,0,-0.2869569969177246,-0.2890137227376302,0.3565215015411377,0.3554931386311849,-0.6626719644288284,0.7386948914273738,0.12327094117892456,0.5390073138305786,30.8828442091756,1
0.6400000000000003,13.11858446709694,0.4131205372732438,-0.8688569290903378,-0.5361508615169936,14.137908,-2.082348,1.3600175,-0.4824637,10.665554,-11.066696,1.5855703,-0.43322322,0.22130337,-0.32043645,-0.812812,-8.88334,3.1148252,-0.0035971098,0.41312054,-0.8688569,-0.5361509,0,-0.2869569969177246,-0.2890137227376302,0.3565215015411377,0.3554931386311849,-0.6626719644288284,0.7386948914273738,0.12327094117892456,0.5390073138305786,30.8828442091756,1
0.6500000000000004,13.11858446709694,0.4131205372732438,-0.8688569290903378,-0.5361508615169936,14.137908,-2.082348,1.3600175,-0.4824637,10.576668,-11.035082,1.5855014,-0.43724477,0.21773311,-0.3196352,-0.8119378,-8.893716,3.2081592,-0.010096123,0.41312054,-0.8688569,-0.5361509,0,-0.2869569969177246,-0.2890137227376302,0.3565215015411377,0.3554931386311849,-0.6626719644288284,0.7386948914273738,0.12327094117892456,0.5390073138305786,30.8828442091756,1
0.6600000000000004,13.11858446709694,0.4131205372732438,-0.8688569290903378,-0.5361508615169936,14.137908,-2.082348,1.3600175,-0.4824637,10.487682,-11.002537,1.5853702,-0.44125307,0.21415624,-0.3188243,-0.811039,-8.903034,3.301068,-0.016051063,0.41312054,-0.8688569,-0.5361509,0,-0.2869569969177246,-0.2890137227376302,0.3565215015411377,0.3554931386311849,-0.6626719644288284,0.7386948914273738,0.12327094117892456,0.5390073138305786,30.8828442091756,1
0.6700000000000004,13.11858446709694,0.4131205372732438,-0.8688569290903378,-0.5361508615169936,14.137908,-2.082348,1.3600175,-0.4824637,10.398609,-10.969063,1.5851822,-0.44524798,0.21057284,-0.3180037,-0.8101156,-8.911299,3.393539,-0.021466615,0.41312054,-0.8688569,-0.5361509,0,-0.21286529541015625,-0.19118303934733072,0.3935673522949219,0.40440848032633464,-0.5934955037260872,0.8027210291287928,0.058326978760517845,0.5702857240165229,32.674965102709216,1
0.6800000000000004,13.410037522063531,0.4595192432718808,-0.3334360307865901,-0.4723701867928608,13.641214,-1.8296539,1.2549022,-0.35660604,10.309459,-10.934667,1.5849427,-0.4492294,0.20698307,-0.3171735,-0.8091676,-8.918513,3.4855595,-0.02634753,0.41312054,-0.8688569,-0.5361509,0,-0.21286529541015625,-0.19118303934733072,0.3935673522949219,0.40440848032633464,-0.5934955037260872,0.8027210291287928,0.058326978760517845,0.5702857240165229,32.674965102709216,1
0.6900000000000004,13.410037522063531,0.4595192432718808,-0.3334360307865901,-0.4723701867928608,13.641214,-1.8296539,1.2549022,-0.35660604,10.220241,-10.899343,1.584667,-0.45214182,0.20534961,-0.31779265,-0.80771744,-8.924934,3.5793211,-0.028789902,0.45951924,-0.33343604,-0.47237018,0,-0.21286529541015625,-0.19118303934733072,0.3935673522949219,0.40440848032633464,-0.5934955037260872,0.8027210291287928,0.058326978760517845,0.5702857240165229,32.674965102709216,1
0.7000000000000004,13.410037522063531,0.4595192432718808,-0.3334360307865901,-0.4723701867928608,13.641214,-1.8296539,1.2549022,-0.35660604,10.130962,-10.86308,1.5843672,-0.45504808,0.20371334,-0.31840748,-0.8062563,-8.930598,3.673055,-0.03115729,0.45951924,-0.33343604,-0.47237018,0,-0.21286529541015625,-0.19118303934733072,0.3935673522949219,0.40440848032633464,-0.5934955037260872,0.8027210291287928,0.058326978760517845,0.5702857240165229,32.674965102709216,1
0.7100000000000004,13.410037522063531,0.4595192432718808,-0.3334360307865901,-0.4723701867928608,13.641214,-1.8296539,1.2549022,-0.35660604,10.041632,-10.825881,1.584044,-0.45794815,0.2020743,-0.31901798,-0.80478406,-8.935506,3.7667556,-0.033450294,0.45951924,-0.33343604,-0.47237018,0,-0.21286529541015625,-0.19118303934733072,0.3935673522949219,0.40440848032633464,-0.5934955037260872,0.8027210291287928,0.058326978760517845,0.5702857240165229,32.674965102709216,1
0.7200000000000004,13.230782389935078,0.7538962575698196,-0.6044341204583512,-0.4146582301531187,13.232435,-1.6021829,1.2590886,-0.25533378,9.952255,-10.787745,1.5836984,-0.46084195,0.2004325,-0.3196241,-0.80330086,-8.939656,3.8604174,-0.035669506,0.45951924,-0.33343604,-0.47237018,0,-0.21286529541015625,-0.19118303934733072,0.3935673522949219,0.40440848032633464,-0.5934955037260872,0.8027210291287928,0.058326978760517845,0.5702857240165229,32.674965102709216,1
0.7300000000000004,13.230782389935078,0.7538962575698196,-0.6044341204583512,-0.4146582301531187,13.232435,-1.6021829,1.2590886,-0.25533378,9.862843,-10.748679,1.5833247,-0.46422255,0.19692759,-0.3208394,-0.8017352,-8.942811,3.9527543,-0.03906379,0.75389624,-0.60443413,-0.41465822,0,-0.21286529541015625,-0.19118303934733072,0.3935673522949219,0.40440848032633464,-0.5934955037260872,0.8027210291287928,0.058326978760517845,0.5702857240165229,32.674965102709216,1
0.7400000000000004,13.230782389935078,0.7538962575698196,-0.6044341204583512,-0.4146582301531187,13.232435,-1.6021829,1.2590886,-0.25533378,9.773403,-10.708691,1.5829177,-0.46759027,0.19341722,-0.32204583,-0.8001475,-8.944704,4.044961,-0.042297464,0.75389624,-0.60443413,-0.41465822,0,-0.2526541519165039,-0.1278948974609375,0.373672924041748,0.43605255126953124,-0.5936236763132899,0.8041138911280029,0.03180850539206523,0.5101712044978095,29.230656846830126,1
0.7500000000000004,13.230782389935078,0.7538962575698196,-0.6044341204583512,-0.4146582301531187,13.232435,-1.6021829,1.2590886,-0.25533378,9.683952,-10.66778,1.5824791,-0.4709451,0.1899015,-0.32324338,-0.79853755,-8.945336,4.1370244,-0.04537574,0.75389624,-0.60443413,-0.41465822,0,-0.2526541519165039,-0.1278948974609375,0.373672924041748,0.43605255126953124,-0.5936236763132899,0.8041138911280029,0.03180850539206523,0.5101712044978095,29.230656846830126,1
0.7600000000000005,13.592031168613827,0.6604270145059407,-0.2311823168548829,-0.3488392669652568,12.873051,-1.3388362,1.0008254,-0.28829563,9.5945015,-10.62595,1.5820107,-0.47428688,0.18638054,-0.324432,-0.7969056,-8.944709,4.228933,-0.048303857,0.75389624,-0.60443413,-0.41465822,0,-0.2526541519165039,-0.1278948974609375,0.373672924041748,0.43605255126953124,-0.5936236763132899,0.8041138911280029,0.03180850539206523,0.5101712044978095,29.230656846830126,1
0.7700000000000005,13.592031168613827,0.6604270145059407,-0.2311823168548829,-0.3488392669652568,12.873051,-1.3388362,1.0008254,-0.28829563,9.505062,-10.583189,1.5815264,-0.47666368,0.18445769,-0.32618767,-0.7952164,-8.942904,4.3232837,-0.048583113,0.66042703,-0.23118232,-0.34883925,0,-0.2526541519165039,-0.1278948974609375,0.373672924041748,0.43605255126953124,-0.5936236763132899,0.8041138911280029,0.03180850539206523,0.5101712044978095,29.230656846830126,1
0.7800000000000005,13.592031168613827,0.6604270145059407,-0.2311823168548829,-0.3488392669652568,12.873051,-1.3388362,1.0008254,-0.28829563,9.415646,-10.539484,1.5810386,-0.4790332,0.18253201,-0.32793838,-0.793515,-8.940161,4.4177337,-0.048979986,0.66042703,-0.23118232,-0.34883925,0,-0.2526541519165039,-0.1278948974609375,0.373672924041748,0.43605255126953124,-0.5936236763132899,0.8041138911280029,0.03180850539206523,0.5101712044978095,29.230656846830126,1
0.7900000000000005,13.592031168613827,0.6604270145059407,-0.2311823168548829,-0.3488392669652568,12.873051,-1.3388362,1.0008254,-0.28829563,9.3262615,-10.494833,1.5805463,-0.4813954,0.18060355,-0.32968408,-0.7918015,-8.936478,4.512276,-0.049497005,0.66042703,-0.23118232,-0.34883925,0,-0.2526541519165039,-0.1278948974609375,0.373672924041748,0.43605255126953124,-0.5936236763132899,0.8041138911280029,0.03180850539206523,0.5101712044978095,29.230656846830126,1
0.8000000000000005,13.35910568816703,0.9004538691583036,-0.9422020134077789,-0.3001840435821357,12.701768,-0.79634595,1.9790263,0.08400557,9.236919,-10.449236,1.5800481,-0.48375025,0.17867233,-0.33142474,-0.7900759,-8.931856,4.606904,-0.050136674,0.66042703,-0.23118232,-0.34883925,0,-0.354111442565918,-0.13386521657307943,0.322944278717041,0.4330673917134603,-0.620139877316417,0.7805769896912467,0.07826937923946015,0.4232459349136164,24.250205766618958,0
0.8100000000000005,13.35910568816703,0.9004538691583036,-0.9422020134077789,-0.3001840435821357,12.701768,-0.79634595,1.9790263,0.08400557,9.147629,-10.402702,1.5795351,-0.487291,0.1732658,-0.33242735,-0.78868175,-8.926118,4.6997933,-0.05239805,0.90045387,-0.94220203,-0.30018404,0,-0.354111442565918,-0.13386521657307943,0.322944278717041,0.4330673917134603,-0.620139877316417,0.7805769896912467,0.07826937923946015,0.4232459349136164,24.250205766618958,0
0.8200000000000005,13.35910568816703,0.9004538691583036,-0.9422020134077789,-0.3001840435821357,12.701768,-0.79634595,1.9790263,0.08400557,9.058403,-10.355242,1.5790012,-0.49080998,0.1678515,-0.33341506,-0.7872523,-8.918729,4.7922277,-0.054333664,0.90045387,-0.94220203,-0.30018404,0,-0.354111442565918,-0.13386521657307943,0.322944278717041,0.4330673917134603,-0.620139877316417,0.7805769896912467,0.07826937923946015,0.4232459349136164,24.250205766618958,0
0.8300000000000005,13.35910568816703,0.9004538691583036,-0.9422020134077789,-0.3001840435821357,12.701768,-0.79634595,1.9790263,0.08400557,8.969259,-10.306859,1.5784495,-0.494307,0.1624297,-0.3343879,-0.78578764,-8.909696,4.884189,-0.05595636,0.90045387,-0.94220203,-0.30018404,0,-0.354111442565918,-0.13386521657307943,0.322944278717041,0.4330673917134603,-0.620139877316417,0.7805769896912467,0.07826937923946015,0.4232459349136164,24.250205766618958,0
0.8400000000000005,13.35910568816703,0.9004538691583036,-0.9422020134077789,-0.3001840435821357,12.790589,-0.8408031,1.7686507,0.03432996,8.880215,-10.257559,1.5778831,-0.49778196,0.15700065,-0.33534575,-0.78428787,-8.899019,4.9756575,-0.057279024,0.90045387,-0.94220203,-0.30018404,0,-0.354111442565918,-0.13386521657307943,0.322944278717041,0.4330673917134603,-0.620139877316417,0.7805769896912467,0.07826937923946015,0.4232459349136164,24.250205766618958,0
0.8500000000000005,13.35910568816703,0.9004538691583036,-0.9422020134077789,-0.3001840435821357,12.790589,-0.8408031,1.7686507,0.03432996,8.791285,-10.207347,1.577305,-0.5012346,0.15156455,-0.33628863,-0.78275305,-8.886704,5.0666146,-0.05831461,0.90045387,-0.94220203,-0.30018404,0,-0.354111442565918,-0.13386521657307943,0.322944278717041,0.4330673917134603,-0.620139877316417,0.7805769896912467,0.07826937923946015,0.4232459349136164,24.250205766618958,0
0.8600000000000005,13.35910568816703,0.9004538691583036,-0.9422020134077789,-0.3001840435821357,12.790589,-0.8408031,1.7686507,0.03432996,8.702485,-10.156228,1.5767177,-0.50466484,0.1461217,-0.33721647,-0.78118324,-8.872752,5.1570406,-0.0590761,0.90045387,-0.94220203,-0.30018404,0,-0.354111442565918,-0.13386521657307943,0.322944278717041,0.4330673917134603,-0.620139877316417,0.7805769896912467,0.07826937923946015,0.4232459349136164,24.250205766618958,0
0.8700000000000006,13.35910568816703,0.9004538691583036,-0.9422020134077789,-0.3001840435821357,12.790589,-0.8408031,1.7686507,0.03432996,8.613834,-10.104209,1.5761244,-0.50807256,0.14067231,-0.33812922,-0.77957845,-8.85717,5.2469172,-0.05957655,0.90045387,-0.94220203,-0.30018404,0,-0.3349051666259766,-0.10483393987019857,0.3325474166870117,0.44758303006490074,-0.5521021746424404,0.828091684314682,0.09719748517303131,0.4479527626735713,25.665802722421038,1
0.8800000000000006,13.710976467180208,0.5064485717435614,-0.04754898883027318,-0.2522523582797654,13.089183,-0.9143298,0.8576189,-0.22551614,8.525348,-10.051293,1.5755273,-0.51145756,0.13521664,-0.33902687,-0.77793884,-8.83996,5.3362265,-0.05982904,0.90045387,-0.94220203,-0.30018404,0,-0.3349051666259766,-0.10483393987019857,0.3325474166870117,0.44758303006490074,-0.5521021746424404,0.828091684314682,0.09719748517303131,0.4479527626735713,25.665802722421038,1
0.8900000000000006,13.710976467180208,0.5064485717435614,-0.04754898883027318,-0.2522523582797654,13.089183,-0.9143298,0.8576189,-0.22551614,8.437042,-9.997475,1.5749412,-0.51285964,0.1341636,-0.34070328,-0.7764643,-8.821014,5.427561,-0.05743945,0.50644857,-0.047548987,-0.25225237,0,-0.3349051666259766,-0.10483393987019857,0.3325474166870117,0.44758303006490074,-0.5521021746424404,0.828091684314682,0.09719748517303131,0.4479527626735713,25.665802722421038,1
0.9000000000000006,13.710976467180208,0.5064485717435614,-0.04754898883027318,-0.2522523582797654,13.089183,-0.9143298,0.8576189,-0.22551614,8.348929,-9.942741,1.5743777,-0.5142576,0.1331095,-0.34237695,-0.77498347,-8.801424,5.5190177,-0.055285133,0.50644857,-0.047548987,-0.25225237,0,-0.3349051666259766,-0.10483393987019857,0.3325474166870117,0.44758303006490074,-0.5521021746424404,0.828091684314682,0.09719748517303131,0.4479527626735713,25.665802722421038,1
0.9100000000000006,13.710976467180208,0.5064485717435614,-0.04754898883027318,-0.2522523582797654,13.089183,-0.9143298,0.8576189,-0.22551614,8.261016,-9.887093,1.5738345,-0.51565146,0.13205431,-0.34404787,-0.77349645,-8.781188,5.6105933,-0.05336764,0.50644857,-0.047548987,-0.25225237,0,-0.3349051666259766,-0.10483393987019857,0.3325474166870117,0.44758303006490074,-0.5521021746424404,0.828091684314682,0.09719748517303131,0.4479527626735713,25.665802722421038,1
0.9200000000000006,13.415940731311878,0.6311498137603279,-0.8603170259949916,-0.21379106390056046,13.250273,-0.9082587,1.1244949,-0.15436712,8.173307,-9.830528,1.5733094,-0.51704115,0.13099806,-0.345716,-0.7720031,-8.760307,5.702284,-0.051688515,0.50644857,-0.047548987,-0.25225237,0,-0.3349051666259766,-0.10483393987019857,0.3325474166870117,0.44758303006490074,-0.5521021746424404,0.828091684314682,0.09719748517303131,0.4479527626735713,25.665802722421038,1
0.9300000000000006,13.415940731311878,0.6311498137603279,-0.8603170259949916,-0.21379106390056046,13.250273,-0.9082587,1.1244949,-0.15436712,8.08581,-9.773057,1.5727898,-0.51975924,0.12641321,-0.345783,-0.77091146,-8.739013,5.7918344,-0.052188136,0.6311498,-0.86031705,-0.21379106,0,-0.3349051666259766,-0.10483393987019857,0.3325474166870117,0.44758303006490074,-0.5521021746424404,0.828091684314682,0.09719748517303131,0.4479527626735713,25.665802722421038,1
0.9400000000000006,13.415940731311878,0.6311498137603279,-0.8603170259949916,-0.21379106390056046,13.250273,-0.9082587,1.1244949,-0.15436712,7.9985313,-9.714693,1.5722667,-0.52246195,0.121824615,-0.34583974,-0.7697971,-8.716472,5.880749,-0.05238695,0.6311498,-0.86031705,-0.21379106,0,-0.3027207565307617,-0.11365685780843099,0.34863962173461915,0.44317157109578453,-0.48374398872296476,0.8682259567166705,0.11034238287175821,0.46894637940463024,26.868648357825943,1
0.9500000000000006,13.415940731311878,0.6311498137603279,-0.8603170259949916,-0.21379106390056046,13.250273,-0.9082587,1.1244949,-0.15436712,7.9114847,-9.655443,1.571743,-0.52514917,0.11723241,-0.3458863,-0.76865983,-8.692687,5.9690166,-0.052294098,0.6311498,-0.86031705,-0.21379106,0,-0.3027207565307617,-0.11365685780843099,0.34863962173461915,0.44317157109578453,-0.48374398872296476,0.8682259567166705,0.11034238287175821,0.46894637940463024,26.868648357825943,1
0.9600000000000006,13.6663118540931,0.21388286480752025,0.03726582732230841,-0.15975532413029447,13.157253,-0.59877634,0.67616606,-0.15778387,7.824682,-9.595315,1.5712218,-0.5278208,0.11263674,-0.3459226,-0.76749986,-8.667665,6.0566235,-0.05191878,0.6311498,-0.86031705,-0.21379106,1,-0.3027207565307617,-0.11365685780843099,0.34863962173461915,0.44317157109578453,-0.48374398872296476,0.8682259567166705,0.11034238287175821,0.46894637940463024,26.868648357825943,1
0.9700000000000006,13.6663118540931,0.21388286480752025,0.03726582732230841,-0.15975532413029447,13.157253,-0.59877634,0.67616606,-0.15778387,7.738131,-9.534321,1.5706956,-0.52691406,0.11708347,-0.34531677,-0.7677303,-8.642769,6.142315,-0.053332124,-0.59877634,0.67616606,-0.15778387,1,-0.3027207565307617,-0.11365685780843099,0.34863962173461915,0.44317157109578453,-0.48374398872296476,0.8682259567166705,0.11034238287175821,0.46894637940463024,26.868648357825943,1
0.9800000000000006,13.6663118540931,0.21388286480752025,0.03726582732230841,-0.15975532413029447,13.157253,-0.59877634,0.67616606,-0.15778387,7.6518235,-9.472467,1.5701547,-0.5259962,0.121527724,-0.34470367,-0.7679445,-8.618945,6.228493,-0.054907497,-0.59877634,0.67616606,-0.15778387,1,-0.3027207565307617,-0.11365685780843099,0.34863962173461915,0.44317157109578453,-0.48374398872296476,0.8682259567166705,0.11034238287175821,0.46894637940463024,26.868648357825943,1
0.9900000000000007,13.6663118540931,0.21388286480752025,0.03726582732230841,-0.15975532413029447,13.157253,-0.59877634,0.67616606,-0.15778387,7.5657487,-9.40975,1.569597,-0.5250673,0.12596944,-0.34408337,-0.7681425,-8.596195,6.3151517,-0.056654017,-0.59877634,0.67616606,-0.15778387,1,-0.3027207565307617,-0.11365685780843099,0.34863962173461915,0.44317157109578453,-0.48374398872296476,0.8682259567166705,0.11034238287175821,0.46894637940463024,26.868648357825943,1
1.0000000000000007,13.25703518336048,0.7691427463590752,-1.813165538860594,-0.0886012829465652,12.511391,-0.35615376,1.8069351,-0.02664178,7.479896,-9.346164,1.569021,-0.52412736,0.13040851,-0.3434558,-0.76832455,-8.574519,6.4022846,-0.058580797,-0.59877634,0.67616606,-0.15778387,0,-0.34083778381347657,-0.08277727127075195,0.3295811080932617,0.458611364364624,-0.5258878031402281,0.84644274427084,0.08352663754512309,0.37350556117467626,21.40029227997433,0
1.0100000000000007,13.25703518336048,0.7691427463590752,-1.813165538860594,-0.0886012829465652,12.511391,-0.35615376,1.8069351,-0.02664178,7.394259,-9.281702,1.5684297,-0.5280574,0.12157332,-0.34158447,-0.76791644,-8.55264,6.4898067,-0.05954437,0.76914275,-1.8131655,-0.088601284,0,-0.34083778381347657,-0.08277727127075195,0.3295811080932617,0.458611364364624,-0.5258878031402281,0.84644274427084,0.08352663754512309,0.37350556117467626,21.40029227997433,0
1.0200000000000007,13.25703518336048,0.7691427463590752,-1.813165538860594,-0.0886012829465652,12.511391,-0.35615376,1.8069351,-0.02664178,7.30885,-9.2163725,1.5678334,-0.5319362,0.11272632,-0.33967996,-0.7674337,-8.528855,6.575797,-0.059591454,0.76914275,-1.8131655,-0.088601284,0,-0.34083778381347657,-0.08277727127075195,0.3295811080932617,0.458611364364624,-0.5258878031402281,0.84644274427084,0.08352663754512309,0.37350556117467626,21.40029227997433,0
1.0300000000000007,13.25703518336048,0.7691427463590752,-1.813165538860594,-0.0886012829465652,12.511391,-0.35615376,1.8069351,-0.02664178,7.2236886,-9.15019,1.5672411,-0.53576326,0.10386837,-0.3377424,-0.7668764,-8.503176,6.66022,-0.058758732,0.76914275,-1.8131655,-0.088601284,0,-0.34083778381347657,-0.08277727127075195,0.3295811080932617,0.458611364364624,-0.5258878031402281,0.84644274427084,0.08352663754512309,0.37350556117467626,21.40029227997433,0
1.0400000000000007,13.25703518336048,0.7691427463590752,-1.813165538860594,-0.0886012829465652,12.368065,-0.11565366,0.45264784,-0.056498997,7.138793,-9.083172,1.5666612,-0.53953826,0.09500032,-0.33577207,-0.7662446,-8.475613,6.743042,-0.057083257,0.76914275,-1.8131655,-0.088601284,0,-0.34083778381347657,-0.08277727127075195,0.3295811080932617,0.458611364364624,-0.5258878031402281,0.84644274427084,0.08352663754512309,0.37350556117467626,21.40029227997433,0
1.0500000000000007,13.25703518336048,0.7691427463590752,-1.813165538860594,-0.0886012829465652,12.368065,-0.11565366,0.45264784,-0.056498997,7.0541825,-9.015334,1.5661024,-0.5432608,0.08612304,-0.3337691,-0.7655384,-8.446179,6.8242307,-0.054602392,0.76914275,-1.8131655,-0.088601284,0,-0.34083778381347657,-0.08277727127075195,0.3295811080932617,0.458611364364624,-0.5258878031402281,0.84644274427084,0.08352663754512309,0.37350556117467626,21.40029227997433,0
1.0600000000000007,13.25703518336048,0.7691427463590752,-1.813165538860594,-0.0886012829465652,12.368065,-0.11565366,0.45264784,-0.056498997,6.969876,-8.946692,1.5655721,-0.54693055,0.0772374,-0.33173373,-0.7647578,-8.41489,6.903753,-0.051353823,0.76914275,-1.8131655,-0.088601284,0,-0.34083778381347657,-0.08277727127075195,0.3295811080932617,0.458611364364624,-0.5258878031402281,0.84644274427084,0.08352663754512309,0.37350556117467626,21.40029227997433,0
1.0700000000000007,13.25703518336048,0.7691427463590752,-1.813165538860594,-0.0886012829465652,12.368065,-0.11565366,0.45264784,-0.056498997,6.885891,-8.877265,1.565078,-0.5505471,0.06834424,-0.3296661,-0.76390284,-8.381757,6.981577,-0.047375523,0.76914275,-1.8131655,-0.088601284,0,-0.3055522727966309,0.0489219601949056,0.34722386360168456,0.5244609800974528,-0.47268186623262687,0.8787953811059938,0.06550214867935653,0.3827983824340069,21.932731717903422,0
1.0800000000000007,13.523769643601224,0.17727313821644144,0.25624227378188186,-0.07921591439067363,11.870339,0.039873697,0.06491121,-0.04033064,6.8022466,-8.807067,1.564627,-0.5541102,0.059444457,-0.32756642,-0.76297367,-8.346794,7.057671,-0.042705752,0.76914275,-1.8131655,-0.088601284,0,-0.3055522727966309,0.0489219601949056,0.34722386360168456,0.5244609800974528,-0.47268186623262687,0.8787953811059938,0.06550214867935653,0.3827983824340069,21.932731717903422,0
1.0900000000000007,13.523769643601224,0.17727313821644144,0.25624227378188186,-0.07921591439067363,11.870339,0.039873697,0.06491121,-0.04033064,6.7189627,-8.736108,1.5642356,-0.55404466,0.06006051,-0.32892865,-0.7623867,-8.3099375,7.134299,-0.035643853,0.17727314,0.25624228,-0.079215914,0,-0.3055522727966309,0.0489219601949056,0.34722386360168456,0.5244609800974528,-0.47268186623262687,0.8787953811059938,0.06550214867935653,0.3827983824340069,21.932731717903422,0
1.1000000000000008,13.523769643601224,0.17727313821644144,0.25624227378188186,-0.07921591439067363,11.870339,0.039873697,0.06491121,-0.04033064,6.636048,-8.66438,1.5639135,-0.55397767,0.060676403,-0.33029002,-0.7617978,-8.273001,7.2112465,-0.02884416,0.17727314,0.25624228,-0.079215914,0,-0.3055522727966309,0.0489219601949056,0.34722386360168456,0.5244609800974528,-0.47268186623262687,0.8787953811059938,0.06550214867935653,0.3827983824340069,21.932731717903422,0
1.1100000000000008,13.523769643601224,0.17727313821644144,0.25624227378188186,-0.07921591439067363,11.870339,0.039873697,0.06491121,-0.04033064,6.5535026,-8.591882,1.5636578,-0.55390924,0.061292145,-0.33165056,-0.7612069,-8.235983,7.288513,-0.022307709,0.17727314,0.25624228,-0.079215914,0,-0.3055522727966309,0.0489219601949056,0.34722386360168456,0.5244609800974528,-0.47268186623262687,0.8787953811059938,0.06550214867935653,0.3827983824340069,21.932731717903422,0
1.1200000000000008,13.131387209412487,0.05867767033325195,-0.25357036001385885,-0.028670400790309393,11.965517,0.07690445,0.91935414,0.18513966,6.4713283,-8.518609,1.5634663,-0.5538394,0.061907727,-0.33301023,-0.760614,-8.198885,7.366098,-0.016035551,0.17727314,0.25624228,-0.079215914,0,-0.3055522727966309,0.0489219601949056,0.34722386360168456,0.5244609800974528,-0.47268186623262687,0.8787953811059938,0.06550214867935653,0.3827983824340069,21.932731717903422,0
1.1300000000000008,13.131387209412487,0.05867767033325195,-0.25357036001385885,-0.028670400790309393,11.965517,0.07690445,0.91935414,0.18513966,6.38952,-8.444571,1.5633215,-0.55438834,0.060828578,-0.33252203,-0.76051474,-8.162741,7.4415293,-0.01290745,0.05867767,-0.25357035,-0.0286704,0,-0.3055522727966309,0.0489219601949056,0.34722386360168456,0.5244609800974528,-0.47268186623262687,0.8787953811059938,0.06550214867935653,0.3827983824340069,21.932731717903422,0
1.1400000000000008,13.131387209412487,0.05867767033325195,-0.25357036001385885,-0.028670400790309393,11.965517,0.07690445,0.91935414,0.18513966,6.308074,-8.36978,1.5632087,-0.55493635,0.059749324,-0.33203328,-0.7604142,-8.126403,7.5167055,-0.009659473,0.05867767,-0.25357035,-0.0286704,0,-0.34143524169921874,0.21688621520996093,0.3292823791503906,0.6084431076049804,-0.5398666608063443,0.8401036171548957,-0.05262984887939914,0.253184805251502,14.506420777752746,0
1.1500000000000008,13.131387209412487,0.05867767033325195,-0.25357036001385885,-0.028670400790309393,11.965517,0.07690445,0.91935414,0.18513966,6.2269926,-8.294239,1.5631288,-0.5554834,0.058669966,-0.33154395,-0.7603123,-8.089872,7.5916266,-0.006292252,0.05867767,-0.25357035,-0.0286704,0,-0.34143524169921874,0.21688621520996093,0.3292823791503906,0.6084431076049804,-0.5398666608063443,0.8401036171548957,-0.05262984887939914,0.253184805251502,14.506420777752746,0
1.1600000000000008,13.429203008995604,-0.37642721981340416,1.0952537592680978,0.010450845782136743,12.54087,-0.3446037,0.54098,-0.08228599,6.1462774,-8.217951,1.5630832,-0.5560295,0.057590507,-0.33105406,-0.76020914,-8.053148,7.666292,-0.0028064242,0.05867767,-0.25357035,-0.0286704,1,-0.34143524169921874,0.21688621520996093,0.3292823791503906,0.6084431076049804,-0.5398666608063443,0.8401036171548957,-0.05262984887939914,0.253184805251502,14.506420777752746,0
1.1700000000000008,13.429203008995604,-0.37642721981340416,1.0952537592680978,0.010450845782136743,12.54087,-0.3446037,0.54098,-0.08228599,6.065921,-8.140932,1.5630499,-0.5553447,0.060740743,-0.33122277,-0.760391,-8.018199,7.737626,-0.0038636173,-0.3446037,0.54098,-0.08228599,1,-0.34143524169921874,0.21688621520996093,0.3292823791503906,0.6084431076049804,-0.5398666608063443,0.8401036171548957,-0.05262984887939914,0.253184805251502,14.506420777752746,0
1.1800000000000008,13.429203008995604,-0.37642721981340416,1.0952537592680978,0.010450845782136743,12.54087,-0.3446037,0.54098,-0.08228599,5.9859104,-8.063198,1.5630054,-0.554654,0.063890345,-0.33138803,-0.7605649,-7.983886,7.8094354,-0.0050439825,-0.3446037,0.54098,-0.08228599,1,-0.34143524169921874,0.21688621520996093,0.3292823791503906,0.6084431076049804,-0.5398666608063443,0.8401036171548957,-0.05262984887939914,0.253184805251502,14.506420777752746,0
1.1900000000000008,13.429203008995604,-0.37642721981340416,1.0952537592680978,0.010450845782136743,12.54087,-0.3446037,0.54098,-0.08228599,5.9062405,-7.9847426,1.5629485,-0.5539576,0.06703928,-0.33154982,-0.7607309,-7.9502115,7.881717,-0.006351916,-0.3446037,0.54098,-0.08228599,1,-0.34143524169921874,0.21688621520996093,0.3292823791503906,0.6084431076049804,-0.5398666608063443,0.8401036171548957,-0.05262984887939914,0.253184805251502,14.506420777752746,0
1.2000000000000008,13.26402059981267,-0.35280617894625804,-0.2740002623886908,0.07168288102429649,12.49005,-0.32470426,0.90934294,-0.05051755,5.8269043,-7.905562,1.5628779,-0.55325544,0.07018751,-0.33170816,-0.76088893,-7.9171762,7.954469,-0.007791807,-0.3446037,0.54098,-0.08228599,0,-0.376209716796875,0.1910042444864909,0.3118951416015625,0.5955021222432455,-0.5625896448067119,0.82602282277471,-0.03433930417987061,0.1851320838620234,10.607287057755958,0
1.2100000000000009,13.26402059981267,-0.35280617894625804,-0.2740002623886908,0.07168288102429649,12.49005,-0.32470426,0.90934294,-0.05051755,5.747905,-7.8256316,1.5628207,-0.5533119,0.070001975,-0.32963228,-0.76176655,-7.882764,8.031588,-0.0036080189,-0.35280618,-0.27400026,0.07168288,0,-0.376209716796875,0.1910042444864909,0.3118951416015625,0.5955021222432455,-0.5625896448067119,0.82602282277471,-0.03433930417987061,0.1851320838620234,10.607287057755958,0
1.2200000000000009,13.26402059981267,-0.35280617894625804,-0.2740002623886908,0.07168288102429649,12.49005,-0.32470426,0.90934294,-0.05051755,5.669248,-7.7449317,1.5628071,-0.55336565,0.06981608,-0.3275547,-0.76264036,-7.84863,8.108336,0.00094611687,-0.35280618,-0.27400026,0.07168288,0,-0.376209716796875,0.1910042444864909,0.3118951416015625,0.5955021222432455,-0.5625896448067119,0.82602282277471,-0.03433930417987061,0.1851320838620234,10.607287057755958,0
1.2300000000000009,13.26402059981267,-0.35280617894625804,-0.2740002623886908,0.07168288102429649,12.49005,-0.32470426,0.90934294,-0.05051755,5.5909314,-7.663466,1.5628409,-0.55341655,0.06962983,-0.32547545,-0.76351017,-7.8147755,8.184715,0.005868597,-0.35280618,-0.27400026,0.07168288,0,-0.376209716796875,0.1910042444864909,0.3118951416015625,0.5955021222432455,-0.5625896448067119,0.82602282277471,-0.03433930417987061,0.1851320838620234,10.607287057755958,0
1.2400000000000009,13.26402059981267,-0.35280617894625804,-0.2740002623886908,0.07168288102429649,12.764475,-0.6179242,0.43338963,-0.13865745,5.5129514,-7.5812387,1.5629259,-0.5534646,0.069443226,-0.32339454,-0.7643761,-7.7812004,8.260721,0.011157415,-0.35280618,-0.27400026,0.07168288,1,-0.376209716796875,0.1910042444864909,0.3118951416015625,0.5955021222432455,-0.5625896448067119,0.82602282277471,-0.03433930417987061,0.1851320838620234,10.607287057755958,0
1.2500000000000009,13.26402059981267,-0.35280617894625804,-0.2740002623886908,0.07168288102429649,12.764475,-0.6179242,0.43338963,-0.13865745,5.435299,-7.4982667,1.5630456,-0.55307513,0.07303327,-0.3221817,-0.7648355,-7.7494,8.333753,0.012798356,-0.6179242,0.43338963,-0.13865745,1,-0.376209716796875,0.1910042444864909,0.3118951416015625,0.5955021222432455,-0.5625896448067119,0.82602282277471,-0.03433930417987061,0.1851320838620234,10.607287057755958,0
1.260000000000001,13.26402059981267,-0.35280617894625804,-0.2740002623886908,0.07168288102429649,12.764475,-0.6179242,0.43338963,-0.13865745,5.35796,-7.4145627,1.5631822,-0.5526775,0.07662225,-0.3209641,-0.7652836,-7.7185125,8.407084,0.014506159,-0.6179242,0.43338963,-0.13865745,1,-0.376209716796875,0.1910042444864909,0.3118951416015625,0.5955021222432455,-0.5625896448067119,0.82602282277471,-0.03433930417987061,0.1851320838620234,10.607287057755958,0
1.270000000000001,13.26402059981267,-0.35280617894625804,-0.2740002623886908,0.07168288102429649,12.764475,-0.6179242,0.43338963,-0.13865745,5.2809258,-7.330124,1.5633361,-0.5522717,0.08021008,-0.31974182,-0.76572037,-7.6885405,8.480712,0.016274322,-0.6179242,0.43338963,-0.13865745,1,-0.32236400604248044,0.09841729482014974,0.3388179969787598,0.5492086474100749,-0.5105821286479797,0.8596549031591834,0.017301369300515863,0.20049429361233173,11.487476840443348,0
1.280000000000001,13.535103996832095,-0.5163860428465975,1.2184584445759317,0.09751949706829587,12.50823,-1.046707,1.1745847,-0.26248085,5.2041864,-7.2449474,1.563508,-0.5518578,0.08379673,-0.3185148,-0.76614594,-7.659484,8.554634,0.01809631,-0.6179242,0.43338963,-0.13865745,0,-0.32236400604248044,0.09841729482014974,0.3388179969787598,0.5492086474100749,-0.5105821286479797,0.8596549031591834,0.017301369300515863,0.20049429361233173,11.487476840443348,0
1.290000000000001,13.535103996832095,-0.5163860428465975,1.2184584445759317,0.09751949706829587,12.50823,-1.046707,1.1745847,-0.26248085,5.127741,-7.159007,1.5637279,-0.54931533,0.089731984,-0.31993255,-0.76671004,-7.6297503,8.633651,0.025788255,-0.51638603,1.2184584,0.097519495,0,-0.32236400604248044,0.09841729482014974,0.3388179969787598,0.5492086474100749,-0.5105821286479797,0.8596549031591834,0.017301369300515863,0.20049429361233173,11.487476840443348,0
1.300000000000001,13.535103996832095,-0.5163860428465975,1.2184584445759317,0.09751949706829587,12.50823,-1.046707,1.1745847,-0.26248085,5.0515866,-7.072271,1.564022,-0.5467486,0.09566328,-0.32133624,-0.76724035,-7.6012716,8.71383,0.032949794,-0.51638603,1.2184584,0.097519495,0,-0.32236400604248044,0.09841729482014974,0.3388179969787598,0.5492086474100749,-0.5105821286479797,0.8596549031591834,0.017301369300515863,0.20049429361233173,11.487476840443348,0
1.310000000000001,13.535103996832095,-0.5163860428465975,1.2184584445759317,0.09751949706829587,12.50823,-1.046707,1.1745847,-0.26248085,4.9757113,-6.984727,1.5643849,-0.5441578,0.101590365,-0.3227258,-0.7677369,-7.5740542,8.7951565,0.03956345,-0.51638603,1.2184584,0.097519495,0,-0.32236400604248044,0.09841729482014974,0.3388179969787598,0.5492086474100749,-0.5105821286479797,0.8596549031591834,0.017301369300515863,0.20049429361233173,11.487476840443348,0
1.320000000000001,13.091543838229384,-0.5033404307643038,0.23775871799117795,0.15675240622968767,12.673807,-0.931098,0.0052433237,-0.16280532,4.9001017,-6.8963637,1.5648112,-0.541543,0.10751299,-0.32410112,-0.7681997,-7.548105,8.877614,0.04561185,-0.51638603,1.2184584,0.097519495,1,-0.32236400604248044,0.09841729482014974,0.3388179969787598,0.5492086474100749,-0.5105821286479797,0.8596549031591834,0.017301369300515863,0.20049429361233173,11.487476840443348,0
1.330000000000001,13.091543838229384,-0.5033404307643038,0.23775871799117795,0.15675240622968767,12.673807,-0.931098,0.0052433237,-0.16280532,4.8247375,-6.807199,1.5652633,-0.5416533,0.110316895,-0.3204479,-0.76925635,-7.5249515,8.955392,0.044860955,-0.931098,0.0052433237,-0.16280532,1,-0.32236400604248044,0.09841729482014974,0.3388179969787598,0.5492086474100749,-0.5105821286479797,0.8596549031591834,0.017301369300515863,0.20049429361233173,11.487476840443348,0
1.340000000000001,13.091543838229384,-0.5033404307643038,0.23775871799117795,0.15675240622968767,12.673807,-0.931098,0.0052433237,-0.16280532,4.7495995,-6.717257,1.5657101,-0.54175144,0.11311833,-0.31678748,-0.77029586,-7.5028667,9.03293,0.04454856,-0.931098,0.0052433237,-0.16280532,1,-0.3158156394958496,0.029122031529744467,0.3420921802520752,0.5145610157648722,-0.5215494819700313,0.8528313920158255,0.02578283632848745,0.144261386408155,8.26556858789322,0
1.350000000000001,13.091543838229384,-0.5033404307643038,0.23775871799117795,0.15675240622968767,12.673807,-0.931098,0.0052433237,-0.16280532,4.6746764,-6.626541,1.5661558,-0.5418375,0.11591724,-0.31311998,-0.77131814,-7.481854,9.110224,0.044665184,-0.931098,0.0052433237,-0.16280532,1,-0.3158156394958496,0.029122031529744467,0.3420921802520752,0.5145610157648722,-0.5215494819700313,0.8528313920158255,0.02578283632848745,0.144261386408155,8.26556858789322,0
1.360000000000001,13.20991913452968,-0.48491293257591733,0.04949559888908174,0.22651334572228873,13.010902,-0.864993,-0.2482718,-0.0946108,4.599958,-6.535054,1.5666049,-0.5419115,0.118713565,-0.30944547,-0.7723231,-7.4619155,9.187267,0.045201324,-0.931098,0.0052433237,-0.16280532,1,-0.3158156394958496,0.029122031529744467,0.3420921802520752,0.5145610157648722,-0.5215494819700313,0.8528313920158255,0.02578283632848745,0.144261386408155,8.26556858789322,0
1.370000000000001,13.20991913452968,-0.48491293257591733,0.04949559888908174,0.22651334572228873,13.010902,-0.864993,-0.2482718,-0.0946108,4.5254364,-6.4427876,1.5670745,-0.542142,0.12024375,-0.3053732,-0.7735445,-7.4424753,9.266011,0.048834857,-0.864993,-0.2482718,-0.0946108,1,-0.3158156394958496,0.029122031529744467,0.3420921802520752,0.5145610157648722,-0.5215494819700313,0.8528313920158255,0.02578283632848745,0.144261386408155,8.26556858789322,0
1.380000000000001,13.20991913452968,-0.48491293257591733,0.04949559888908174,0.22651334572228873,13.010902,-0.864993,-0.2482718,-0.0946108,4.4511046,-6.3497357,1.5675834,-0.5423614,0.12177147,-0.30129462,-0.7747501,-7.423938,9.344255,0.053021498,-0.864993,-0.2482718,-0.0946108,1,-0.3158156394958496,0.029122031529744467,0.3420921802520752,0.5145610157648722,-0.5215494819700313,0.8528313920158255,0.02578283632848745,0.144261386408155,8.26556858789322,0
1.390000000000001,13.20991913452968,-0.48491293257591733,0.04949559888908174,0.22651334572228873,13.010902,-0.864993,-0.2482718,-0.0946108,4.3769536,-6.2559037,1.5681369,-0.5425697,0.12329671,-0.29720992,-0.7759399,-7.4063044,9.421992,0.057752512,-0.864993,-0.2482718,-0.0946108,1,-0.3158156394958496,0.029122031529744467,0.3420921802520752,0.5145610157648722,-0.5215494819700313,0.8528313920158255,0.02578283632848745,0.144261386408155,8.26556858789322,0
1.400000000000001,12.806420862532052,-0.44964514766291797,-0.49407231967362886,0.3499904325444034,13.2516165,-0.8900569,-0.5491578,-0.26426828,4.302975,-6.161297,1.5687402,-0.5427669,0.124819405,-0.29311913,-0.7771138,-7.389578,9.499218,0.06301911,-0.864993,-0.2482718,-0.0946108,1,-0.4070280456542969,0.0943661371866862,0.2964859771728515,0.5471830685933431,-0.6162669271040344,0.7875283218398901,-0.003770524870364403,-0.002871031454342976,-0.16449798518315922,0
1.410000000000001,12.806420862532052,-0.44964514766291797,-0.49407231967362886,0.3499904325444034,13.2516165,-0.8900569,-0.5491578,-0.26426828,4.2291613,-6.065914,1.5694088,-0.5440352,0.12548657,-0.28800127,-0.7780325,-7.3734226,9.577228,0.0708148,-0.8900569,-0.5491578,-0.26426828,1,-0.4070280456542969,0.0943661371866862,0.2964859771728515,0.5471830685933431,-0.6162669271040344,0.7875283218398901,-0.003770524870364403,-0.002871031454342976,-0.16449798518315922,0
1.420000000000001,12.806420862532052,-0.44964514766291797,-0.49407231967362886,0.3499904325444034,13.2516165,-0.8900569,-0.5491578,-0.26426828,4.1555047,-5.9697556,1.5701591,-0.54528767,0.12615009,-0.28287503,-0.7789286,-7.3580766,9.654389,0.079349734,-0.8900569,-0.5491578,-0.26426828,1,-0.4070280456542969,0.0943661371866862,0.2964859771728515,0.5471830685933431,-0.6162669271040344,0.7875283218398901,-0.003770524870364403,-0.002871031454342976,-0.16449798518315922,0
1.430000000000001,12.806420862532052,-0.44964514766291797,-0.49407231967362886,0.3499904325444034,13.2516165,-0.8900569,-0.5491578,-0.26426828,4.0819974,-5.87283,1.5709983,-0.5465243,0.12680994,-0.27774054,-0.77980196,-7.343544,9.730696,0.08861127,-0.8900569,-0.5491578,-0.26426828,1,-0.4070280456542969,0.0943661371866862,0.2964859771728515,0.5471830685933431,-0.6162669271040344,0.7875283218398901,-0.003770524870364403,-0.002871031454342976,-0.16449798518315922,0
1.440000000000001,12.806420862532052,-0.44964514766291797,-0.49407231967362886,0.3499904325444034,13.839452,-0.7070833,-1.4874909,-0.3065046,4.008631,-5.7751446,1.5719337,-0.547745,0.1274661,-0.27259797,-0.7806527,-7.32983,9.806141,0.09858667,-0.8900569,-0.5491578,-0.26426828,0,-0.4070280456542969,0.0943661371866862,0.2964859771728515,0.5471830685933431,-0.6162669271040344,0.7875283218398901,-0.003770524870364403,-0.002871031454342976,-0.16449798518315922,0
1.450000000000001,12.806420862532052,-0.44964514766291797,-0.49407231967362886,0.3499904325444034,13.839452,-0.7070833,-1.4874909,-0.3065046,3.9353962,-5.6767216,1.572954,-0.5467618,0.12629113,-0.26971087,-0.7825334,-7.3171854,9.878288,0.10553595,-0.44964516,-0.49407232,0.34999043,0,-0.4070280456542969,0.0943661371866862,0.2964859771728515,0.5471830685933431,-0.6162669271040344,0.7875283218398901,-0.003770524870364403,-0.002871031454342976,-0.16449798518315922,0
1.460000000000001,12.806420862532052,-0.44964514766291797,-0.49407231967362886,0.3499904325444034,13.839452,-0.7070833,-1.4874909,-0.3065046,3.8622863,-5.5775805,1.5740461,-0.54577094,0.12511435,-0.26681992,-0.78440297,-7.304838,9.949789,0.11296099,-0.44964516,-0.49407232,0.34999043,0,-0.4070280456542969,0.0943661371866862,0.2964859771728515,0.5471830685933431,-0.6162669271040344,0.7875283218398901,-0.003770524870364403,-0.002871031454342976,-0.16449798518315922,0
1.470000000000001,12.806420862532052,-0.44964514766291797,-0.49407231967362886,0.3499904325444034,13.839452,-0.7070833,-1.4874909,-0.3065046,3.7892985,-5.477728,1.5752147,-0.5447722,0.123935804,-0.2639252,-0.7862614,-7.2927876,10.02064,0.12085744,-0.44964516,-0.49407232,0.34999043,0,-0.4481440353393555,0.027252508799235027,0.27592798233032223,0.5136262543996175,-0.6382161707257858,0.764808781499138,0.08802072009429901,-0.0662877316708621,-3.7980072582360793,0
1.480000000000001,12.223625510396065,-0.5707514373265412,-0.9381844969797697,0.4884556933531163,13.280313,-0.960802,-0.88051367,-0.15104854,3.7164297,-5.3771706,1.5764648,-0.54376584,0.12275549,-0.26102674,-0.78810865,-7.28103,10.090837,0.12922093,-0.44964516,-0.49407232,0.34999043,0,-0.4481440353393555,0.027252508799235027,0.27592798233032223,0.5136262543996175,-0.6382161707257858,0.764808781499138,0.08802072009429901,-0.0662877316708621,-3.7980072582360793,0
1.490000000000001,12.223625510396065,-0.5707514373265412,-0.9381844969797697,0.4884556933531163,13.280313,-0.960802,-0.88051367,-0.15104854,3.6436744,-5.27593,1.5777768,-0.54270536,0.119970605,-0.256522,-0.7907432,-7.2700596,10.157035,0.1332928,-0.5707514,-0.9381845,0.48845568,0,-0.4481440353393555,0.027252508799235027,0.27592798233032223,0.5136262543996175,-0.6382161707257858,0.764808781499138,0.08802072009429901,-0.0662877316708621,-3.7980072582360793,0
1.500000000000001,12.223625510396065,-0.5707514373265412,-0.9381844969797697,0.4884556933531163,13.280313,-0.960802,-0.88051367,-0.15104854,3.5710278,-5.174033,1.5791332,-0.5416253,0.11718139,-0.25200802,-0.7933491,-7.2592926,10.222125,0.13809526,-0.5707514,-0.9381845,0.48845568,0,-0.4481440353393555,0.027252508799235027,0.27592798233032223,0.5136262543996175,-0.6382161707257858,0.764808781499138,0.08802072009429901,-0.0662877316708621,-3.7980072582360793,0
1.5100000000000011,12.223625510396065,-0.5707514373265412,-0.9381844969797697,0.4884556933531163,13.280313,-0.960802,-0.88051367,-0.15104854,3.498488,-5.071491,1.5805413,-0.54052573,0.114387944,-0.24748494,-0.7959264,-7.248725,10.2860985,0.14361596,-0.5707514,-0.9381845,0.48845568,0,-0.4481440353393555,0.027252508799235027,0.27592798233032223,0.5136262543996175,-0.6382161707257858,0.764808781499138,0.08802072009429901,-0.0662877316708621,-3.7980072582360793,0
1.5200000000000011,11.601895483557,-1.0070188434776106,-1.7745448155209835,0.6080225360269731,12.903617,-1.2517515,-1.74032,-0.040544264,3.4260528,-4.968315,1.5820079,-0.5394066,0.11159037,-0.24295293,-0.79847497,-7.2383513,10.348946,0.14984246,-0.5707514,-0.9381845,0.48845568,0,-0.4481440353393555,0.027252508799235027,0.27592798233032223,0.5136262543996175,-0.6382161707257858,0.764808781499138,0.08802072009429901,-0.0662877316708621,-3.7980072582360793,0
1.5300000000000011,11.601895483557,-1.0070188434776106,-1.7745448155209835,0.6080225360269731,12.903617,-1.2517515,-1.74032,-0.040544264,3.3537178,-4.864533,1.5835143,-0.53854233,0.10647685,-0.23447217,-0.80228287,-7.2287145,10.407168,0.15162829,-1.0070188,-1.7745448,0.6080225,0,-0.4481440353393555,0.027252508799235027,0.27592798233032223,0.5136262543996175,-0.6382161707257858,0.764808781499138,0.08802072009429901,-0.0662877316708621,-3.7980072582360793,0
1.5400000000000011,11.601895483557,-1.0070188434776106,-1.7745448155209835,0.6080225360269731,12.903617,-1.2517515,-1.74032,-0.040544264,3.281478,-4.7601786,1.5850446,-0.537617,0.10135127,-0.22596483,-0.80599993,-7.2193284,10.463356,0.15459661,-1.0070188,-1.7745448,0.6080225,0,-0.32268936157226563,0.05936773935953776,0.33865531921386716,0.5296838696797689,-0.5874517724372491,0.8022352870380473,0.10639059775805754,-0.028098333266862063,-1.609915907543235,0
1.5500000000000012,11.601895483557,-1.0070188434776106,-1.7745448155209835,0.6080225360269731,12.903617,-1.2517515,-1.74032,-0.040544264,3.2093306,-4.6552725,1.5866102,-0.53663087,0.0962142,-0.2174319,-0.80962557,-7.2101836,10.517483,0.15870504,-1.0070188,-1.7745448,0.6080225,0,-0.32268936157226563,0.05936773935953776,0.33865531921386716,0.5296838696797689,-0.5874517724372491,0.8022352870380473,0.10639059775805754,-0.028098333266862063,-1.609915907543235,0
1.5600000000000012,11.11755886642209,-1.472372420066397,-2.1264821215465246,0.7259259019881052,12.817031,-1.4005322,-2.5184493,-0.033194296,3.1372736,-4.5498357,1.5882225,-0.5355839,0.091066234,-0.20887433,-0.8131595,-7.201269,10.569526,0.16391075,-1.0070188,-1.7745448,0.6080225,0,-0.32268936157226563,0.05936773935953776,0.33865531921386716,0.5296838696797689,-0.5874517724372491,0.8022352870380473,0.10639059775805754,-0.028098333266862063,-1.609915907543235,0
1.5700000000000012,11.11755886642209,-1.472372420066397,-2.1264821215465246,0.7259259019881052,12.817031,-1.4005322,-2.5184493,-0.033194296,3.0653024,-4.4439,1.5898706,-0.53413457,0.0855971,-0.19750546,-0.81753594,-7.193053,10.617186,0.16591254,-1.4723724,-2.126482,0.7259259,0,-0.32268936157226563,0.05936773935953776,0.33865531921386716,0.5296838696797689,-0.5874517724372491,0.8022352870380473,0.10639059775805754,-0.028098333266862063,-1.609915907543235,0
1.5800000000000012,11.11755886642209,-1.472372420066397,-2.1264821215465246,0.7259259019881052,12.817031,-1.4005322,-2.5184493,-0.033194296,2.9934106,-4.3375006,1.5915449,-0.53258884,0.08011252,-0.18610094,-0.8217649,-7.1853437,10.662292,0.16913126,-1.4723724,-2.126482,0.7259259,0,-0.32268936157226563,0.05936773935953776,0.33865531921386716,0.5296838696797689,-0.5874517724372491,0.8022352870380473,0.10639059775805754,-0.028098333266862063,-1.609915907543235,0
1.5900000000000012,11.11755886642209,-1.472372420066397,-2.1264821215465246,0.7259259019881052,12.817031,-1.4005322,-2.5184493,-0.033194296,2.9215937,-4.230663,1.5932572,-0.5309471,0.07461348,-0.17466286,-0.8258456,-7.178125,10.704807,0.17349935,-1.4723724,-2.126482,0.7259259,0,-0.32268936157226563,0.05936773935953776,0.33865531921386716,0.5296838696797689,-0.5874517724372491,0.8022352870380473,0.10639059775805754,-0.028098333266862063,-1.609915907543235,0
1.6000000000000012,10.762297257452417,-1.751639520394769,-2.0323088683431,0.8894948862783493,12.302427,-1.7459891,-2.5867126,0.1701765,2.8498466,-4.123413,1.5950187,-0.52920955,0.06910098,-0.16319326,-0.8297773,-7.171381,10.744701,0.17894836,-1.4723724,-2.126482,0.7259259,0,-0.33602401733398435,0.02178360939025879,0.3319879913330078,0.5108918046951294,-0.6180243093582549,0.7448650041227961,0.2514400100926631,-0.10406418061711253,-5.962438347847655,0
1.6100000000000012,10.762297257452417,-1.751639520394769,-2.0323088683431,0.8894948862783493,12.302427,-1.7459891,-2.5867126,0.1701765,2.7781634,-4.015784,1.5968231,-0.5265195,0.06457154,-0.15083976,-0.8341794,-7.1654153,10.780742,0.18207873,-1.7516395,-2.0323088,0.8894949,0,-0.33602401733398435,0.02178360939025879,0.3319879913330078,0.5108918046951294,-0.6180243093582549,0.7448650041227961,0.2514400100926631,-0.10406418061711253,-5.962438347847655,0
1.6200000000000012,10.762297257452417,-1.751639520394769,-2.0323088683431,0.8894948862783493,12.302427,-1.7459891,-2.5867126,0.1701765,2.7065358,-3.9078074,1.5986634,-0.52372426,0.060029194,-0.13845612,-0.83841485,-7.160188,10.814152,0.18614738,-1.7516395,-2.0323088,0.8894949,0,-0.33602401733398435,0.02178360939025879,0.3319879913330078,0.5108918046951294,-0.6180243093582549,0.7448650041227961,0.2514400100926631,-0.10406418061711253,-5.962438347847655,0
1.6300000000000012,10.762297257452417,-1.751639520394769,-2.0323088683431,0.8894948862783493,12.302427,-1.7459891,-2.5867126,0.1701765,2.634957,-3.79951,1.6005491,-0.5208244,0.055474862,-0.12604482,-0.8424828,-7.1556797,10.844903,0.1910816,-1.7516395,-2.0323088,0.8894949,0,-0.33602401733398435,0.02178360939025879,0.3319879913330078,0.5108918046951294,-0.6180243093582549,0.7448650041227961,0.2514400100926631,-0.10406418061711253,-5.962438347847655,0
1.6400000000000012,10.762297257452417,-1.751639520394769,-2.0323088683431,0.8894948862783493,12.098719,-1.7181854,-2.8584106,0.24427843,2.56342,-3.6909184,1.6024882,-0.5178205,0.050909452,-0.11360836,-0.8463825,-7.1518664,10.872967,0.19680806,-1.7516395,-2.0323088,0.8894949,0,-0.33602401733398435,0.02178360939025879,0.3319879913330078,0.5108918046951294,-0.6180243093582549,0.7448650041227961,0.2514400100926631,-0.10406418061711253,-5.962438347847655,0
1.6500000000000012,10.762297257452417,-1.751639520394769,-2.0323088683431,0.8894948862783493,12.098719,-1.7181854,-2.8584106,0.24427843,2.4919176,-3.5820599,1.6044879,-0.51471317,0.046333868,-0.10114922,-0.85011315,-7.1487274,10.898316,0.20325273,-1.7516395,-2.0323088,0.8894949,0,-0.33602401733398435,0.02178360939025879,0.3319879913330078,0.5108918046951294,-0.6180243093582549,0.7448650041227961,0.2514400100926631,-0.10406418061711253,-5.962438347847655,0
1.6600000000000013,10.762297257452417,-1.751639520394769,-2.0323088683431,0.8894948862783493,12.098719,-1.7181854,-2.8584106,0.24427843,2.4204433,-3.4729617,1.6065553,-0.51150304,0.04174903,-0.08866985,-0.85367405,-7.1462398,10.920929,0.21034107,-1.7516395,-2.0323088,0.8894949,0,-0.33602401733398435,0.02178360939025879,0.3319879913330078,0.5108918046951294,-0.6180243093582549,0.7448650041227961,0.2514400100926631,-0.10406418061711253,-5.962438347847655,0
1.6700000000000013,10.762297257452417,-1.751639520394769,-2.0323088683431,0.8894948862783493,12.098719,-1.7181854,-2.8584106,0.24427843,2.3489907,-3.3636508,1.6086966,-0.5081908,0.03715585,-0.07617278,-0.8570644,-7.1443806,10.94078,0.21799798,-1.7516395,-2.0323088,0.8894949,0,-0.25918006896972656,0.15294801076253256,0.3704099655151367,0.5764740053812663,-0.6466275569844077,0.7232088179932324,0.24257330464255056,-0.15106619112156894,-8.655455178382567,0
1.6800000000000013,10.579993592126167,-1.9417806245842206,-1.1409556775284149,0.9567083693889091,12.297179,-1.9989053,-2.2181072,0.1430366,2.2775538,-3.2541556,1.6109171,-0.50477695,0.032555256,-0.06366049,-0.86028355,-7.1431255,10.957851,0.22614793,-1.7516395,-2.0323088,0.8894949,0,-0.25918006896972656,0.15294801076253256,0.3704099655151367,0.5764740053812663,-0.6466275569844077,0.7232088179932324,0.24257330464255056,-0.15106619112156894,-8.655455178382567,0
1.6900000000000013,10.579993592126167,-1.9417806245842206,-1.1409556775284149,0.9567083693889091,12.297179,-1.9989053,-2.2181072,0.1430366,2.2061255,-3.144504,1.613212,-0.5006712,0.032241408,-0.05257968,-0.8634375,-7.1427007,10.972152,0.23287392,-1.9417806,-1.1409557,0.9567084,0,-0.25918006896972656,0.15294801076253256,0.3704099655151367,0.5764740053812663,-0.6466275569844077,0.7232088179932324,0.24257330464255056,-0.15106619112156894,-8.655455178382567,0
1.7000000000000013,10.579993592126167,-1.9417806245842206,-1.1409556775284149,0.9567083693889091,12.297179,-1.9989053,-2.2181072,0.1430366,2.1346958,-3.0347197,1.6155756,-0.49649048,0.03192273,-0.041491,-0.8664622,-7.1434627,10.984403,0.23985735,-1.9417806,-1.1409557,0.9567084,0,-0.25918006896972656,0.15294801076253256,0.3704099655151367,0.5764740053812663,-0.6466275569844077,0.7232088179932324,0.24257330464255056,-0.15106619112156894,-8.655455178382567,0
1.7100000000000013,10.579993592126167,-1.9417806245842206,-1.1409556775284149,0.9567083693889091,12.297179,-1.9989053,-2.2181072,0.1430366,2.0632522,-2.9248233,1.6180099,-0.4922354,0.03159928,-0.03039611,-0.86935717,-7.1453905,10.994585,0.24704634,-1.9417806,-1.1409557,0.9567084,0,-0.25918006896972656,0.15294801076253256,0.3704099655151367,0.5764740053812663,-0.6466275569844077,0.7232088179932324,0.24257330464255056,-0.15106619112156894,-8.655455178382567,0
1.7200000000000013,10.447078335220423,-2.040271287000648,-0.6533473484445047,1.0570296523608598,13.170941,-1.9589707,-2.663887,0.035698183,1.9917837,-2.8148353,1.620517,-0.48790666,0.031271096,-0.01929667,-0.87212205,-7.1484637,11.002685,0.25438896,-1.9417806,-1.1409557,0.9567084,0,-0.25918006896972656,0.15294801076253256,0.3704099655151367,0.5764740053812663,-0.6466275569844077,0.7232088179932324,0.24257330464255056,-0.15106619112156894,-8.655455178382567,0
1.7300000000000013,10.447078335220423,-2.040271287000648,-0.6533473484445047,1.0570296523608598,13.170941,-1.9589707,-2.663887,0.035698183,1.9202789,-2.704777,1.6230915,-0.48300672,0.033295147,-0.008970121,-0.8749374,-7.15274,11.008751,0.26049384,-2.0402713,-0.6533474,1.0570296,0,-0.25918006896972656,0.15294801076253256,0.3704099655151367,0.5764740053812663,-0.6466275569844077,0.7232088179932324,0.24257330464255056,-0.15106619112156894,-8.655455178382567,0
1.7400000000000013,10.447078335220423,-2.040271287000648,-0.6533473484445047,1.0570296523608598,13.170941,-1.9589707,-2.663887,0.035698183,1.848724,-2.5946662,1.6257269,-0.47803786,0.035314452,0.0013577084,-0.877628,-7.1584597,11.013107,0.26661512,-2.0402713,-0.6533474,1.0570296,0,-0.013814347982406616,0.034661664962768554,0.49309282600879667,0.5173308324813842,-0.5183950976726774,0.7480171603120457,0.4144114508403922,-0.02965850119442548,-1.699306945124291,0
1.7500000000000013,10.447078335220423,-2.040271287000648,-0.6533473484445047,1.0570296523608598,13.170941,-1.9589707,-2.663887,0.035698183,1.7771049,-2.4845207,1.6284235,-0.47300082,0.037328716,0.011685343,-0.8801934,-7.165601,11.015735,0.27270654,-2.0402713,-0.6533474,1.0570296,0,-0.013814347982406616,0.034661664962768554,0.49309282600879667,0.5173308324813842,-0.5183950976726774,0.7480171603120457,0.4144114508403922,-0.02965850119442548,-1.699306945124291,0
1.7600000000000013,10.41039640071385,-2.089619125638619,-0.027292078415129515,1.0456291854510842,13.308169,-2.2902057,-2.381582,0.16750765,1.7054071,-2.3743577,1.6311808,-0.46789625,0.039337654,0.022011314,-0.88263315,-7.174143,11.016618,0.27872193,-2.0402713,-0.6533474,1.0570296,0,-0.013814347982406616,0.034661664962768554,0.49309282600879667,0.5173308324813842,-0.5183950976726774,0.7480171603120457,0.4144114508403922,-0.02965850119442548,-1.699306945124291,0
1.7700000000000014,10.41039640071385,-2.089619125638619,-0.027292078415129515,1.0456291854510842,13.308169,-2.2902057,-2.381582,0.16750765,1.6336169,-2.264194,1.6339958,-0.4628359,0.044218116,0.031089628,-0.8847945,-7.1841807,11.015937,0.2842368,-2.0896192,-0.027292078,1.0456291,0,-0.013814347982406616,0.034661664962768554,0.49309282600879667,0.5173308324813842,-0.5183950976726774,0.7480171603120457,0.4144114508403922,-0.02965850119442548,-1.699306945124291,0
1.7800000000000014,10.41039640071385,-2.089619125638619,-0.027292078415129515,1.0456291854510842,13.308169,-2.2902057,-2.381582,0.16750765,1.5617175,-2.1540434,1.6368649,-0.45771232,0.04909254,0.040163696,-0.886835,-7.195981,11.013996,0.28954986,-2.0896192,-0.027292078,1.0456291,0,-0.013814347982406616,0.034661664962768554,0.49309282600879667,0.5173308324813842,-0.5183950976726774,0.7480171603120457,0.4144114508403922,-0.02965850119442548,-1.699306945124291,0
1.7900000000000014,10.41039640071385,-2.089619125638619,-0.027292078415129515,1.0456291854510842,13.308169,-2.2902057,-2.381582,0.16750765,1.4896915,-2.0439186,1.639786,-0.45252627,0.053960264,0.049232278,-0.88875437,-7.2095237,11.010776,0.29461712,-2.0896192,-0.027292078,1.0456291,0,-0.013814347982406616,0.034661664962768554,0.49309282600879667,0.5173308324813842,-0.5183950976726774,0.7480171603120457,0.4144114508403922,-0.02965850119442548,-1.699306945124291,0
1.8000000000000014,10.399104700769525,-1.9925835581309734,-0.2785839844320041,1.0221996231992427,12.903243,-2.5196369,-1.823649,0.40055656,1.4175212,-1.9338324,1.6427563,-0.44727847,0.05882062,0.05829414,-0.8905525,-7.2247906,11.006261,0.29939473,-2.0896192,-0.027292078,1.0456291,0,-0.08475090980529786,0.002723401983579,0.45762454509735107,0.5013617009917894,-0.6569938637650712,0.6189822995361269,0.43037190409692366,-0.23430040331920354,-13.424424248403348,0
1.8100000000000014,10.399104700769525,-1.9925835581309734,-0.2785839844320041,1.0221996231992427,12.903243,-2.5196369,-1.823649,0.40055656,1.34519,-1.8237981,1.6457722,-0.44203126,0.06233047,0.067485124,-0.8922831,-7.2416553,11.000386,0.30373922,-1.9925835,-0.27858397,1.0221996,0,-0.08475090980529786,0.002723401983579,0.45762454509735107,0.5013617009917894,-0.6569938637650712,0.6189822995361269,0.43037190409692366,-0.23430040331920354,-13.424424248403348,0
1.8200000000000014,10.399104700769525,-1.9925835581309734,-0.2785839844320041,1.0221996231992427,12.903243,-2.5196369,-1.823649,0.40055656,1.2726831,-1.7138299,1.6488299,-0.43672776,0.065832384,0.07666752,-0.8938999,-7.259965,10.993037,0.3077399,-1.9925835,-0.27858397,1.0221996,0,-0.08475090980529786,0.002723401983579,0.45762454509735107,0.5013617009917894,-0.6569938637650712,0.6189822995361269,0.43037190409692366,-0.23430040331920354,-13.424424248403348,0
1.8300000000000014,10.399104700769525,-1.9925835581309734,-0.2785839844320041,1.0221996231992427,12.903243,-2.5196369,-1.823649,0.40055656,1.199986,-1.6039425,1.6519258,-0.4313687,0.06932592,0.08584014,-0.89540297,-7.2796984,10.984205,0.31135705,-1.9925835,-0.27858397,1.0221996,0,-0.08475090980529786,0.002723401983579,0.45762454509735107,0.5013617009917894,-0.6569938637650712,0.6189822995361269,0.43037190409692366,-0.23430040331920354,-13.424424248403348,0
1.8400000000000014,10.399104700769525,-1.9925835581309734,-0.2785839844320041,1.0221996231992427,13.396488,-2.2577045,-2.2783902,0.76135945,1.1270845,-1.4941509,1.6550558,-0.42595473,0.07281063,0.09500185,-0.896792,-7.300831,10.973877,0.31455123,-1.9925835,-0.27858397,1.0221996,0,-0.08475090980529786,0.002723401983579,0.45762454509735107,0.5013617009917894,-0.6569938637650712,0.6189822995361269,0.43037190409692366,-0.23430040331920354,-13.424424248403348,0
1.8500000000000014,10.399104700769525,-1.9925835581309734,-0.2785839844320041,1.0221996231992427,13.396488,-2.2577045,-2.2783902,0.76135945,1.0539649,-1.3844702,1.6582153,-0.42048648,0.07628606,0.10415145,-0.8980668,-7.32334,10.962042,0.31728306,-1.9925835,-0.27858397,1.0221996,0,-0.08475090980529786,0.002723401983579,0.45762454509735107,0.5013617009917894,-0.6569938637650712,0.6189822995361269,0.43037190409692366,-0.23430040331920354,-13.424424248403348,0
1.8600000000000014,10.399104700769525,-1.9925835581309734,-0.2785839844320041,1.0221996231992427,13.396488,-2.2577045,-2.2783902,0.76135945,0.98061323,-1.2749155,1.6613996,-0.4149647,0.07975179,0.1132878,-0.89922744,-7.3472,10.948689,0.31951356,-1.9925835,-0.27858397,1.0221996,0,-0.08475090980529786,0.002723401983579,0.45762454509735107,0.5013617009917894,-0.6569938637650712,0.6189822995361269,0.43037190409692366,-0.23430040331920354,-13.424424248403348,0
1.8700000000000014,10.399104700769525,-1.9925835581309734,-0.2785839844320041,1.0221996231992427,13.396488,-2.2577045,-2.2783902,0.76135945,0.90701634,-1.1655018,1.6646036,-0.40939012,0.08320737,0.12240972,-0.90027344,-7.3723855,10.933811,0.3212039,-1.9925835,-0.27858397,1.0221996,0,-0.013313366174697876,-0.1531218719482422,0.49334331691265104,0.4234390640258789,-0.6737156010739112,0.48750945930963374,0.55537538291974,-0.3511468653856875,-20.11923337584835,0
1.8800000000000014,10.428589314151608,-1.8495872122532766,-0.8523358702757633,1.0344314089234425,12.46446,-1.9934705,-1.5002714,0.5683148,0.833161,-1.0562446,1.6678216,-0.4037634,0.086652346,0.13151607,-0.9012048,-7.3988714,10.917399,0.3223155,-1.9925835,-0.27858397,1.0221996,0,-0.013313366174697876,-0.1531218719482422,0.49334331691265104,0.4234390640258789,-0.6737156010739112,0.48750945930963374,0.55537538291974,-0.3511468653856875,-20.11923337584835,0
1.8900000000000015,10.428589314151608,-1.8495872122532766,-0.8523358702757633,1.0344314089234425,12.46446,-1.9934705,-1.5002714,0.5683148,0.75903463,-0.9471598,1.6710492,-0.3977142,0.08722024,0.1411141,-0.9023874,-7.4265213,10.899263,0.32311827,-1.8495872,-0.8523359,1.0344315,0,-0.013313366174697876,-0.1531218719482422,0.49334331691265104,0.4234390640258789,-0.6737156010739112,0.48750945930963374,0.55537538291974,-0.3511468653856875,-20.11923337584835,0
1.9000000000000015,10.428589314151608,-1.8495872122532766,-0.8523358702757633,1.0344314089234425,12.46446,-1.9934705,-1.5002714,0.5683148,0.684628,-0.83826584,1.674282,-0.39161313,0.08777675,0.15069371,-0.9034523,-7.4549184,10.879226,0.32334074,-1.8495872,-0.8523359,1.0344315,0,-0.013313366174697876,-0.1531218719482422,0.49334331691265104,0.4234390640258789,-0.6737156010739112,0.48750945930963374,0.55537538291974,-0.3511468653856875,-20.11923337584835,0
1.9100000000000015,10.428589314151608,-1.8495872122532766,-0.8523358702757633,1.0344314089234425,12.46446,-1.9934705,-1.5002714,0.5683148,0.6099338,-0.72958183,1.6775138,-0.385461,0.08832182,0.16025369,-0.9043993,-7.4840302,10.857286,0.3229461,-1.8495872,-0.8523359,1.0344315,0,-0.013313366174697876,-0.1531218719482422,0.49334331691265104,0.4234390640258789,-0.6737156010739112,0.48750945930963374,0.55537538291974,-0.3511468653856875,-20.11923337584835,0
1.9200000000000015,10.417925527429777,-1.621265071658985,-1.0761529185567666,0.9907113413317001,12.709188,-1.406449,-1.7187817,0.80577326,0.534945,-0.6211268,1.6807386,-0.37925854,0.088855356,0.16979276,-0.9052283,-7.513826,10.833445,0.32189777,-1.8495872,-0.8523359,1.0344315,0,-0.013313366174697876,-0.1531218719482422,0.49334331691265104,0.4234390640258789,-0.6737156010739112,0.48750945930963374,0.55537538291974,-0.3511468653856875,-20.11923337584835,0
1.9300000000000015,10.417925527429777,-1.621265071658985,-1.0761529185567666,0.9907113413317001,12.709188,-1.406449,-1.7187817,0.80577326,0.4596555,-0.5129195,1.683949,-0.37311807,0.08789472,0.17872109,-0.9061547,-7.544122,10.807724,0.3200977,-1.621265,-1.0761529,0.99071133,0,-0.013313366174697876,-0.1531218719482422,0.49334331691265104,0.4234390640258789,-0.6737156010739112,0.48750945930963374,0.55537538291974,-0.3511468653856875,-20.11923337584835,0
1.9400000000000015,10.417925527429777,-1.621265071658985,-1.0761529185567666,0.9907113413317001,12.709188,-1.406449,-1.7187817,0.80577326,0.3840615,-0.40497887,1.6871383,-0.3669331,0.086923614,0.1876281,-0.9069731,-7.57472,10.780101,0.31767285,-1.621265,-1.0761529,0.99071133,0,-0.11724521636962891,-0.0657672627766927,0.44137739181518554,0.4671163686116536,-0.8274810827083373,0.3471412990750169,0.44132524994197664,-0.5610725866871245,-32.14709121766025,2
1.9500000000000015,10.417925527429777,-1.621265071658985,-1.0761529185567666,0.9907113413317001,12.709188,-1.406449,-1.7187817,0.80577326,0.30816016,-0.297324,1.6903001,-0.3607044,0.08594215,0.19651274,-0.9076834,-7.6055875,10.750579,0.3145917,-1.621265,-1.0761529,0.99071133,0,-0.11724521636962891,-0.0657672627766927,0.44137739181518554,0.4671163686116536,-0.8274810827083373,0.3471412990750169,0.44132524994197664,-0.5610725866871245,-32.14709121766025,2
1.9600000000000015,10.436700591507705,-1.3155784936200356,-1.5774123307810153,0.9912385872121019,11.040329,-1.1962191,-0.6931352,0.74491966,0.23194893,-0.1899738,1.6934277,-0.35443267,0.08495044,0.20537399,-0.9082855,-7.6366954,10.719165,0.31082314,-1.621265,-1.0761529,0.99071133,1,-0.11724521636962891,-0.0657672627766927,0.44137739181518554,0.4671163686116536,-0.8274810827083373,0.3471412990750169,0.44132524994197664,-0.5610725866871245,-32.14709121766025,2
1.9700000000000015,10.436700591507705,-1.3155784936200356,-1.5774123307810153,0.9912385872121019,11.040329,-1.1962191,-0.6931352,0.74491966,0.15541616,-0.08295639,1.6965423,-0.34981894,0.084684834,0.21171208,-0.90864366,-7.6698947,10.6841,0.31200582,-1.1962191,-0.6931352,0.74491966,1,-0.11724521636962891,-0.0657672627766927,0.44137739181518554,0.4671163686116536,-0.8274810827083373,0.3471412990750169,0.44132524994197664,-0.5610725866871245,-32.14709121766025,2
1.9800000000000015,10.436700591507705,-1.3155784936200356,-1.5774123307810153,0.9912385872121019,11.040329,-1.1962191,-0.6931352,0.74491966,0.07855025,0.023703413,1.6996657,-0.34518367,0.084414005,0.21803711,-0.9089458,-7.7033215,10.647642,0.31260857,-1.1962191,-0.6931352,0.74491966,1,-0.11724521636962891,-0.0657672627766927,0.44137739181518554,0.4671163686116536,-0.8274810827083373,0.3471412990750169,0.44132524994197664,-0.5610725866871245,-32.14709121766025,2
1.9900000000000015,10.436700591507705,-1.3155784936200356,-1.5774123307810153,0.9912385872121019,11.040329,-1.1962191,-0.6931352,0.74491966,0.0013490114,0.1299917,1.7027922,-0.34052706,0.08413797,0.22434872,-0.9091919,-7.736958,10.609795,0.31261516,-1.1962191,-0.6931352,0.74491966,1,-0.11724521636962891,-0.0657672627766927,0.44137739181518554,0.4671163686116536,-0.8274810827083373,0.3471412990750169,0.44132524994197664,-0.5610725866871245,-32.14709121766025,2
2.0000000000000013,,,,,10.704853,-0.9715843,-1.2905015,0.7615324,-0.07618958,0.23589456,1.7059159,-0.33584946,0.08385675,0.23064648,-0.9093819,-7.770788,10.570563,0.31200948,-1.1962191,-0.6931352,0.74491966,1,-0.1224962329864502,-0.09521031697591145,0.4387518835067749,0.4523948415120443,-0.8611367571213416,0.23540223172567196,0.45058769938061166,-0.6700340074537876,-38.390120757339176,2
2.010000000000001,,,,,10.704853,-0.9715843,-1.2905015,0.7615324,-0.1540615,0.34140408,1.7090157,-0.33047792,0.0804954,0.23690268,-0.9100451,-7.8035264,10.531093,0.307874,-0.9715843,-1.2905015,0.7615324,1,-0.1224962329864502,-0.09521031697591145,0.4387518835067749,0.4523948415120443,-0.8611367571213416,0.23540223172567196,0.45058769938061166,-0.6700340074537876,-38.390120757339176,2
2.020000000000001,,,,,10.704853,-0.9715843,-1.2905015,0.7615324,-0.23225847,0.44651097,1.7120717,-0.32508,0.07712764,0.24314,-0.91063565,-7.8357916,10.490039,0.30322325,-0.9715843,-1.2905015,0.7615324,1,-0.1224962329864502,-0.09521031697591145,0.4387518835067749,0.4523948415120443,-0.8611367571213416,0.23540223172567196,0.45058769938061166,-0.6700340074537876,-38.390120757339176,2
2.0300000000000007,,,,,10.704853,-0.9715843,-1.2905015,0.7615324,-0.31077564,0.5511995,1.7150784,-0.31965622,0.07375374,0.24935794,-0.9111537,-7.867563,10.447417,0.2980379,-0.9715843,-1.2905015,0.7615324,1,-0.1224962329864502,-0.09521031697591145,0.4387518835067749,0.4523948415120443,-0.8611367571213416,0.23540223172567196,0.45058769938061166,-0.6700340074537876,-38.390120757339176,2
2.0400000000000005,,,,,10.704853,-0.9715843,-1.2905015,0.7615324,-0.38960797,0.65545404,1.7180305,-0.31420687,0.07037395,0.255556,-0.91159904,-7.8988194,10.40324,0.29229873,-0.9715843,-1.2905015,0.7615324,1,-0.1224962329864502,-0.09521031697591145,0.4387518835067749,0.4523948415120443,-0.8611367571213416,0.23540223172567196,0.45058769938061166,-0.6700340074537876,-38.390120757339176,2
2.0500000000000003,,,,,10.176336,-0.84366256,-0.8246303,0.7661252,-0.4687502,0.75925905,1.7209225,-0.30873254,0.06698856,0.26173368,-0.9119717,-7.929542,10.357521,0.28598678,-0.9715843,-1.2905015,0.7615324,1,-0.1224962329864502,-0.09521031697591145,0.4387518835067749,0.4523948415120443,-0.8611367571213416,0.23540223172567196,0.45058769938061166,-0.6700340074537876,-38.390120757339176,2
2.06,,,,,10.176336,-0.84366256,-0.8246303,0.7661252,-0.54818976,0.86261123,1.7237258,-0.30386978,0.06553165,0.2665905,-0.91230386,-7.9583387,10.312746,0.27461392,-0.84366256,-0.8246303,0.7661252,1,-0.1224962329864502,-0.09521031697591145,0.4387518835067749,0.4523948415120443,-0.8611367571213416,0.23540223172567196,0.45058769938061166,-0.6700340074537876,-38.390120757339176,2
2.07,,,,,10.176336,-0.84366256,-0.8246303,0.7661252,-0.62791616,0.9655103,1.726413,-0.29899198,0.0640715,0.2714341,-0.9125909,-7.986906,10.266897,0.26275477,-0.84366256,-0.8246303,0.7661252,1,-0.03706952571868896,-0.15708059946695963,0.48146523714065553,0.4214597002665202,-0.8260896613854005,0.139612910511317,0.5459707927817323,-0.7422370290741669,-42.52704916427874,2
2.0799999999999996,,,,,10.176336,-0.84366256,-0.8246303,0.7661252,-0.70792705,1.0679456,1.7289791,-0.2940994,0.06260818,0.27626428,-0.91283286,-8.015231,10.219982,0.2504004,-0.84366256,-0.8246303,0.7661252,1,-0.03706952571868896,-0.15708059946695963,0.48146523714065553,0.4214597002665202,-0.8260896613854005,0.139612910511317,0.5459707927817323,-0.7422370290741669,-42.52704916427874,2
2.0899999999999994,,,,,9.683901,-0.9353577,-0.65373695,0.8451283,-0.7882199,1.1699064,1.7314192,-0.28919226,0.06114177,0.2810808,-0.9130296,-8.043302,10.172008,0.23754206,-0.84366256,-0.8246303,0.7661252,1,-0.03706952571868896,-0.15708059946695963,0.48146523714065553,0.4214597002665202,-0.8260896613854005,0.139612910511317,0.5459707927817323,-0.7422370290741669,-42.52704916427874,2
2.099999999999999,,,,,9.683901,-0.9353577,-0.65373695,0.8451283,-0.8687856,1.271394,1.7337075,-0.28412217,0.060696065,0.28603062,-0.9131139,-8.069827,10.125365,0.22005591,-0.9353577,-0.65373695,0.8451283,1,-0.03706952571868896,-0.15708059946695963,0.48146523714065553,0.4214597002665202,-0.8260896613854005,0.139612910511317,0.5459707927817323,-0.7422370290741669,-42.52704916427874,2
2.109999999999999,,,,,9.683901,-0.9353577,-0.65373695,0.8451283,-0.9496162,1.3724104,1.7358184,-0.27903777,0.0602473,0.29096603,-0.91315216,-8.096267,10.07776,0.20203364,-0.9353577,-0.65373695,0.8451283,1,-0.03706952571868896,-0.15708059946695963,0.48146523714065553,0.4214597002665202,-0.8260896613854005,0.139612910511317,0.5459707927817323,-0.7422370290741669,-42.52704916427874,2
2.1199999999999988,,,,,9.683901,-0.9353577,-0.65373695,0.8451283,-1.0307106,1.472946,1.7377464,-0.27393928,0.059795495,0.2958868,-0.9131444,-8.122608,10.029199,0.18346743,-0.9353577,-0.65373695,0.8451283,1,-0.03706952571868896,-0.15708059946695963,0.48146523714065553,0.4214597002665202,-0.8260896613854005,0.139612910511317,0.5459707927817323,-0.7422370290741669,-42.52704916427874,2
2.1299999999999986,,,,,9.931574,-0.73540246,-0.7325241,0.9091151,-1.1120679,1.5729913,1.7394859,-0.268827,0.05934068,0.30079263,-0.91309065,-8.148838,9.979686,0.16434954,-0.9353577,-0.65373695,0.8451283,1,-0.03706952571868896,-0.15708059946695963,0.48146523714065553,0.4214597002665202,-0.8260896613854005,0.139612910511317,0.5459707927817323,-0.7422370290741669,-42.52704916427874,2
2.1399999999999983,,,,,9.931574,-0.73540246,-0.7325241,0.9091151,-1.1936901,1.6725302,1.7410417,-0.26335022,0.058350727,0.30485776,-0.9134022,-8.175554,9.927973,0.1467201,-0.73540246,-0.7325241,0.9091151,1,-0.07004209518432618,-0.08794650395711263,0.46497895240783693,0.45602674802144366,-0.8820080696529565,0.07378730245012102,0.4654215283634829,-0.7984334057479132,-45.746864371611835,2
2.149999999999998,,,,,9.931574,-0.73540246,-0.7325241,0.9091151,-1.2755779,1.7715477,1.7424188,-0.2578609,0.057357997,0.30890837,-0.9136703,-8.201976,9.875389,0.12862284,-0.73540246,-0.7325241,0.9091151,1,-0.07004209518432618,-0.08794650395711263,0.46497895240783693,0.45602674802144366,-0.8820080696529565,0.07378730245012102,0.4654215283634829,-0.7984334057479132,-45.746864371611835,2
2.159999999999998,,,,,9.931574,-0.73540246,-0.7325241,0.9091151,-1.3577285,1.870035,1.7436124,-0.25235933,0.056362536,0.31294426,-0.9138949,-8.22809,9.821942,0.11005269,-0.73540246,-0.7325241,0.9091151,1,-0.07004209518432618,-0.08794650395711263,0.46497895240783693,0.45602674802144366,-0.8820080696529565,0.07378730245012102,0.4654215283634829,-0.7984334057479132,-45.746864371611835,2
2.1699999999999977,,,,,10.213127,-0.5926647,-0.29832965,0.8975235,-1.4401386,1.9679836,1.744618,-0.24684574,0.055364393,0.3169653,-0.914076,-8.253887,9.76764,0.091004655,-0.73540246,-0.7325241,0.9091151,1,-0.07004209518432618,-0.08794650395711263,0.46497895240783693,0.45602674802144366,-0.8820080696529565,0.07378730245012102,0.4654215283634829,-0.7984334057479132,-45.746864371611835,2
2.1799999999999975,,,,,10.213127,-0.5926647,-0.29832965,0.8975235,-1.522809,2.0653775,1.7454422,-0.24210304,0.056153953,0.3197888,-0.9143128,-8.280199,9.711041,0.07374387,-0.5926647,-0.29832965,0.8975235,1,-0.07004209518432618,-0.08794650395711263,0.46497895240783693,0.45602674802144366,-0.8820080696529565,0.07378730245012102,0.4654215283634829,-0.7984334057479132,-45.746864371611835,2
2.1899999999999973,,,,,10.213127,-0.5926647,-0.29832965,0.8975235,-1.6057425,2.1622028,1.7460917,-0.23735279,0.056941763,0.32260233,-0.91452116,-8.306492,9.653886,0.05609706,-0.5926647,-0.29832965,0.8975235,1,-0.07004209518432618,-0.08794650395711263,0.46497895240783693,0.45602674802144366,-0.8820080696529565,0.07378730245012102,0.4654215283634829,-0.7984334057479132,-45.746864371611835,2
2.199999999999997,,,,,10.213127,-0.5926647,-0.29832965,0.8975235,-1.6889387,2.2584536,1.746563,-0.23259515,0.0577278,0.32540584,-0.914701,-8.332758,9.596176,0.038062073,-0.5926647,-0.29832965,0.8975235,1,-0.07004209518432618,-0.08794650395711263,0.46497895240783693,0.45602674802144366,-0.8820080696529565,0.07378730245012102,0.4654215283634829,-0.7984334057479132,-45.746864371611835,2
2.209999999999997,,,,,10.502335,-0.1689299,-0.65013456,0.9144434,-1.7723975,2.3541245,1.7468517,-0.22783025,0.058512036,0.32819918,-0.9148524,-8.35899,9.537913,0.019636815,-0.5926647,-0.29832965,0.8975235,1,-0.03948448419570923,-0.1280761210123698,0.48025775790214537,0.4359619394938151,-0.8771053487893408,-0.01222222040722469,0.4801425043187146,-0.8651099960283997,-49.56715158700671,2
2.2199999999999966,,,,,10.502335,-0.1689299,-0.65013456,0.9144434,-1.8561215,2.4492018,1.7469659,-0.22252741,0.05723025,0.32943967,-0.91579235,-8.385736,9.477485,0.003163327,-0.1689299,-0.65013456,0.9144434,1,-0.03948448419570923,-0.1280761210123698,0.48025775790214537,0.4359619394938151,-0.8771053487893408,-0.01222222040722469,0.4801425043187146,-0.8651099960283997,-49.56715158700671,2
2.2299999999999964,,,,,10.502335,-0.1689299,-0.65013456,0.9144434,-1.9401103,2.5436726,1.7469146,-0.21721743,0.05594662,0.33066958,-0.91670275,-8.411939,9.41663,-0.01345029,-0.1689299,-0.65013456,0.9144434,1,-0.03948448419570923,-0.1280761210123698,0.48025775790214537,0.4359619394938151,-0.8771053487893408,-0.01222222040722469,0.4801425043187146,-0.8651099960283997,-49.56715158700671,2
2.239999999999996,,,,,10.502335,-0.1689299,-0.65013456,0.9144434,-2.0243583,2.6375327,1.7466965,-0.21190043,0.05466119,0.33188882,-0.91758376,-8.437592,9.355355,-0.030203851,-0.1689299,-0.65013456,0.9144434,1,-0.03948448419570923,-0.1280761210123698,0.48025775790214537,0.4359619394938151,-0.8771053487893408,-0.01222222040722469,0.4801425043187146,-0.8651099960283997,-49.56715158700671,2
2.249999999999996,,,,,10.650166,0.13049583,-0.37852758,0.76550853,-2.1088603,2.730778,1.74631,-0.20657662,0.053374004,0.33309743,-0.9184353,-8.46269,9.293667,-0.04709715,-0.1689299,-0.65013456,0.9144434,1,-0.03948448419570923,-0.1280761210123698,0.48025775790214537,0.4359619394938151,-0.8771053487893408,-0.01222222040722469,0.4801425043187146,-0.8651099960283997,-49.56715158700671,2
2.259999999999996,,,,,10.650166,0.13049583,-0.37852758,0.76550853,-2.1936123,2.8234005,1.74576,-0.20246373,0.052775398,0.33268175,-0.9195358,-8.487633,9.230825,-0.062908724,0.13049583,-0.37852758,0.76550853,1,-0.03948448419570923,-0.1280761210123698,0.48025775790214537,0.4359619394938151,-0.8771053487893408,-0.01222222040722469,0.4801425043187146,-0.8651099960283997,-49.56715158700671,2
2.2699999999999956,,,,,10.650166,0.13049583,-0.37852758,0.76550853,-2.278612,2.9153943,1.7450521,-0.19834709,0.05217581,0.3322598,-0.9206192,-8.512161,9.167915,-0.078647554,0.13049583,-0.37852758,0.76550853,1,-0.03604859113693237,-0.17080838521321615,0.4819757044315338,0.4145958073933919,-0.861481086625215,-0.09463960255553887,0.49889245636225876,-0.931889383430903,-53.393328643639244,2
2.2799999999999954,,,,,10.650166,0.13049583,-0.37852758,0.76550853,-2.3638544,3.0067587,1.7441872,-0.19422674,0.051575247,0.33183166,-0.9216854,-8.536275,9.104942,-0.09431296,0.13049583,-0.37852758,0.76550853,1,-0.03604859113693237,-0.17080838521321615,0.4819757044315338,0.4145958073933919,-0.861481086625215,-0.09463960255553887,0.49889245636225876,-0.931889383430903,-53.393328643639244,2
2.289999999999995,,,,,10.853304,0.54849046,-0.39268482,0.62689745,-2.449336,3.097493,1.7431661,-0.19010279,0.050973717,0.33139738,-0.9227344,-8.559973,9.041908,-0.10990429,0.13049583,-0.37852758,0.76550853,1,-0.03604859113693237,-0.17080838521321615,0.4819757044315338,0.4145958073933919,-0.861481086625215,-0.09463960255553887,0.49889245636225876,-0.931889383430903,-53.393328643639244,2
2.299999999999995,,,,,10.853304,0.54849046,-0.39268482,0.62689745,-2.5350547,3.1875908,1.7419977,-0.1866976,0.04967888,0.32907683,-0.9243294,-8.583639,8.977732,-0.12373885,0.54849046,-0.39268482,0.62689745,1,-0.03604859113693237,-0.17080838521321615,0.4819757044315338,0.4145958073933919,-0.861481086625215,-0.09463960255553887,0.49889245636225876,-0.931889383430903,-53.393328643639244,2
2.3099999999999947,,,,,10.853304,0.54849046,-0.39268482,0.62689745,-2.621007,3.2770483,1.7406926,-0.18328846,0.048382986,0.32674927,-0.9259048,-8.606726,8.913818,-0.13721319,0.54849046,-0.39268482,0.62689745,1,-0.03604859113693237,-0.17080838521321615,0.4819757044315338,0.4145958073933919,-0.861481086625215,-0.09463960255553887,0.49889245636225876,-0.931889383430903,-53.393328643639244,2
2.3199999999999945,,,,,10.853304,0.54849046,-0.39268482,0.62689745,-2.7071872,3.3658683,1.7392546,-0.17987543,0.04708607,0.3244148,-0.9274606,-8.629232,8.850174,-0.15032938,0.54849046,-0.39268482,0.62689745,1,-0.03604859113693237,-0.17080838521321615,0.4819757044315338,0.4145958073933919,-0.861481086625215,-0.09463960255553887,0.49889245636225876,-0.931889383430903,-53.393328643639244,2
2.3299999999999943,,,,,10.908457,0.90781045,-0.051723108,0.51738346,-2.7935896,3.454053,1.7376872,-0.1764586,0.04578815,0.32207343,-0.92899674,-8.651162,8.786805,-0.16308951,0.54849046,-0.39268482,0.62689745,1,-0.03604859113693237,-0.17080838521321615,0.4819757044315338,0.4145958073933919,-0.861481086625215,-0.09463960255553887,0.49889245636225876,-0.931889383430903,-53.393328643639244,2
2.339999999999994,,,,,10.908457,0.90781045,-0.051723108,0.51738346,-2.8802092,3.5416043,1.7359965,-0.1741775,0.045579497,0.31777945,-0.9309143,-8.672711,8.723555,-0.17496645,0.90781045,-0.051723108,0.51738346,1,-0.010285708904266357,-0.16051406860351564,0.4948571455478668,0.4197429656982422,-0.8518805979110623,-0.09668753885276529,0.5147338795273594,-0.9013359932264962,-51.64274833511038,2
2.349999999999994,,,,,10.908457,0.90781045,-0.051723108,0.51738346,-2.9670427,3.6285264,1.7341901,-0.17189163,0.04536959,0.31347683,-0.9328063,-8.693915,8.661014,-0.18624237,0.90781045,-0.051723108,0.51738346,1,-0.010285708904266357,-0.16051406860351564,0.4948571455478668,0.4197429656982422,-0.8518805979110623,-0.09668753885276529,0.5147338795273594,-0.9013359932264962,-51.64274833511038,2
2.3599999999999937,,,,,10.908457,0.90781045,-0.051723108,0.51738346,-3.0540864,3.7148268,1.7322739,-0.16960105,0.04515845,0.30916563,-0.93467283,-8.714776,8.599189,-0.19692415,0.90781045,-0.051723108,0.51738346,1,-0.010285708904266357,-0.16051406860351564,0.4948571455478668,0.4197429656982422,-0.8518805979110623,-0.09668753885276529,0.5147338795273594,-0.9013359932264962,-51.64274833511038,2
2.3699999999999934,,,,,11.1187,0.93019927,0.12351368,0.49158496,-3.141337,3.8005128,1.7302537,-0.16730584,0.044946067,0.30484593,-0.9365138,-8.735297,8.538088,-0.20701872,0.90781045,-0.051723108,0.51738346,1,-0.010285708904266357,-0.16051406860351564,0.4948571455478668,0.4197429656982422,-0.8518805979110623,-0.09668753885276529,0.5147338795273594,-0.9013359932264962,-51.64274833511038,2
2.3799999999999932,,,,,11.1187,0.93019927,0.12351368,0.49158496,-3.2287934,3.8855855,1.728144,-0.16539894,0.045494944,0.30027214,-0.9383019,-8.755937,8.476586,-0.21481909,0.93019927,0.12351368,0.49158496,1,-0.010285708904266357,-0.16051406860351564,0.4948571455478668,0.4197429656982422,-0.8518805979110623,-0.09668753885276529,0.5147338795273594,-0.9013359932264962,-51.64274833511038,2
2.389999999999993,,,,,11.1187,0.93019927,0.12351368,0.49158496,-3.3164554,3.9700475,1.7259593,-0.16348739,0.046042547,0.2956899,-0.9400637,-8.776413,8.415922,-0.22201817,0.93019927,0.12351368,0.49158496,1,-0.010285708904266357,-0.16051406860351564,0.4948571455478668,0.4197429656982422,-0.8518805979110623,-0.09668753885276529,0.5147338795273594,-0.9013359932264962,-51.64274833511038,2
2.399999999999993,,,,,11.1187,0.93019927,0.12351368,0.49158496,-3.4043212,4.053907,1.7237056,-0.16157125,0.046588853,0.2910994,-0.9417992,-8.796728,8.3561,-0.22862424,0.93019927,0.12351368,0.49158496,1,-0.010285708904266357,-0.16051406860351564,0.4948571455478668,0.4197429656982422,-0.8518805979110623,-0.09668753885276529,0.5147338795273594,-0.9013359932264962,-51.64274833511038,2
2.4099999999999926,,,,,11.017572,0.6419779,0.4748429,0.5301624,-3.4923894,4.137172,1.7213888,-0.15965058,0.04713386,0.28650072,-0.94350827,-8.816886,8.297129,-0.23464572,0.93019927,0.12351368,0.49158496,1,-0.1562429428100586,-0.2121625518798828,0.4218785285949707,0.39391872406005857,-0.8548637889751164,-0.22484708382054044,0.4676020650045367,-1.0122328534407545,-57.99667038663964,2
2.4199999999999924,,,,,11.017572,0.6419779,0.4748429,0.5301624,-3.580658,4.219855,1.7190102,-0.1579792,0.0496204,0.2829649,-0.9447284,-8.836877,8.239495,-0.24099949,0.6419779,0.4748429,0.5301624,1,-0.1562429428100586,-0.2121625518798828,0.4218785285949707,0.39391872406005857,-0.8548637889751164,-0.22484708382054044,0.4676020650045367,-1.0122328534407545,-57.99667038663964,2
2.429999999999992,,,,,11.017572,0.6419779,0.4748429,0.5301624,-3.669128,4.3019643,1.7165701,-0.1563042,0.052105803,0.27942258,-0.9459268,-8.857171,8.182591,-0.24696535,0.6419779,0.4748429,0.5301624,1,-0.1562429428100586,-0.2121625518798828,0.4218785285949707,0.39391872406005857,-0.8548637889751164,-0.22484708382054044,0.4676020650045367,-1.0122328534407545,-57.99667038663964,2
2.439999999999992,,,,,11.017572,0.6419779,0.4748429,0.5301624,-3.7578025,4.383508,1.7140723,-0.15462558,0.054590005,0.27587384,-0.9471035,-8.87777,8.12642,-0.25255075,0.6419779,0.4748429,0.5301624,1,-0.1562429428100586,-0.2121625518798828,0.4218785285949707,0.39391872406005857,-0.8548637889751164,-0.22484708382054044,0.4676020650045367,-1.0122328534407545,-57.99667038663964,2
2.4499999999999917,,,,,10.821344,0.17484547,0.6766532,0.6350868,-3.8466845,4.464494,1.7115206,-0.15294343,0.057072952,0.27231875,-0.9482584,-8.89868,8.070982,-0.25776312,0.6419779,0.4748429,0.5301624,1,-0.1562429428100586,-0.2121625518798828,0.4218785285949707,0.39391872406005857,-0.8548637889751164,-0.22484708382054044,0.4676020650045367,-1.0122328534407545,-57.99667038663964,2
2.4599999999999915,,,,,10.821344,0.17484547,0.6766532,0.6350868,-3.9357755,4.5449347,1.7089097,-0.15090182,0.061011538,0.27078804,-0.94877845,-8.919648,8.017129,-0.26437405,0.17484547,0.6766532,0.6350868,1,-0.1562429428100586,-0.2121625518798828,0.4218785285949707,0.39391872406005857,-0.8548637889751164,-0.22484708382054044,0.4676020650045367,-1.0122328534407545,-57.99667038663964,2
2.4699999999999913,,,,,10.821344,0.17484547,0.6766532,0.6350868,-4.0250797,4.624838,1.7062333,-0.14885685,0.06494875,0.26925132,-0.9492774,-8.941263,7.9636626,-0.27090833,0.17484547,0.6766532,0.6350868,1,-0.06245747089385986,-0.10592009862263997,0.46877126455307006,0.44703995068868,-0.8992655807015935,-0.08283352519898571,0.429488093511956,-0.8194863692765813,-46.95311032804736,2
2.479999999999991,,,,,10.821344,0.17484547,0.6766532,0.6350868,-4.114603,4.704209,1.7034919,-0.14680855,0.06888452,0.26770857,-0.9497552,-8.963524,7.910582,-0.27737296,0.17484547,0.6766532,0.6350868,1,-0.06245747089385986,-0.10592009862263997,0.46877126455307006,0.44703995068868,-0.8992655807015935,-0.08283352519898571,0.429488093511956,-0.8194863692765813,-46.95311032804736,2
2.489999999999991,,,,,10.87542,0.0449802,0.78624403,0.67462337,-4.2043524,4.7830505,1.7006862,-0.14475699,0.07281876,0.26615986,-0.95021176,-8.986433,7.857887,-0.28377494,0.17484547,0.6766532,0.6350868,1,-0.06245747089385986,-0.10592009862263997,0.46877126455307006,0.44703995068868,-0.8992655807015935,-0.08283352519898571,0.429488093511956,-0.8194863692765813,-46.95311032804736,2
2.4999999999999907,,,,,10.87542,0.0449802,0.78624403,0.67462337,-4.2943344,4.861366,1.6978188,-0.14261259,0.07741849,0.26512793,-0.95046085,-9.010162,7.8052855,-0.2896936,0.0449802,0.78624403,0.67462337,1,-0.06245747089385986,-0.10592009862263997,0.46877126455307006,0.44703995068868,-0.8992655807015935,-0.08283352519898571,0.429488093511956,-0.8194863692765813,-46.95311032804736,2
2.5099999999999905,,,,,10.87542,0.0449802,0.78624403,0.67462337,-4.384558,4.939157,1.694892,-0.14046438,0.082016125,0.26408884,-0.95068437,-9.034692,7.752991,-0.2956466,0.0449802,0.78624403,0.67462337,1,-0.06245747089385986,-0.10592009862263997,0.46877126455307006,0.44703995068868,-0.8992655807015935,-0.08283352519898571,0.429488093511956,-0.8194863692765813,-46.95311032804736,2
2.5199999999999902,,,,,10.87542,0.0449802,0.78624403,0.67462337,-4.475031,5.0164266,1.6919056,-0.13831237,0.08661157,0.26304263,-0.9508824,-9.0600195,7.7010026,-0.30164275,0.0449802,0.78624403,0.67462337,1,-0.06245747089385986,-0.10592009862263997,0.46877126455307006,0.44703995068868,-0.8992655807015935,-0.08283352519898571,0.429488093511956,-0.8194863692765813,-46.95311032804736,2
2.52999999999999,,,,,10.942129,0.08261334,0.76450807,0.5855932,-4.5657616,5.093178,1.688859,-0.13615665,0.09120467,0.26198936,-0.9510548,-9.086145,7.649318,-0.30769077,0.0449802,0.78624403,0.67462337,1,-0.06245747089385986,-0.10592009862263997,0.46877126455307006,0.44703995068868,-0.8992655807015935,-0.08283352519898571,0.429488093511956,-0.8194863692765813,-46.95311032804736,2
2.53999999999999,,,,,10.942129,0.08261334,0.76450807,0.5855932,-4.656758,5.169412,1.6857545,-0.13440955,0.0955499,0.26080593,-0.951202,-9.113224,7.5976315,-0.31322607,0.08261334,0.76450807,0.5855932,1,-0.14357224464416504,-0.12403157552083334,0.42821387767791746,0.43798421223958334,-0.9263076630109122,-0.15618086151569655,0.3428726468289319,-0.861985317364999,-49.38812068725927,2
2.5499999999999896,,,,,10.942129,0.08261334,0.76450807,0.5855932,-4.7480288,5.2451315,1.6825944,-0.13265929,0.099892884,0.25961643,-0.9513269,-9.141075,7.5462756,-0.3188066,0.08261334,0.76450807,0.5855932,1,-0.14357224464416504,-0.12403157552083334,0.42821387767791746,0.43798421223958334,-0.9263076630109122,-0.15618086151569655,0.3428726468289319,-0.861985317364999,-49.38812068725927,2
2.5599999999999894,,,,,10.942129,0.08261334,0.76450807,0.5855932,-4.839582,5.320339,1.6793782,-0.13090594,0.10423353,0.25842088,-0.9514296,-9.169699,7.4952493,-0.32444045,0.08261334,0.76450807,0.5855932,1,-0.14357224464416504,-0.12403157552083334,0.42821387767791746,0.43798421223958334,-0.9263076630109122,-0.15618086151569655,0.3428726468289319,-0.861985317364999,-49.38812068725927,2
2.569999999999989,,,,,10.917234,0.06479726,0.61855686,0.5545244,-4.9314256,5.3950377,1.6761053,-0.12914954,0.10857175,0.25721928,-0.95151013,-9.199095,7.444551,-0.33013567,0.08261334,0.76450807,0.5855932,1,-0.14357224464416504,-0.12403157552083334,0.42821387767791746,0.43798421223958334,-0.9263076630109122,-0.15618086151569655,0.3428726468289319,-0.861985317364999,-49.38812068725927,2
2.579999999999989,,,,,10.917234,0.06479726,0.61855686,0.5545244,-5.023566,5.4692316,1.6727741,-0.12734094,0.11218495,0.2562083,-0.95160747,-9.229137,7.394272,-0.3361056,0.06479726,0.61855686,0.5545244,1,-0.14357224464416504,-0.12403157552083334,0.42821387767791746,0.43798421223958334,-0.9263076630109122,-0.15618086151569655,0.3428726468289319,-0.861985317364999,-49.38812068725927,2
2.5899999999999888,,,,,10.917234,0.06479726,0.61855686,0.5545244,-5.1160097,5.542924,1.6693829,-0.12553014,0.11579619,0.25519288,-0.9516883,-9.259805,7.3442545,-0.34213844,0.06479726,0.61855686,0.5545244,1,-0.14357224464416504,-0.12403157552083334,0.42821387767791746,0.43798421223958334,-0.9263076630109122,-0.15618086151569655,0.3428726468289319,-0.861985317364999,-49.38812068725927,2
2.5999999999999885,,,,,10.917234,0.06479726,0.61855686,0.5545244,-5.208763,5.6161175,1.6659311,-0.12371715,0.11940542,0.25417304,-0.9517526,-9.291095,7.2944975,-0.34823972,0.06479726,0.61855686,0.5545244,1,-0.14357224464416504,-0.12403157552083334,0.42821387767791746,0.43798421223958334,-0.9263076630109122,-0.15618086151569655,0.3428726468289319,-0.861985317364999,-49.38812068725927,2
2.6099999999999883,,,,,11.035645,0.005947668,0.43907118,0.55387425,-5.3018327,5.688815,1.6624179,-0.12190202,0.12301259,0.2531488,-0.95180047,-9.323008,7.245,-0.354415,0.06479726,0.61855686,0.5545244,1,-0.1630297088623047,-0.0075341327985127765,0.41848514556884764,0.4962329336007436,-0.9751855223996916,-0.11093000875890952,0.19159261483363427,-0.7738926570453817,-44.340783044865624,2
2.619999999999988,,,,,11.035645,0.005947668,0.43907118,0.55387425,-5.395227,5.761016,1.6588476,-0.11982479,0.12579879,0.25251064,-0.9518696,-9.355831,7.195185,-0.35967308,0.005947668,0.43907118,0.55387425,1,-0.1630297088623047,-0.0075341327985127765,0.41848514556884764,0.4962329336007436,-0.9751855223996916,-0.11093000875890952,0.19159261483363427,-0.7738926570453817,-44.340783044865624,2
2.629999999999988,,,,,11.035645,0.005947668,0.43907118,0.55387425,-5.488951,5.83272,1.6552241,-0.117746055,0.12858342,0.2518693,-0.9519268,-9.389109,7.145517,-0.36501414,0.005947668,0.43907118,0.55387425,1,-0.1630297088623047,-0.0075341327985127765,0.41848514556884764,0.4962329336007436,-0.9751855223996916,-0.11093000875890952,0.19159261483363427,-0.7738926570453817,-44.340783044865624,2
2.6399999999999877,,,,,11.035645,0.005947668,0.43907118,0.55387425,-5.5830107,5.903928,1.651547,-0.11566585,0.13136645,0.25122482,-0.9519721,-9.42284,7.0959954,-0.37044132,0.005947668,0.43907118,0.55387425,1,-0.1630297088623047,-0.0075341327985127765,0.41848514556884764,0.4962329336007436,-0.9751855223996916,-0.11093000875890952,0.19159261483363427,-0.7738926570453817,-44.340783044865624,2
2.6499999999999875,,,,,11.049904,0.08124648,0.0040535424,0.5158882,-5.67741,5.974641,1.647815,-0.113584206,0.13414781,0.2505772,-0.9520056,-9.457026,7.046617,-0.37595776,0.005947668,0.43907118,0.55387425,1,-0.1630297088623047,-0.0075341327985127765,0.41848514556884764,0.4962329336007436,-0.9751855223996916,-0.11093000875890952,0.19159261483363427,-0.7738926570453817,-44.340783044865624,2
2.6599999999999873,,,,,11.049904,0.08124648,0.0040535424,0.5158882,-5.772153,6.0448604,1.6440282,-0.111187756,0.13476686,0.24984129,-0.9523944,-9.491536,6.9972944,-0.38139522,0.08124648,0.0040535424,0.5158882,1,-0.1630297088623047,-0.0075341327985127765,0.41848514556884764,0.4962329336007436,-0.9751855223996916,-0.11093000875890952,0.19159261483363427,-0.7738926570453817,-44.340783044865624,2
2.669999999999987,,,,,11.049904,0.08124648,0.0040535424,0.5158882,-5.867241,6.1145873,1.6401873,-0.10879055,0.13538498,0.24910365,-0.95277673,-9.526037,6.948049,-0.38678813,0.08124648,0.0040535424,0.5158882,1,-0.12167274475097656,-0.06988073348999023,0.4391636276245117,0.4650596332550049,-0.9635094800449787,-0.12369097270313435,0.23738160235200892,-0.7578466746288335,-43.421415974256284,2
2.679999999999987,,,,,11.049904,0.08124648,0.0040535424,0.5158882,-5.9626737,6.183822,1.6362925,-0.10639259,0.13600218,0.24836434,-0.9531526,-9.56053,6.8988814,-0.39213666,0.08124648,0.0040535424,0.5158882,1,-0.12167274475097656,-0.06988073348999023,0.4391636276245117,0.4650596332550049,-0.9635094800449787,-0.12369097270313435,0.23738160235200892,-0.7578466746288335,-43.421415974256284,2
2.6899999999999866,,,,,11.121632,0.07210355,-0.39964622,0.49806145,-6.0584517,6.2525654,1.6323445,-0.10399392,0.13661845,0.24762332,-0.9535219,-9.595015,6.849792,-0.397441,0.08124648,0.0040535424,0.5158882,1,-0.12167274475097656,-0.06988073348999023,0.4391636276245117,0.4650596332550049,-0.9635094800449787,-0.12369097270313435,0.23738160235200892,-0.7578466746288335,-43.421415974256284,2
2.6999999999999864,,,,,11.121632,0.07210355,-0.39964622,0.49806145,-6.154575,6.3208165,1.6283468,-0.10117327,0.13529155,0.24714588,-0.9541383,-9.629557,6.8004146,-0.40206546,0.07210355,-0.39964622,0.49806145,1,-0.12167274475097656,-0.06988073348999023,0.4391636276245117,0.4650596332550049,-0.9635094800449787,-0.12369097270313435,0.23738160235200892,-0.7578466746288335,-43.421415974256284,2
2.709999999999986,,,,,11.121632,0.07210355,-0.39964622,0.49806145,-6.2510414,6.3885736,1.6243036,-0.098351575,0.13396326,0.24666587,-0.95474476,-9.6636715,6.7509894,-0.4065573,0.07210355,-0.39964622,0.49806145,1,-0.12167274475097656,-0.06988073348999023,0.4391636276245117,0.4650596332550049,-0.9635094800449787,-0.12369097270313435,0.23738160235200892,-0.7578466746288335,-43.421415974256284,2
2.719999999999986,,,,,11.121632,0.07210355,-0.39964622,0.49806145,-6.347847,6.4558363,1.620216,-0.09552886,0.13263358,0.2461833,-0.9553414,-9.697355,6.7015204,-0.41091704,0.07210355,-0.39964622,0.49806145,1,-0.12167274475097656,-0.06988073348999023,0.4391636276245117,0.4650596332550049,-0.9635094800449787,-0.12369097270313435,0.23738160235200892,-0.7578466746288335,-43.421415974256284,2
2.7299999999999858,,,,,11.132925,0.09363631,-0.61724025,0.4783726,-6.4449873,6.522604,1.6160856,-0.09270517,0.13130254,0.2456982,-0.95592815,-9.73061,6.65201,-0.41514525,0.07210355,-0.39964622,0.49806145,1,-0.12167274475097656,-0.06988073348999023,0.4391636276245117,0.4650596332550049,-0.9635094800449787,-0.12369097270313435,0.23738160235200892,-0.7578466746288335,-43.421415974256284,2
2.7399999999999856,,,,,11.132925,0.09363631,-0.61724025,0.4783726,-6.5424576,6.588876,1.6119142,-0.08972121,0.12889561,0.24522081,-0.9566627,-9.76338,6.6023965,-0.41912407,0.09363631,-0.61724025,0.4783726,1,-0.1406289291381836,0.05429615656534831,0.4296855354309082,0.5271480782826742,-0.9848840752455668,-0.11244585294491637,0.1317546526054224,-0.7082809688077614,-40.581510222121835,2
2.7499999999999853,,,,,11.132925,0.09363631,-0.61724025,0.4783726,-6.6402526,6.6546516,1.6077038,-0.08673587,0.1264867,0.24473962,-0.9573825,-9.7954855,6.552711,-0.42291203,0.09363631,-0.61724025,0.4783726,1,-0.1406289291381836,0.05429615656534831,0.4296855354309082,0.5271480782826742,-0.9848840752455668,-0.11244585294491637,0.1317546526054224,-0.7082809688077614,-40.581510222121835,2
2.759999999999985,,,,,11.132925,0.09363631,-0.61724025,0.4783726,-6.738365,6.7199297,1.6034565,-0.08374918,0.124075815,0.24425465,-0.9580875,-9.826925,6.5029583,-0.42651135,0.09363631,-0.61724025,0.4783726,1,-0.1406289291381836,0.05429615656534831,0.4296855354309082,0.5271480782826742,-0.9848840752455668,-0.11244585294491637,0.1317546526054224,-0.7082809688077614,-40.581510222121835,2
2.769999999999985,,,,,11.198023,0.0076133627,-0.6656438,0.49015373,-6.836789,6.7847104,1.5991741,-0.0807612,0.12166302,0.24376589,-0.9587777,-9.857698,6.453144,-0.4299242,0.09363631,-0.61724025,0.4783726,1,-0.1406289291381836,0.05429615656534831,0.4296855354309082,0.5271480782826742,-0.9848840752455668,-0.11244585294491637,0.1317546526054224,-0.7082809688077614,-40.581510222121835,2
2.7799999999999847,,,,,11.198023,0.0076133627,-0.6656438,0.49015373,-6.9355183,6.848991,1.5948613,-0.0776041,0.1190653,0.24369794,-0.9593817,-9.887963,6.402945,-0.43261164,0.0076133627,-0.6656438,0.49015373,1,-0.1406289291381836,0.05429615656534831,0.4296855354309082,0.5271480782826742,-0.9848840752455668,-0.11244585294491637,0.1317546526054224,-0.7082809688077614,-40.581510222121835,2
2.7899999999999845,,,,,11.198023,0.0076133627,-0.6656438,0.49015373,-7.0345464,6.912769,1.5905224,-0.07444567,0.116465546,0.24362582,-0.9599693,-9.917514,6.3525977,-0.43515253,0.0076133627,-0.6656438,0.49015373,1,-0.1406289291381836,0.05429615656534831,0.4296855354309082,0.5271480782826742,-0.9848840752455668,-0.11244585294491637,0.1317546526054224,-0.7082809688077614,-40.581510222121835,2
2.7999999999999843,,,,,11.198023,0.0076133627,-0.6656438,0.49015373,-7.133866,6.9760427,1.5861588,-0.07128598,0.1138638,0.24354953,-0.9605404,-9.946347,6.302109,-0.43754935,0.0076133627,-0.6656438,0.49015373,1,-0.1406289291381836,0.05429615656534831,0.4296855354309082,0.5271480782826742,-0.9848840752455668,-0.11244585294491637,0.1317546526054224,-0.7082809688077614,-40.581510222121835,2
2.809999999999984,,,,,11.216299,-0.024589472,-0.6285773,0.4886018,-7.2334704,7.0388107,1.5817719,-0.068125054,0.11126012,0.24346909,-0.96109515,-9.97446,6.251483,-0.43980455,0.0076133627,-0.6656438,0.49015373,1,-0.08506836891174316,-0.01732803026835124,0.4574658155441284,0.49133598486582436,-0.9583283296652703,-0.14812914621712697,0.24426331816701075,-0.7132127928779806,-40.864082926646425,2
2.819999999999984,,,,,11.216299,-0.024589472,-0.6285773,0.4886018,-7.3333526,7.1010714,1.5773638,-0.06499768,0.10884181,0.24352762,-0.96157366,-10.001914,6.200635,-0.44177336,-0.024589472,-0.6285773,0.4886018,1,-0.08506836891174316,-0.01732803026835124,0.4574658155441284,0.49133598486582436,-0.9583283296652703,-0.14812914621712697,0.24426331816701075,-0.7132127928779806,-40.864082926646425,2
2.8299999999999836,,,,,11.216299,-0.024589472,-0.6285773,0.4886018,-7.4335065,7.1628227,1.5729367,-0.061869275,0.10642176,0.2435823,-0.9620369,-10.0286875,6.149636,-0.44362992,-0.024589472,-0.6285773,0.4886018,1,-0.08506836891174316,-0.01732803026835124,0.4574658155441284,0.49133598486582436,-0.9583283296652703,-0.14812914621712697,0.24426331816701075,-0.7132127928779806,-40.864082926646425,2
2.8399999999999834,,,,,11.216299,-0.024589472,-0.6285773,0.4886018,-7.533924,7.224063,1.5684915,-0.058739897,0.104000024,0.2436331,-0.9624849,-10.054779,6.0984917,-0.4453764,-0.024589472,-0.6285773,0.4886018,1,-0.08506836891174316,-0.01732803026835124,0.4574658155441284,0.49133598486582436,-0.9583283296652703,-0.14812914621712697,0.24426331816701075,-0.7132127928779806,-40.864082926646425,2
2.849999999999983,,,,,11.393299,-0.07541662,-0.4699403,0.49238682,-7.6345997,7.2847915,1.5640295,-0.05560958,0.10157664,0.24368005,-0.9629176,-10.080188,6.047207,-0.4470149,-0.024589472,-0.6285773,0.4886018,1,-0.08506836891174316,-0.01732803026835124,0.4574658155441284,0.49133598486582436,-0.9583283296652703,-0.14812914621712697,0.24426331816701075,-0.7132127928779806,-40.864082926646425,2
2.859999999999983,,,,,11.393299,-0.07541662,-0.4699403,0.49238682,-7.735528,7.3450027,1.5595591,-0.05262774,0.099934384,0.24392228,-0.9631956,-10.105369,5.994968,-0.44704542,-0.07541662,-0.4699403,0.49238682,1,-0.08506836891174316,-0.01732803026835124,0.4574658155441284,0.49133598486582436,-0.9583283296652703,-0.14812914621712697,0.24426331816701075,-0.7132127928779806,-40.864082926646425,2
2.869999999999983,,,,,11.393299,-0.07541662,-0.4699403,0.49238682,-7.8367057,7.4046907,1.5550888,-0.049645286,0.09829094,0.24416168,-0.9634624,-10.130034,5.942572,-0.44702777,-0.07541662,-0.4699403,0.49238682,1,-0.13169955253601073,-0.004995031754175822,0.43415022373199463,0.4975024841229121,-0.948407382973183,-0.22172947560887532,0.22662629054937905,-0.7601961786392142,-43.556032638000154,2
2.8799999999999826,,,,,11.393299,-0.07541662,-0.4699403,0.49238682,-7.938127,7.463854,1.5506188,-0.04666225,0.096646346,0.24439819,-0.9637179,-10.1541815,5.8900237,-0.44696283,-0.07541662,-0.4699403,0.49238682,1,-0.13169955253601073,-0.004995031754175822,0.43415022373199463,0.4975024841229121,-0.948407382973183,-0.22172947560887532,0.22662629054937905,-0.7601961786392142,-43.556032638000154,2
2.8899999999999824,,,,,11.490757,-0.08415905,-0.36650032,0.4781617,-8.039787,7.5224905,1.5461497,-0.043678664,0.095000625,0.24463184,-0.963962,-10.17781,5.837327,-0.44685152,-0.07541662,-0.4699403,0.49238682,1,-0.13169955253601073,-0.004995031754175822,0.43415022373199463,0.4975024841229121,-0.948407382973183,-0.22172947560887532,0.22662629054937905,-0.7601961786392142,-43.556032638000154,2
2.899999999999982,,,,,11.490757,-0.08415905,-0.36650032,0.4781617,-8.141683,7.580598,1.5416862,-0.040885553,0.09383697,0.24488924,-0.96413314,-10.201158,5.7840343,-0.44586316,-0.08415905,-0.36650032,0.4781617,1,-0.13169955253601073,-0.004995031754175822,0.43415022373199463,0.4975024841229121,-0.948407382973183,-0.22172947560887532,0.22662629054937905,-0.7601961786392142,-43.556032638000154,2
2.909999999999982,,,,,11.490757,-0.08415905,-0.36650032,0.4781617,-8.243808,7.638171,1.5372325,-0.038092062,0.09267245,0.24514438,-0.9642953,-10.224097,5.7306037,-0.44485343,-0.08415905,-0.36650032,0.4781617,1,-0.13169955253601073,-0.004995031754175822,0.43415022373199463,0.4975024841229121,-0.948407382973183,-0.22172947560887532,0.22662629054937905,-0.7601961786392142,-43.556032638000154,2
2.9199999999999817,,,,,11.490757,-0.08415905,-0.36650032,0.4781617,-8.346162,7.6952095,1.5327891,-0.03529822,0.09150708,0.24539725,-0.96444863,-10.246626,5.677038,-0.44382265,-0.08415905,-0.36650032,0.4781617,1,-0.13169955253601073,-0.004995031754175822,0.43415022373199463,0.4975024841229121,-0.948407382973183,-0.22172947560887532,0.22662629054937905,-0.7601961786392142,-43.556032638000154,2
2.9299999999999815,,,,,11.550236,-0.104110025,-0.22813314,0.44771183,-8.448739,7.751712,1.5283562,-0.032504056,0.09034085,0.24564786,-0.964593,-10.268745,5.62334,-0.44277117,-0.08415905,-0.36650032,0.4781617,1,-0.13169955253601073,-0.004995031754175822,0.43415022373199463,0.4975024841229121,-0.948407382973183,-0.22172947560887532,0.22662629054937905,-0.7601961786392142,-43.556032638000154,2
2.9399999999999813,,,,,11.550236,-0.104110025,-0.22813314,0.44771183,-8.551536,7.8076744,1.5239364,-0.030017424,0.08980711,0.24598402,-0.96463776,-10.290625,5.569232,-0.44119963,-0.104110025,-0.22813314,0.44771183,1,-0.05912106513977051,0.06057896931966146,0.4704394674301147,0.5302894846598307,-0.9617642889262594,-0.16971961225417098,0.21495279891748292,-0.6707265720222324,-38.42980178415136,2
2.949999999999981,,,,,11.550236,-0.104110025,-0.22813314,0.44771183,-8.654551,7.8630953,1.5195322,-0.027530596,0.08927277,0.24631855,-0.96467614,-10.312246,5.5149913,-0.43964407,-0.104110025,-0.22813314,0.44771183,1,-0.05912106513977051,0.06057896931966146,0.4704394674301147,0.5302894846598307,-0.9617642889262594,-0.16971961225417098,0.21495279891748292,-0.6707265720222324,-38.42980178415136,2
2.959999999999981,,,,,11.550236,-0.104110025,-0.22813314,0.44771183,-8.75778,7.9179735,1.5151434,-0.025043584,0.08873783,0.24665147,-0.96470815,-10.333611,5.4606194,-0.43810442,-0.104110025,-0.22813314,0.44771183,1,-0.05912106513977051,0.06057896931966146,0.4704394674301147,0.5302894846598307,-0.9617642889262594,-0.16971961225417098,0.21495279891748292,-0.6707265720222324,-38.42980178415136,2
2.9699999999999807,,,,,11.507734,-0.07713138,-0.1404721,0.3951939,-8.861222,7.972307,1.5107698,-0.02255641,0.088202305,0.24698277,-0.9647339,-10.354715,5.406118,-0.4365807,-0.104110025,-0.22813314,0.44771183,1,-0.05912106513977051,0.06057896931966146,0.4704394674301147,0.5302894846598307,-0.9617642889262594,-0.16971961225417098,0.21495279891748292,-0.6707265720222324,-38.42980178415136,2
2.9799999999999804,,,,,11.507734,-0.07713138,-0.1404721,0.3951939,-8.964873,8.026096,1.5064096,-0.020442588,0.08802125,0.24719581,-0.96474296,-10.375523,5.3517013,-0.43543977,-0.07713138,-0.1404721,0.3951939,1,-0.05912106513977051,0.06057896931966146,0.4704394674301147,0.5302894846598307,-0.9617642889262594,-0.16971961225417098,0.21495279891748292,-0.6707265720222324,-38.42980178415136,2
2.9899999999999802,,,,,11.507734,-0.07713138,-0.1404721,0.3951939,-9.068732,8.079341,1.5020609,-0.018328676,0.08783978,0.24740773,-0.96474767,-10.39617,5.2971935,-0.43431568,-0.07713138,-0.1404721,0.3951939,1,-0.05912106513977051,0.06057896931966146,0.4704394674301147,0.5302894846598307,-0.9617642889262594,-0.16971961225417098,0.21495279891748292,-0.6707265720222324,-38.42980178415136,2
2.99999999999998,,,,,11.507734,-0.07713138,-0.1404721,0.3951939,-9.172797,8.13204,1.4977232,-0.016214678,0.08765792,0.24761854,-0.96474797,-10.416657,5.2425957,-0.43320832,-0.07713138,-0.1404721,0.3951939,1,-0.05912106513977051,0.06057896931966146,0.4704394674301147,0.5302894846598307,-0.9617642889262594,-0.16971961225417098,0.21495279891748292,-0.6707265720222324,-38.42980178415136,2
3.00999999999998,,,,,11.427216,-0.034690537,-0.035853356,0.33285522,-9.277065,8.184193,1.4933966,-0.0141006075,0.08747566,0.24782822,-0.9647439,-10.436986,5.1879077,-0.4321176,-0.07713138,-0.1404721,0.3951939,1,-0.1087606430053711,0.03714146614074707,0.44561967849731443,0.5185707330703735,-0.9449620273731438,-0.2538210004263652,0.20645015515953735,-0.7237111701576726,-41.46559563650881,2
3.0199999999999796,,,,,11.427216,-0.034690537,-0.035853356,0.33285522,-9.3815365,8.2358,1.4890774,-0.012435388,0.08771749,0.24785215,-0.9647387,-10.457056,5.133532,-0.4317359,-0.034690537,-0.035853356,0.33285522,1,-0.1087606430053711,0.03714146614074707,0.44561967849731443,0.5185707330703735,-0.9449620273731438,-0.2538210004263652,0.20645015515953735,-0.7237111701576726,-41.46559563650881,2
3.0299999999999794,,,,,11.427216,-0.034690537,-0.035853356,0.33285522,-9.486206,8.286862,1.4847621,-0.010770133,0.087959066,0.24787536,-0.96473074,-10.477086,5.07912,-0.4313665,-0.034690537,-0.035853356,0.33285522,1,-0.1087606430053711,0.03714146614074707,0.44561967849731443,0.5185707330703735,-0.9449620273731438,-0.2538210004263652,0.20645015515953735,-0.7237111701576726,-41.46559563650881,2
3.039999999999979,,,,,11.427216,-0.034690537,-0.035853356,0.33285522,-9.591078,8.337381,1.4804502,-0.009104847,0.088200405,0.24789788,-0.96472013,-10.497074,5.02467,-0.4310094,-0.034690537,-0.035853356,0.33285522,1,-0.1087606430053711,0.03714146614074707,0.44561967849731443,0.5185707330703735,-0.9449620273731438,-0.2538210004263652,0.20645015515953735,-0.7237111701576726,-41.46559563650881,2
3.049999999999979,,,,,11.323704,0.08519691,0.028906893,0.27974492,-9.696148,8.387356,1.4761418,-0.007439536,0.08844148,0.24791972,-0.96470666,-10.517021,4.970183,-0.43066457,-0.034690537,-0.035853356,0.33285522,1,-0.1087606430053711,0.03714146614074707,0.44561967849731443,0.5185707330703735,-0.9449620273731438,-0.2538210004263652,0.20645015515953735,-0.7237111701576726,-41.46559563650881,2
3.0599999999999787,,,,,11.323704,0.08519691,0.028906893,0.27974492,-9.801416,8.436788,1.4718324,-0.006163677,0.08892442,0.24738373,-0.9648089,-10.536775,4.9161987,-0.43120375,0.08519691,0.028906893,0.27974492,1,-0.1087606430053711,0.03714146614074707,0.44561967849731443,0.5185707330703735,-0.9449620273731438,-0.2538210004263652,0.20645015515953735,-0.7237111701576726,-41.46559563650881,2
3.0699999999999785,,,,,11.323704,0.08519691,0.028906893,0.27974492,-9.906883,8.485681,1.4675179,-0.004887805,0.089407176,0.2468472,-0.964909,-10.556563,4.862301,-0.43170226,0.08519691,0.028906893,0.27974492,1,-0.07868255615234375,0.17536524454752603,0.4606587219238281,0.587682622273763,-0.9786764013048856,-0.18023257407188792,0.09853284108529498,-0.6137487842666447,-35.165215019764005,2
3.0799999999999783,,,,,11.323704,0.08519691,0.028906893,0.27974492,-10.012548,8.534035,1.4631984,-0.0036119218,0.08988973,0.24631013,-0.965007,-10.576387,4.8084893,-0.4321603,0.08519691,0.028906893,0.27974492,1,-0.07868255615234375,0.17536524454752603,0.4606587219238281,0.587682622273763,-0.9786764013048856,-0.18023257407188792,0.09853284108529498,-0.6137487842666447,-35.165215019764005,2
3.089999999999978,,,,,11.480154,0.19846335,0.13315858,0.24518369,-10.118412,8.581851,1.4588747,-0.0023360313,0.09037209,0.24577254,-0.965103,-10.596248,4.7547646,-0.432578,0.08519691,0.028906893,0.27974492,1,-0.07868255615234375,0.17536524454752603,0.4606587219238281,0.587682622273763,-0.9786764013048856,-0.18023257407188792,0.09853284108529498,-0.6137487842666447,-35.165215019764005,2
3.099999999999978,,,,,11.480154,0.19846335,0.13315858,0.24518369,-10.224476,8.6291275,1.4545538,-0.0014062022,0.091313496,0.24470213,-0.9652881,-10.616466,4.70043,-0.43159008,0.19846335,0.13315858,0.24518369,1,-0.07868255615234375,0.17536524454752603,0.4606587219238281,0.587682622273763,-0.9786764013048856,-0.18023257407188792,0.09853284108529498,-0.6137487842666447,-35.165215019764005,2
3.1099999999999777,,,,,11.480154,0.19846335,0.13315858,0.24518369,-10.330742,8.675861,1.4502432,-0.00047636905,0.09225463,0.243631,-0.9654704,-10.636842,4.646303,-0.43052122,0.19846335,0.13315858,0.24518369,1,-0.07868255615234375,0.17536524454752603,0.4606587219238281,0.587682622273763,-0.9786764013048856,-0.18023257407188792,0.09853284108529498,-0.6137487842666447,-35.165215019764005,2
3.1199999999999775,,,,,11.480154,0.19846335,0.13315858,0.24518369,-10.437213,8.7220545,1.4459436,0.00045346547,0.0931955,0.24255916,-0.9656498,-10.657379,4.5923843,-0.42937225,0.19846335,0.13315858,0.24518369,1,-0.07868255615234375,0.17536524454752603,0.4606587219238281,0.587682622273763,-0.9786764013048856,-0.18023257407188792,0.09853284108529498,-0.6137487842666447,-35.165215019764005,2
3.1299999999999772,,,,,11.915028,0.34915403,0.57371676,0.20075938,-10.54389,8.76771,1.441656,0.0013832987,0.0941361,0.24148661,-0.9658265,-10.678078,4.5386734,-0.428144,0.19846335,0.13315858,0.24518369,1,-0.07868255615234375,0.17536524454752603,0.4606587219238281,0.587682622273763,-0.9786764013048856,-0.18023257407188792,0.09853284108529498,-0.6137487842666447,-35.165215019764005,2
3.139999999999977,,,,,11.915028,0.34915403,0.57371676,0.20075938,-10.65078,8.8128195,1.4373997,0.0014957191,0.097150885,0.2397085,-0.96597075,-10.6999235,4.4832115,-0.42307678,0.34915403,0.57371676,0.20075938,1,-0.14913176536560058,0.07884296417236328,0.4254341173171997,0.5394214820861817,-0.948296137181999,-0.2884186127025915,0.13247316729214348,-0.6920275619670413,-39.65025860743951,2
3.149999999999977,,,,,11.915028,0.34915403,0.57371676,0.20075938,-10.757892,8.857375,1.4331948,0.0016081211,0.10016448,0.23792744,-0.9661031,-10.722461,4.4281473,-0.41794515,0.34915403,0.57371676,0.20075938,1,-0.14913176536560058,0.07884296417236328,0.4254341173171997,0.5394214820861817,-0.948296137181999,-0.2884186127025915,0.13247316729214348,-0.6920275619670413,-39.65025860743951,2
3.1599999999999766,,,,,11.915028,0.34915403,0.57371676,0.20075938,-10.8652315,8.901382,1.4290413,0.0017205033,0.10317684,0.23614345,-0.9662236,-10.745688,4.3734827,-0.41275454,0.34915403,0.57371676,0.20075938,1,-0.14913176536560058,0.07884296417236328,0.4254341173171997,0.5394214820861817,-0.948296137181999,-0.2884186127025915,0.13247316729214348,-0.6920275619670413,-39.65025860743951,2
3.1699999999999764,,,,,12.689138,0.41138947,1.0531219,0.17191747,-10.972807,8.944845,1.42494,0.0018328645,0.10618793,0.23435657,-0.9663322,-10.769608,4.3192186,-0.4075104,0.34915403,0.57371676,0.20075938,1,-0.14913176536560058,0.07884296417236328,0.4254341173171997,0.5394214820861817,-0.948296137181999,-0.2884186127025915,0.13247316729214348,-0.6920275619670413,-39.65025860743951,2
3.179999999999976,,,,,12.689138,0.41138947,1.0531219,0.17191747,-11.080633,8.987751,1.4209248,0.0012110318,0.111479715,0.23228341,-0.9662377,-10.79604,4.261894,-0.3955355,0.41138947,1.0531219,0.17191747,1,-0.14913176536560058,0.07884296417236328,0.4254341173171997,0.5394214820861817,-0.948296137181999,-0.2884186127025915,0.13247316729214348,-0.6920275619670413,-39.65025860743951,2
3.189999999999976,,,,,12.689138,0.41138947,1.0531219,0.17191747,-11.188731,9.030086,1.417029,0.00058915943,0.116767846,0.23020269,-0.9661117,-10.823804,4.205101,-0.38361314,0.41138947,1.0531219,0.17191747,1,-0.14913176536560058,0.07884296417236328,0.4254341173171997,0.5394214820861817,-0.948296137181999,-0.2884186127025915,0.13247316729214348,-0.6920275619670413,-39.65025860743951,2
3.1999999999999758,,,,,12.689138,0.41138947,1.0531219,0.17191747,-11.297113,9.071855,1.4132522,-3.2732234e-05,0.12205216,0.22811443,-0.965954,-10.852897,4.148844,-0.37175864,0.41138947,1.0531219,0.17191747,1,-0.14913176536560058,0.07884296417236328,0.4254341173171997,0.5394214820861817,-0.948296137181999,-0.2884186127025915,0.13247316729214348,-0.6920275619670413,-39.65025860743951,2
3.2099999999999755,,,,,13.41543,0.2365183,0.9212158,0.27810472,-11.405794,9.113065,1.4095936,-0.00065462285,0.1273325,0.2260187,-0.9657648,-10.883316,4.093128,-0.35998723,0.41138947,1.0531219,0.17191747,1,-0.07807704448699951,0.11446118672688801,0.46096147775650026,0.557230593363444,-0.9782877966081579,-0.18892529960206378,0.08520691390859353,-0.5504976641270201,-31.54119278628859,2
3.2199999999999753,,,,,13.41543,0.2365183,0.9212158,0.27810472,-11.514794,9.153704,1.4060836,-0.0005033389,0.13209282,0.22469375,-0.96543473,-10.916805,4.0347185,-0.34205282,0.2365183,0.9212158,0.27810472,1,-0.07807704448699951,0.11446118672688801,0.46096147775650026,0.557230593363444,-0.9782877966081579,-0.18892529960206378,0.08520691390859353,-0.5504976641270201,-31.54119278628859,2
3.229999999999975,,,,,13.41543,0.2365183,0.9212158,0.27810472,-11.624135,9.193762,1.402752,-0.0003520425,0.1368499,0.22336328,-0.96508086,-10.951507,3.9766681,-0.32429406,0.2365183,0.9212158,0.27810472,1,-0.07807704448699951,0.11446118672688801,0.46096147775650026,0.557230593363444,-0.9782877966081579,-0.18892529960206378,0.08520691390859353,-0.5504976641270201,-31.54119278628859,2
3.239999999999975,,,,,13.41543,0.2365183,0.9212158,0.27810472,-11.733829,9.23324,1.3995972,-0.00020073747,0.14160362,0.22202733,-0.9647033,-10.987416,3.9189794,-0.30672318,0.2365183,0.9212158,0.27810472,1,-0.07807704448699951,0.11446118672688801,0.46096147775650026,0.557230593363444,-0.9782877966081579,-0.18892529960206378,0.08520691390859353,-0.5504976641270201,-31.54119278628859,2
3.2499999999999747,,,,,14.2292595,-0.32531792,0.2499484,0.4777012,-11.843887,9.272143,1.396617,-4.942748e-05,0.14635384,0.22068593,-0.9643021,-11.024531,3.8616545,-0.2893524,0.2365183,0.9212158,0.27810472,1,-0.07807704448699951,0.11446118672688801,0.46096147775650026,0.557230593363444,-0.9782877966081579,-0.18892529960206378,0.08520691390859353,-0.5504976641270201,-31.54119278628859,2
3.2599999999999745,,,,,14.2292595,-0.32531792,0.2499484,0.4777012,-11.954334,9.310457,1.3938444,0.0022160676,0.14808542,0.22190373,-0.96375567,-11.064814,3.8009465,-0.26522717,-0.32531792,0.2499484,0.4777012,1,-0.07807704448699951,0.11446118672688801,0.46096147775650026,0.557230593363444,-0.9782877966081579,-0.18892529960206378,0.08520691390859353,-0.5504976641270201,-31.54119278628859,2
3.2699999999999743,,,,,14.2292595,-0.32531792,0.2499484,0.4777012,-12.065186,9.348162,1.3913115,0.004481541,0.14981554,0.22311932,-0.9631997,-11.105405,3.7398431,-0.24140123,-0.32531792,0.2499484,0.4777012,1,-0.10158782958984375,0.16564006805419923,0.4492060852050781,0.5828200340270996,-0.9823614582470547,-0.18647014728370248,-0.013958851052826238,-0.512416743630876,-29.3593167618863,2
3.279999999999974,,,,,14.2292595,-0.32531792,0.2499484,0.4777012,-12.176444,9.385253,1.3890152,0.00674697,0.15154418,0.2243327,-0.96263415,-11.146301,3.6783435,-0.21787673,-0.32531792,0.2499484,0.4777012,1,-0.10158782958984375,0.16564006805419923,0.4492060852050781,0.5828200340270996,-0.9823614582470547,-0.18647014728370248,-0.013958851052826238,-0.512416743630876,-29.3593167618863,2
3.289999999999974,,,,,14.680294,-0.97940993,-0.49205482,0.63183534,-12.288114,9.421727,1.3869528,0.009012332,0.15327132,0.22554387,-0.9620591,-11.187499,3.6164472,-0.19465579,-0.32531792,0.2499484,0.4777012,1,-0.10158782958984375,0.16564006805419923,0.4492060852050781,0.5828200340270996,-0.9823614582470547,-0.18647014728370248,-0.013958851052826238,-0.512416743630876,-29.3593167618863,2
3.2999999999999736,,,,,14.680294,-0.97940993,-0.49205482,0.63183534,-12.400201,9.457569,1.3851401,0.013356914,0.15156974,0.2297442,-0.9612839,-11.22989,3.5518363,-0.16793865,-0.97940993,-0.49205482,0.63183534,1,-0.10158782958984375,0.16564006805419923,0.4492060852050781,0.5828200340270996,-0.9823614582470547,-0.18647014728370248,-0.013958851052826238,-0.512416743630876,-29.3593167618863,2
3.3099999999999734,,,,,14.680294,-0.97940993,-0.49205482,0.63183534,-12.512709,9.492758,1.3835925,0.017700963,0.14986208,0.23393533,-0.9604703,-11.271457,3.4859064,-0.14163455,-0.97940993,-0.49205482,0.63183534,1,-0.10158782958984375,0.16564006805419923,0.4492060852050781,0.5828200340270996,-0.9823614582470547,-0.18647014728370248,-0.013958851052826238,-0.512416743630876,-29.3593167618863,2
3.319999999999973,,,,,14.680294,-0.97940993,-0.49205482,0.63183534,-12.6256275,9.527281,1.3823059,0.022044301,0.14814842,0.2381171,-0.9596183,-11.312186,3.4186695,-0.115753725,-0.97940993,-0.49205482,0.63183534,1,-0.10158782958984375,0.16564006805419923,0.4492060852050781,0.5828200340270996,-0.9823614582470547,-0.18647014728370248,-0.013958851052826238,-0.512416743630876,-29.3593167618863,2
3.329999999999973,,,,,14.590359,-1.6803572,-1.6287324,0.7699349,-12.73895,9.561127,1.381276,0.026386758,0.14642884,0.24228935,-0.95872784,-11.352065,3.3501372,-0.09030634,-0.97940993,-0.49205482,0.63183534,1,-0.10158782958984375,0.16564006805419923,0.4492060852050781,0.5828200340270996,-0.9823614582470547,-0.18647014728370248,-0.013958851052826238,-0.512416743630876,-29.3593167618863,2
3.3399999999999728,,,,,14.590359,-1.6803572,-1.6287324,0.7699349,-12.852664,9.594282,1.3804946,0.03327876,0.1393214,0.24954723,-0.9577104,-11.390198,3.2804034,-0.066054046,-1.6803572,-1.6287324,0.7699349,1,-0.1722370719909668,0.029209629694620768,0.4138814640045166,0.5146048148473104,-0.9263033743431205,-0.37098930568586386,0.06579508908170406,-0.6613555854455262,-37.89288380343235,2
3.3499999999999726,,,,,14.590359,-1.6803572,-1.6287324,0.7699349,-12.966746,9.626728,1.3799535,0.040165707,0.1321928,0.25676724,-0.95654756,-11.425729,3.208508,-0.042270627,-1.6803572,-1.6287324,0.7699349,1,-0.1722370719909668,0.029209629694620768,0.4138814640045166,0.5146048148473104,-0.9263033743431205,-0.37098930568586386,0.06579508908170406,-0.6613555854455262,-37.89288380343235,2
3.3599999999999723,,,,,14.590359,-1.6803572,-1.6287324,0.7699349,-13.081171,9.658444,1.3796476,0.047046565,0.12504415,0.2639483,-0.9552396,-11.458625,3.134507,-0.019008892,-1.6803572,-1.6287324,0.7699349,1,-0.1722370719909668,0.029209629694620768,0.4138814640045166,0.5146048148473104,-0.9263033743431205,-0.37098930568586386,0.06579508908170406,-0.6613555854455262,-37.89288380343235,2
3.369999999999972,,,,,14.320433,-2.0471897,-2.198769,0.867036,-13.19591,9.689411,1.3795713,0.053920284,0.11787654,0.2710893,-0.9537867,-11.488851,3.0584562,0.0036786678,-1.6803572,-1.6287324,0.7699349,1,-0.1722370719909668,0.029209629694620768,0.4138814640045166,0.5146048148473104,-0.9263033743431205,-0.37098930568586386,0.06579508908170406,-0.6613555854455262,-37.89288380343235,2
3.379999999999972,,,,,14.320433,-2.0471897,-2.198769,0.867036,-13.310936,9.719614,1.3797077,0.062235083,0.10800005,0.2797149,-0.9519575,-11.515535,2.9817064,0.023491427,-2.0471897,-2.198769,0.867036,1,-0.1722370719909668,0.029209629694620768,0.4138814640045166,0.5146048148473104,-0.9263033743431205,-0.37098930568586386,0.06579508908170406,-0.6613555854455262,-37.89288380343235,2
3.3899999999999717,,,,,14.320433,-2.0471897,-2.198769,0.867036,-13.426209,9.749038,1.3800384,0.07053468,0.09809716,0.28827217,-0.9498957,-11.53865,2.9026778,0.04255019,-2.0471897,-2.198769,0.867036,1,-0.1722370719909668,0.029209629694620768,0.4138814640045166,0.5146048148473104,-0.9263033743431205,-0.37098930568586386,0.06579508908170406,-0.6613555854455262,-37.89288380343235,2
3.3999999999999715,,,,,14.320433,-2.0471897,-2.198769,0.867036,-13.541697,9.77766,1.3805557,0.078817025,0.08817029,0.29675898,-0.9476016,-11.558154,2.8214655,0.06076952,-2.0471897,-2.198769,0.867036,1,-0.1722370719909668,0.029209629694620768,0.4138814640045166,0.5146048148473104,-0.9263033743431205,-0.37098930568586386,0.06579508908170406,-0.6613555854455262,-37.89288380343235,2
3.4099999999999713,,,,,14.451714,-1.9339346,-1.8944585,1.04812,-13.657361,9.805459,1.3812507,0.087080106,0.07822187,0.30517325,-0.9450759,-11.574011,2.738168,0.07806481,-2.0471897,-2.198769,0.867036,1,-0.1777069091796875,0.014085642496744792,0.41114654541015627,0.5070428212483724,-0.8442953067048223,-0.5236964183647497,0.11361116348380501,-0.7875031494511289,-45.1206068168098,2
3.419999999999971,,,,,14.451714,-1.9339346,-1.8944585,1.04812,-13.773167,9.832413,1.3821189,0.09567046,0.07001914,0.31304464,-0.94231015,-11.5864725,2.652131,0.09540469,-1.9339346,-1.8944585,1.04812,1,-0.1777069091796875,0.014085642496744792,0.41114654541015627,0.5070428212483724,-0.8442953067048223,-0.5236964183647497,0.11361116348380501,-0.7875031494511289,-45.1206068168098,2
3.429999999999971,,,,,14.451714,-1.9339346,-1.8944585,1.04812,-13.88908,9.858497,1.383155,0.10424066,0.061801657,0.32085004,-0.9393459,-11.595651,2.5642607,0.11166624,-1.9339346,-1.8944585,1.04812,1,-0.1777069091796875,0.014085642496744792,0.41114654541015627,0.5070428212483724,-0.8442953067048223,-0.5236964183647497,0.11361116348380501,-0.7875031494511289,-45.1206068168098,2
3.4399999999999706,,,,,14.451714,-1.9339346,-1.8944585,1.04812,-14.005069,9.883693,1.3843482,0.1127889,0.05357115,0.32858786,-0.93618363,-11.601517,2.4746478,0.12678784,-1.9339346,-1.8944585,1.04812,1,-0.1777069091796875,0.014085642496744792,0.41114654541015627,0.5070428212483724,-0.8442953067048223,-0.5236964183647497,0.11361116348380501,-0.7875031494511289,-45.1206068168098,2
3.4499999999999704,,,,,15.281443,-1.5171269,-1.0282054,1.2709204,-14.121099,9.907984,1.3856866,0.12131337,0.045329355,0.33625647,-0.93282413,-11.604045,2.383385,0.14070885,-1.9339346,-1.8944585,1.04812,1,-0.1777069091796875,0.014085642496744792,0.41114654541015627,0.5070428212483724,-0.8442953067048223,-0.5236964183647497,0.11361116348380501,-0.7875031494511289,-45.1206068168098,2
3.45999999999997,,,,,15.281443,-1.5171269,-1.0282054,1.2709204,-14.23714,9.931329,1.3871901,0.12930594,0.041747477,0.34239978,-0.9296776,-11.603706,2.2853122,0.15979795,-1.5171269,-1.0282054,1.2709204,1,-0.1777069091796875,0.014085642496744792,0.41114654541015627,0.5070428212483724,-0.8442953067048223,-0.5236964183647497,0.11361116348380501,-0.7875031494511289,-45.1206068168098,2
3.46999999999997,,,,,15.281443,-1.5171269,-1.0282054,1.2709204,-14.353167,9.953685,1.3888786,0.13728245,0.038160406,0.34850052,-0.92641544,-11.6012335,2.1858685,0.17769995,-1.5171269,-1.0282054,1.2709204,1,-0.055954790115356444,0.02548629601796468,0.4720226049423218,0.5127431480089824,-0.8138886485541561,-0.5529722498720103,0.1783450549529652,-0.7830136347135364,-44.86337657028396,2
3.47999999999997,,,,,15.281443,-1.5171269,-1.0282054,1.2709204,-14.469158,9.9750395,1.39074,0.14524187,0.034568585,0.35455787,-0.9230381,-11.596604,2.085108,0.19439337,-1.5171269,-1.0282054,1.2709204,1,-0.055954790115356444,0.02548629601796468,0.4720226049423218,0.5127431480089824,-0.8138886485541561,-0.5529722498720103,0.1783450549529652,-0.7830136347135364,-44.86337657028396,2
3.4899999999999696,,,,,15.847738,-1.4515381,-0.538673,1.4018368,-14.585092,9.995381,1.3927622,0.15318324,0.03097247,0.36057118,-0.919546,-11.589799,1.9830858,0.20985729,-1.5171269,-1.0282054,1.2709204,1,-0.055954790115356444,0.02548629601796468,0.4720226049423218,0.5127431480089824,-0.8138886485541561,-0.5529722498720103,0.1783450549529652,-0.7830136347135364,-44.86337657028396,2
3.4999999999999694,,,,,15.847738,-1.4515381,-0.538673,1.4018368,-14.700946,10.014678,1.3949535,0.16081595,0.02990968,0.3665955,-0.9158888,-11.5807495,1.8759816,0.22821096,-1.4515381,-0.538673,1.4018368,1,-0.055954790115356444,0.02548629601796468,0.4720226049423218,0.5127431480089824,-0.8138886485541561,-0.5529722498720103,0.1783450549529652,-0.7830136347135364,-44.86337657028396,2
3.509999999999969,,,,,15.847738,-1.4515381,-0.538673,1.4018368,-14.816701,10.032896,1.3973217,0.16843113,0.028843628,0.37257984,-0.91213167,-11.5701685,1.7675419,0.24519128,-1.4515381,-0.538673,1.4018368,1,-0.055954790115356444,0.02548629601796468,0.4720226049423218,0.5127431480089824,-0.8138886485541561,-0.5529722498720103,0.1783450549529652,-0.7830136347135364,-44.86337657028396,2
3.519999999999969,,,,,15.847738,-1.4515381,-0.538673,1.4018368,-14.9323435,10.050024,1.3998528,0.17602794,0.02777443,0.3785236,-0.908275,-11.558029,1.6578096,0.26078424,-1.4515381,-0.538673,1.4018368,1,-0.055954790115356444,0.02548629601796468,0.4720226049423218,0.5127431480089824,-0.8138886485541561,-0.5529722498720103,0.1783450549529652,-0.7830136347135364,-44.86337657028396,2
3.5299999999999687,,,,,16.358788,-1.3447088,-0.4027726,1.4281043,-15.047856,10.066048,1.4025327,0.18360555,0.026702205,0.38442603,-0.9043193,-11.544311,1.5468283,0.2749765,-1.4515381,-0.538673,1.4018368,1,-0.055954790115356444,0.02548629601796468,0.4720226049423218,0.5127431480089824,-0.8138886485541561,-0.5529722498720103,0.1783450549529652,-0.7830136347135364,-44.86337657028396,2
3.5399999999999685,,,,,16.358788,-1.3447088,-0.4027726,1.4281043,-15.163222,10.080937,1.4053656,0.19100726,0.026390217,0.3899265,-0.90043205,-11.528595,1.4310393,0.29136017,-1.3447088,-0.4027726,1.4281043,1,-0.04867391586303711,-0.016613299051920574,0.4756630420684814,0.4916933504740397,-0.723062796610275,-0.6732063033233421,0.15483366986495,-0.8732042652437553,-50.03091905128926,2
3.5499999999999683,,,,,16.358788,-1.3447088,-0.4027726,1.4281043,-15.278423,10.094664,1.4083552,0.1983898,0.026075587,0.39538786,-0.8964546,-11.51147,1.3140883,0.30635205,-1.3447088,-0.4027726,1.4281043,1,-0.04867391586303711,-0.016613299051920574,0.4756630420684814,0.4916933504740397,-0.723062796610275,-0.6732063033233421,0.15483366986495,-0.8732042652437553,-50.03091905128926,2
3.559999999999968,,,,,16.358788,-1.3447088,-0.4027726,1.4281043,-15.393447,10.107215,1.4114878,0.20575246,0.02575834,0.4008096,-0.89238715,-11.492914,1.1960143,0.31994262,-1.3447088,-0.4027726,1.4281043,1,-0.04867391586303711,-0.016613299051920574,0.4756630420684814,0.4916933504740397,-0.723062796610275,-0.6732063033233421,0.15483366986495,-0.8732042652437553,-50.03091905128926,2
3.569999999999968,,,,,16.656696,-1.1980879,-0.38458782,1.3885175,-15.508278,10.118579,1.4147494,0.21309449,0.02543851,0.4061911,-0.8882303,-11.472905,1.076857,0.332123,-1.3447088,-0.4027726,1.4281043,1,-0.04867391586303711,-0.016613299051920574,0.4756630420684814,0.4916933504740397,-0.723062796610275,-0.6732063033233421,0.15483366986495,-0.8732042652437553,-50.03091905128926,2
3.5799999999999677,,,,,16.656696,-1.1980879,-0.38458782,1.3885175,-15.622899,10.1287365,1.4181356,0.2201851,0.02527287,0.41090775,-0.88432765,-11.451078,0.9545156,0.3449302,-1.1980879,-0.38458782,1.3885175,1,-0.04867391586303711,-0.016613299051920574,0.4756630420684814,0.4916933504740397,-0.723062796610275,-0.6732063033233421,0.15483366986495,-0.8732042652437553,-50.03091905128926,2
3.5899999999999674,,,,,16.656696,-1.1980879,-0.38458782,1.3885175,-15.737295,10.137667,1.4216435,0.2272564,0.025105013,0.41558826,-0.8803474,-11.427858,0.83127785,0.3564545,-1.1980879,-0.38458782,1.3885175,1,-0.04867391586303711,-0.016613299051920574,0.4756630420684814,0.4916933504740397,-0.723062796610275,-0.6732063033233421,0.15483366986495,-0.8732042652437553,-50.03091905128926,2
3.5999999999999672,,,,,16.656696,-1.1980879,-0.38458782,1.3885175,-15.851452,10.14536,1.4252603,0.23430775,0.024934951,0.42023236,-0.8762898,-11.403225,0.7071786,0.36669117,-1.1980879,-0.38458782,1.3885175,1,-0.04867391586303711,-0.016613299051920574,0.4756630420684814,0.4916933504740397,-0.723062796610275,-0.6732063033233421,0.15483366986495,-0.8732042652437553,-50.03091905128926,2
3.609999999999967,,,,,16.865013,-0.9972174,-0.3940401,1.3182129,-15.965356,10.151807,1.4289728,0.24133854,0.0247627,0.42483953,-0.87215525,-11.377164,0.58225286,0.3756361,-1.1980879,-0.38458782,1.3885175,1,-0.008569437861442566,-0.22142117818196613,0.4957152810692787,0.3892894109090169,-0.5376030027535598,-0.8078496400778024,0.24158222297288678,-1.0347526388788513,-59.28695904778276,2
3.619999999999967,,,,,16.865013,-0.9972174,-0.3940401,1.3182129,-16.078989,10.156994,1.4327753,0.24803866,0.024640296,0.4285341,-0.8684636,-11.349365,0.45503172,0.38470256,-0.9972174,-0.3940401,1.3182129,1,-0.008569437861442566,-0.22142117818196613,0.4957152810692787,0.3892894109090169,-0.5376030027535598,-0.8078496400778024,0.24158222297288678,-1.0347526388788513,-59.28695904778276,2
3.6299999999999666,,,,,16.865013,-0.9972174,-0.3940401,1.3182129,-16.192339,10.160906,1.4366632,0.2547209,0.024516113,0.4321977,-0.86470926,-11.320227,0.3272222,0.3927075,-0.9972174,-0.3940401,1.3182129,1,-0.008569437861442566,-0.22142117818196613,0.4957152810692787,0.3892894109090169,-0.5376030027535598,-0.8078496400778024,0.24158222297288678,-1.0347526388788513,-59.28695904778276,2
3.6399999999999664,,,,,16.865013,-0.9972174,-0.3940401,1.3182129,-16.305391,10.163537,1.4406258,0.26138476,0.024390161,0.43583012,-0.8608926,-11.289734,0.19885254,0.39965087,-0.9972174,-0.3940401,1.3182129,1,-0.008569437861442566,-0.22142117818196613,0.4957152810692787,0.3892894109090169,-0.5376030027535598,-0.8078496400778024,0.24158222297288678,-1.0347526388788513,-59.28695904778276,2
3.649999999999966,,,,,17.036324,-0.9382493,-0.4892364,1.2333167,-16.41813,10.164882,1.4446526,0.26802972,0.024262447,0.43943107,-0.85701364,-11.257877,0.06995123,0.40553296,-0.9972174,-0.3940401,1.3182129,1,-0.008569437861442566,-0.22142117818196613,0.4957152810692787,0.3892894109090169,-0.5376030027535598,-0.8078496400778024,0.24158222297288678,-1.0347526388788513,-59.28695904778276,2
3.659999999999966,,,,,17.036324,-0.9382493,-0.4892364,1.2333167,-16.530544,10.164928,1.4487381,0.2744944,0.023617636,0.44263175,-0.85333043,-11.224275,-0.060723383,0.41144454,-0.9382493,-0.4892364,1.2333167,1,-0.008569437861442566,-0.22142117818196613,0.4957152810692787,0.3892894109090169,-0.5376030027535598,-0.8078496400778024,0.24158222297288678,-1.0347526388788513,-59.28695904778276,2
3.6699999999999657,,,,,17.036324,-0.9382493,-0.4892364,1.2333167,-16.642612,10.163666,1.4528782,0.28094098,0.022971267,0.4458032,-0.84959096,-11.189183,-0.19175969,0.41640532,-0.9382493,-0.4892364,1.2333167,1,-0.07674133777618408,-0.07397353490193685,0.46162933111190796,0.4630132325490316,-0.5367743726534873,-0.8426867154463306,0.041861348195325464,-0.9864924563249367,-56.52185426891256,2
3.6799999999999655,,,,,17.036324,-0.9382493,-0.4892364,1.2333167,-16.754322,10.161091,1.457063,0.28736898,0.022323381,0.4489452,-0.84579533,-11.152596,-0.3231295,0.42041698,-0.9382493,-0.4892364,1.2333167,1,-0.07674133777618408,-0.07397353490193685,0.46162933111190796,0.4630132325490316,-0.5367743726534873,-0.8426867154463306,0.041861348195325464,-0.9864924563249367,-56.52185426891256,2
3.6899999999999653,,,,,17.037498,-0.86723274,-0.6467261,1.1531463,-16.865658,10.157202,1.4612832,0.293778,0.021674022,0.45205757,-0.84194386,-11.114507,-0.45480448,0.42348155,-0.9382493,-0.4892364,1.2333167,1,-0.07674133777618408,-0.07397353490193685,0.46162933111190796,0.4630132325490316,-0.5367743726534873,-0.8426867154463306,0.041861348195325464,-0.9864924563249367,-56.52185426891256,2
3.699999999999965,,,,,17.037498,-0.86723274,-0.6467261,1.1531463,-16.976608,10.151995,1.4655297,0.30017897,0.020283397,0.4546193,-0.8383336,-11.074845,-0.5866986,0.42567256,-0.86723274,-0.6467261,1.1531463,1,-0.07674133777618408,-0.07397353490193685,0.46162933111190796,0.4630132325490316,-0.5367743726534873,-0.8426867154463306,0.041861348195325464,-0.9864924563249367,-56.52185426891256,2
3.709999999999965,,,,,17.037498,-0.86723274,-0.6467261,1.1531463,-17.08715,10.145468,1.469794,0.30656117,0.018891502,0.45715258,-0.83467096,-11.033511,-0.7186625,0.42709315,-0.86723274,-0.6467261,1.1531463,1,-0.07674133777618408,-0.07397353490193685,0.46162933111190796,0.4630132325490316,-0.5367743726534873,-0.8426867154463306,0.041861348195325464,-0.9864924563249367,-56.52185426891256,2
3.7199999999999647,,,,,17.037498,-0.86723274,-0.6467261,1.1531463,-17.197273,10.137621,1.4740689,0.3129242,0.017498428,0.45965728,-0.83095616,-10.9905,-0.8506674,0.4277465,-0.86723274,-0.6467261,1.1531463,1,-0.07674133777618408,-0.07397353490193685,0.46162933111190796,0.4630132325490316,-0.5367743726534873,-0.8426867154463306,0.041861348195325464,-0.9864924563249367,-56.52185426891256,2
3.7299999999999645,,,,,17.26868,-1.020224,-0.6515027,1.126416,-17.306955,10.128454,1.4783463,0.3192677,0.016104259,0.4621333,-0.82718945,-10.945811,-0.98268443,0.42763594,-0.86723274,-0.6467261,1.1531463,1,-0.07674133777618408,-0.07397353490193685,0.46162933111190796,0.4630132325490316,-0.5367743726534873,-0.8426867154463306,0.041861348195325464,-0.9864924563249367,-56.52185426891256,2
3.7399999999999642,,,,,17.26868,-1.020224,-0.6515027,1.126416,-17.41618,10.117958,1.4826252,0.32550305,0.014383296,0.46520633,-0.8230581,-10.89876,-1.1165103,0.42801028,-1.020224,-0.6515027,1.126416,1,-0.012157751321792603,-0.07005791346232096,0.4939211243391037,0.46497104326883953,-0.4901206252584912,-0.8708635188787222,0.03712821275519894,-0.9560925425857736,-54.78006751409675,2
3.749999999999964,,,,,17.26868,-1.020224,-0.6515027,1.126416,-17.524921,10.106124,1.4869031,0.33171618,0.012661351,0.46824753,-0.81887054,-10.849854,-1.2503786,0.42741913,-1.020224,-0.6515027,1.126416,1,-0.012157751321792603,-0.07005791346232096,0.4939211243391037,0.46497104326883953,-0.4901206252584912,-0.8708635188787222,0.03712821275519894,-0.9560925425857736,-54.78006751409675,2
3.759999999999964,,,,,17.26868,-1.020224,-0.6515027,1.126416,-17.633167,10.092951,1.4911702,0.3379066,0.010938538,0.47125676,-0.81462705,-10.799094,-1.3842548,0.42586434,-1.020224,-0.6515027,1.126416,1,-0.012157751321792603,-0.07005791346232096,0.4939211243391037,0.46497104326883953,-0.4901206252584912,-0.8708635188787222,0.03712821275519894,-0.9560925425857736,-54.78006751409675,2
3.7699999999999636,,,,,17.45368,-1.0676138,-0.77980566,1.1237342,-17.740896,10.078439,1.4954169,0.34407395,0.009214979,0.47423378,-0.8103278,-10.746478,-1.5181044,0.423348,-1.020224,-0.6515027,1.126416,1,-0.012157751321792603,-0.07005791346232096,0.4939211243391037,0.46497104326883953,-0.4901206252584912,-0.8708635188787222,0.03712821275519894,-0.9560925425857736,-54.78006751409675,2
3.7799999999999634,,,,,17.45368,-1.0676138,-0.77980566,1.1237342,-17.84809,10.062581,1.4996388,0.35051212,0.0068830433,0.47714815,-0.80586857,-10.691341,-1.6532894,0.4208911,-1.0676138,-0.77980566,1.1237342,1,-0.012157751321792603,-0.07005791346232096,0.4939211243391037,0.46497104326883953,-0.4901206252584912,-0.8708635188787222,0.03712821275519894,-0.9560925425857736,-54.78006751409675,2
3.789999999999963,,,,,17.45368,-1.0676138,-0.77980566,1.1237342,-17.95472,10.045373,1.5038314,0.3569239,0.00455059,0.48002663,-0.8013486,-10.634111,-1.7882764,0.41748026,-1.0676138,-0.77980566,1.1237342,1,-0.012157751321792603,-0.07005791346232096,0.4939211243391037,0.46497104326883953,-0.4901206252584912,-0.8708635188787222,0.03712821275519894,-0.9560925425857736,-54.78006751409675,2
3.799999999999963,,,,,17.45368,-1.0676138,-0.77980566,1.1237342,-18.060764,10.026816,1.5079851,0.36330882,0.0022177945,0.48286894,-0.7967685,-10.574794,-1.9230257,0.41311795,-1.0676138,-0.77980566,1.1237342,1,-0.012157751321792603,-0.07005791346232096,0.4939211243391037,0.46497104326883953,-0.4901206252584912,-0.8708635188787222,0.03712821275519894,-0.9560925425857736,-54.78006751409675,2
3.8099999999999627,,,,,17.717485,-1.0071036,-0.7518067,1.0710562,-18.166208,10.006913,1.5120904,0.3696664,-0.00011516828,0.48567495,-0.7921283,-10.513391,-2.0574975,0.40780684,-1.0676138,-0.77980566,1.1237342,1,0.06130167007446289,-0.061472352345784506,0.5306508350372314,0.46926382382710774,-0.4424748666509353,-0.8959111509144158,0.03948673257493308,-0.9187945531607715,-52.64305013572056,2
3.8199999999999625,,,,,17.717485,-1.0071036,-0.7518067,1.0710562,-18.271023,9.985657,1.516145,0.3757209,-0.0023533115,0.48825815,-0.7876756,-10.448984,-2.1936808,0.40296233,-1.0071036,-0.7518067,1.0710562,1,0.06130167007446289,-0.061472352345784506,0.5306508350372314,0.46926382382710774,-0.4424748666509353,-0.8959111509144158,0.03948673257493308,-0.9187945531607715,-52.64305013572056,2
3.8299999999999623,,,,,17.717485,-1.0071036,-0.7518067,1.0710562,-18.375183,9.963041,1.5201467,0.38174978,-0.0045912946,0.49080804,-0.78316927,-10.38257,-2.3295066,0.3972256,-1.0071036,-0.7518067,1.0710562,1,0.06130167007446289,-0.061472352345784506,0.5306508350372314,0.46926382382710774,-0.4424748666509353,-0.8959111509144158,0.03948673257493308,-0.9187945531607715,-52.64305013572056,2
3.839999999999962,,,,,17.717485,-1.0071036,-0.7518067,1.0710562,-18.478668,9.939069,1.5240866,0.38775262,-0.006828965,0.49332452,-0.7786095,-10.314152,-2.4649396,0.3906,-1.0071036,-0.7518067,1.0710562,1,0.06130167007446289,-0.061472352345784506,0.5306508350372314,0.46926382382710774,-0.4424748666509353,-0.8959111509144158,0.03948673257493308,-0.9187945531607715,-52.64305013572056,2
3.849999999999962,,,,,17.781223,-0.8229355,-0.72935367,1.0174011,-18.58146,9.913744,1.5279558,0.39372906,-0.00906617,0.49580738,-0.7739967,-10.243736,-2.599943,0.38308918,-1.0071036,-0.7518067,1.0710562,1,0.06130167007446289,-0.061472352345784506,0.5306508350372314,0.46926382382710774,-0.4424748666509353,-0.8959111509144158,0.03948673257493308,-0.9187945531607715,-52.64305013572056,2
3.8599999999999617,,,,,17.781223,-0.8229355,-0.72935367,1.0174011,-18.683537,9.88707,1.5317473,0.39942607,-0.010986378,0.4975885,-0.769899,-10.171154,-2.7349503,0.37510934,-0.8229355,-0.72935367,1.0174011,1,0.06130167007446289,-0.061472352345784506,0.5306508350372314,0.46926382382710774,-0.4424748666509353,-0.8959111509144158,0.03948673257493308,-0.9187945531607715,-52.64305013572056,2
3.8699999999999615,,,,,17.781223,-0.8229355,-0.72935367,1.0174011,-18.784876,9.859047,1.5354558,0.40510067,-0.01290597,0.49934167,-0.7657581,-10.096804,-2.8694215,0.3664885,-0.8229355,-0.72935367,1.0174011,1,0.14140646934509277,-0.0020066678524017336,0.5707032346725464,0.4989966660737991,-0.4493559846813385,-0.8929188044392831,0.0278425521421196,-0.8276660223008414,-47.421769924218886,2
3.8799999999999613,,,,,17.781223,-0.8229355,-0.72935367,1.0174011,-18.885466,9.829682,1.5390749,0.4107525,-0.014824837,0.50106686,-0.7615742,-10.020693,-3.003328,0.35723168,-0.8229355,-0.72935367,1.0174011,1,0.14140646934509277,-0.0020066678524017336,0.5707032346725464,0.4989966660737991,-0.4493559846813385,-0.8929188044392831,0.0278425521421196,-0.8276660223008414,-47.421769924218886,2
3.889999999999961,,,,,17.779629,-0.68333095,-0.6367,0.95190644,-18.985285,9.798982,1.5425982,0.41638133,-0.016742872,0.5027639,-0.7573476,-9.942828,-3.136642,0.34734413,-0.8229355,-0.72935367,1.0174011,1,0.14140646934509277,-0.0020066678524017336,0.5707032346725464,0.4989966660737991,-0.4493559846813385,-0.8929188044392831,0.0278425521421196,-0.8276660223008414,-47.421769924218886,2
3.899999999999961,,,,,17.779629,-0.68333095,-0.6367,0.95190644,-19.084314,9.766952,1.5460197,0.42152002,-0.018183215,0.5040945,-0.7535779,-9.863323,-3.2693512,0.3368713,-0.68333095,-0.6367,0.95190644,1,0.14140646934509277,-0.0020066678524017336,0.5707032346725464,0.4989966660737991,-0.4493559846813385,-0.8929188044392831,0.0278425521421196,-0.8276660223008414,-47.421769924218886,2
3.9099999999999606,,,,,17.779629,-0.68333095,-0.6367,0.95190644,-19.182543,9.733597,1.5493339,0.42663994,-0.019622749,0.50540257,-0.74977475,-9.782339,-3.4014888,0.32590616,-0.68333095,-0.6367,0.95190644,1,0.14140646934509277,-0.0020066678524017336,0.5707032346725464,0.4989966660737991,-0.4493559846813385,-0.8929188044392831,0.0278425521421196,-0.8276660223008414,-47.421769924218886,2
3.9199999999999604,,,,,17.779629,-0.68333095,-0.6367,0.95190644,-19.279955,9.698924,1.5525361,0.4317409,-0.02106141,0.50668824,-0.74593824,-9.699882,-3.5330343,0.31445414,-0.68333095,-0.6367,0.95190644,1,0.14140646934509277,-0.0020066678524017336,0.5707032346725464,0.4989966660737991,-0.4493559846813385,-0.8929188044392831,0.0278425521421196,-0.8276660223008414,-47.421769924218886,2
3.92999999999996,,,,,17.691114,-0.41662008,-0.41549557,0.96190953,-19.376535,9.662938,1.5556214,0.43682268,-0.022499135,0.5079513,-0.7420685,-9.615958,-3.663967,0.30252063,-0.68333095,-0.6367,0.95190644,1,0.14140646934509277,-0.0020066678524017336,0.5707032346725464,0.4989966660737991,-0.4493559846813385,-0.8929188044392831,0.0278425521421196,-0.8276660223008414,-47.421769924218886,2
3.93999999999996,,,,,17.691114,-0.41662008,-0.41549557,0.96190953,-19.472273,9.625649,1.558583,0.4413931,-0.022507338,0.5086898,-0.738851,-9.531199,-3.7936995,0.28976128,-0.41662008,-0.41549557,0.96190953,1,0.1566276454925537,0.008981343905131021,0.5783138227462769,0.5044906719525655,-0.38686406422555186,-0.9221277126760093,-0.004083788167819055,-0.794757895528337,-45.53627314847291,2
3.9499999999999598,,,,,17.691114,-0.41662008,-0.41549557,0.96190953,-19.56716,9.587066,1.5614158,0.44594952,-0.022514826,0.5094121,-0.73560995,-9.44553,-3.9230056,0.2767382,-0.41662008,-0.41549557,0.96190953,1,0.1566276454925537,0.008981343905131021,0.5783138227462769,0.5044906719525655,-0.38686406422555186,-0.9221277126760093,-0.004083788167819055,-0.794757895528337,-45.53627314847291,2
3.9599999999999596,,,,,17.691114,-0.41662008,-0.41549557,0.96190953,-19.661182,9.547191,1.564117,0.45049176,-0.022521598,0.5101182,-0.7323455,-9.358952,-4.051875,0.26345688,-0.41662008,-0.41549557,0.96190953,1,0.1566276454925537,0.008981343905131021,0.5783138227462769,0.5044906719525655,-0.38686406422555186,-0.9221277126760093,-0.004083788167819055,-0.794757895528337,-45.53627314847291,2
3.9699999999999593,,,,,17.893206,-0.24727342,-0.52679455,0.89548457,-19.754335,9.50603,1.566684,0.45501968,-0.022527656,0.51080805,-0.72905785,-9.271467,-4.180298,0.24992281,-0.41662008,-0.41549557,0.96190953,1,0.1566276454925537,0.008981343905131021,0.5783138227462769,0.5044906719525655,-0.38686406422555186,-0.9221277126760093,-0.004083788167819055,-0.794757895528337,-45.53627314847291,2
3.979999999999959,,,,,17.893206,-0.24727342,-0.52679455,0.89548457,-19.846603,9.463579,1.5691197,0.45959508,-0.02272312,0.5106045,-0.72631925,-9.1821,-4.3096685,0.2372239,-0.24727342,-0.52679455,0.89548457,1,0.1566276454925537,0.008981343905131021,0.5783138227462769,0.5044906719525655,-0.38686406422555186,-0.9221277126760093,-0.004083788167819055,-0.794757895528337,-45.53627314847291,2
3.989999999999959,,,,,17.893206,-0.24727342,-0.52679455,0.89548457,-19.937973,9.419838,1.5714287,0.46415737,-0.022917937,0.5103864,-0.72356,-9.091903,-4.4384136,0.22459818,-0.24727342,-0.52679455,0.89548457,1,0.1566276454925537,0.008981343905131021,0.5783138227462769,0.5044906719525655,-0.38686406422555186,-0.9221277126760093,-0.004083788167819055,-0.794757895528337,-45.53627314847291,2
3.9999999999999587,,,,,17.893206,-0.24727342,-0.52679455,0.89548457,-20.028437,9.374813,1.5736119,0.4687064,-0.0231121,0.5101538,-0.7207801,-9.000883,-4.566526,0.21205097,-0.24727342,-0.52679455,0.89548457,1,0.1566276454925537,0.008981343905131021,0.5783138227462769,0.5044906719525655,-0.38686406422555186,-0.9221277126760093,-0.004083788167819055,-0.794757895528337,-45.53627314847291,2
4.009999999999959,,,,,17.854523,0.08070925,-0.7763537,0.8030518,-20.117989,9.32851,1.5756699,0.47324207,-0.023305604,0.5099066,-0.7179796,-8.909047,-4.6939974,0.1995875,-0.24727342,-0.52679455,0.89548457,1,0.20730480194091797,0.00955316702524821,0.603652400970459,0.5047765835126241,-0.3544341559495819,-0.9350807015971533,0.0007145606225944789,-0.7235678999911797,-41.45738686063863,2
4.019999999999959,,,,,17.854523,0.08070925,-0.7763537,0.8030518,-20.206617,9.280937,1.5776037,0.47810626,-0.023853885,0.5078654,-0.7161835,-8.816653,-4.8204226,0.18726808,0.08070925,-0.7763537,0.8030518,1,0.20730480194091797,0.00955316702524821,0.603652400970459,0.5047765835126241,-0.3544341559495819,-0.9350807015971533,0.0007145606225944789,-0.7235678999911797,-41.45738686063863,2
4.0299999999999585,,,,,17.854523,0.08070925,-0.7763537,0.8030518,-20.29432,9.232105,1.5794178,0.48295543,-0.024401417,0.50580835,-0.71436495,-8.723601,-4.9458623,0.17568223,0.08070925,-0.7763537,0.8030518,1,0.20730480194091797,0.00955316702524821,0.603652400970459,0.5047765835126241,-0.3544341559495819,-0.9350807015971533,0.0007145606225944789,-0.7235678999911797,-41.45738686063863,2
4.039999999999958,,,,,17.854523,0.08070925,-0.7763537,0.8030518,-20.381088,9.182024,1.5811198,0.48778948,-0.024948185,0.5037354,-0.712524,-8.629906,-5.070309,0.1648325,0.08070925,-0.7763537,0.8030518,1,0.20730480194091797,0.00955316702524821,0.603652400970459,0.5047765835126241,-0.3544341559495819,-0.9350807015971533,0.0007145606225944789,-0.7235678999911797,-41.45738686063863,2
4.049999999999958,,,,,18.22084,0.20568341,-0.8820447,0.7447729,-20.466915,9.130703,1.5827172,0.49260825,-0.025494171,0.50164664,-0.7106607,-8.535582,-5.1937556,0.15472133,0.08070925,-0.7763537,0.8030518,1,0.20730480194091797,0.00955316702524821,0.603652400970459,0.5047765835126241,-0.3544341559495819,-0.9350807015971533,0.0007145606225944789,-0.7235678999911797,-41.45738686063863,2
4.059999999999958,,,,,18.22084,0.20568341,-0.8820447,0.7447729,-20.551786,9.07814,1.5842264,0.49748474,-0.026253229,0.4988296,-0.70921755,-8.438713,-5.318654,0.1472674,0.20568341,-0.8820447,0.7447729,1,0.20730480194091797,0.00955316702524821,0.603652400970459,0.5047765835126241,-0.3544341559495819,-0.9350807015971533,0.0007145606225944789,-0.7235678999911797,-41.45738686063863,2
4.069999999999958,,,,,18.22084,0.20568341,-0.8820447,0.7447729,-20.635687,9.024335,1.5856661,0.5023442,-0.027011387,0.4959954,-0.70775,-8.341289,-5.4423747,0.14082623,0.20568341,-0.8820447,0.7447729,1,0.09752838134765625,-0.0027309346199035646,0.5487641906738281,0.4986345326900482,-0.22313523335888413,-0.9721322424962249,-0.07189972693367634,-0.7670685201151091,-43.94978879994164,2
4.079999999999957,,,,,18.22084,0.20568341,-0.8820447,0.7447729,-20.71861,8.969297,1.5870464,0.5071863,-0.027768616,0.49314418,-0.7062581,-8.243324,-5.5649085,0.13539779,0.20568341,-0.8820447,0.7447729,1,0.09752838134765625,-0.0027309346199035646,0.5487641906738281,0.4986345326900482,-0.22313523335888413,-0.9721322424962249,-0.07189972693367634,-0.7670685201151091,-43.94978879994164,2
4.089999999999957,,,,,18.435736,0.31374934,-0.89954543,0.71147263,-20.800552,8.91304,1.5883774,0.512011,-0.028524889,0.490276,-0.704742,-8.144837,-5.6862493,0.1309819,0.20568341,-0.8820447,0.7447729,1,0.09752838134765625,-0.0027309346199035646,0.5487641906738281,0.4986345326900482,-0.22313523335888413,-0.9721322424962249,-0.07189972693367634,-0.7670685201151091,-43.94978879994164,2
4.099999999999957,,,,,18.435736,0.31374934,-0.89954543,0.71147263,-20.8815,8.855569,1.5896752,0.51675874,-0.029146811,0.48696038,-0.70354897,-8.044726,-5.807796,0.1287543,0.31374934,-0.89954543,0.71147263,1,0.09752838134765625,-0.0027309346199035646,0.5487641906738281,0.4986345326900482,-0.22313523335888413,-0.9721322424962249,-0.07189972693367634,-0.7670685201151091,-43.94978879994164,2
4.109999999999957,,,,,18.435736,0.31374934,-0.89954543,0.71147263,-20.961445,8.796889,1.5909566,0.5214883,-0.029767707,0.48362753,-0.7023311,-7.944247,-5.9280953,0.12770735,0.31374934,-0.89954543,0.71147263,1,0.09752838134765625,-0.0027309346199035646,0.5487641906738281,0.4986345326900482,-0.22313523335888413,-0.9721322424962249,-0.07189972693367634,-0.7670685201151091,-43.94978879994164,2
4.119999999999957,,,,,18.435736,0.31374934,-0.89954543,0.71147263,-21.040382,8.737012,1.5922333,0.52619946,-0.030387549,0.4802776,-0.7010885,-7.843418,-6.0471396,0.12783873,0.31374934,-0.89954543,0.71147263,1,0.09752838134765625,-0.0027309346199035646,0.5487641906738281,0.4986345326900482,-0.22313523335888413,-0.9721322424962249,-0.07189972693367634,-0.7670685201151091,-43.94978879994164,2
4.129999999999956,,,,,18.073065,0.23332027,-0.9565864,0.64056313,-21.118313,8.67595,1.5935173,0.53089195,-0.031006318,0.4769107,-0.69982105,-7.7422605,-6.164922,0.12914601,0.31374934,-0.89954543,0.71147263,1,0.09752838134765625,-0.0027309346199035646,0.5487641906738281,0.4986345326900482,-0.22313523335888413,-0.9721322424962249,-0.07189972693367634,-0.7670685201151091,-43.94978879994164,2
4.139999999999956,,,,,18.073065,0.23332027,-0.9565864,0.64056313,-21.195238,8.613729,1.5948104,0.5354414,-0.032206174,0.4736462,-0.6985167,-7.6427326,-6.279112,0.1296276,0.23332027,-0.9565864,0.64056313,1,0.09174656867980957,-0.003790268103281657,0.5458732843399048,0.4981048659483592,-0.15411321051509735,-0.9862973844238943,-0.05887773622783744,-0.728033926505703,-41.713271331114335,2
4.149999999999956,,,,,18.073065,0.23332027,-0.9565864,0.64056313,-21.271166,8.550372,1.5961137,0.5399723,-0.03340492,0.47036532,-0.69718826,-7.542771,-6.3919654,0.13120227,0.23332027,-0.9565864,0.64056313,1,0.09174656867980957,-0.003790268103281657,0.5458732843399048,0.4981048659483592,-0.15411321051509735,-0.9862973844238943,-0.05887773622783744,-0.728033926505703,-41.713271331114335,2
4.159999999999956,,,,,18.073065,0.23332027,-0.9565864,0.64056313,-21.34609,8.485894,1.5974381,0.5444846,-0.03460252,0.46706823,-0.69583577,-7.4423943,-6.503475,0.13386676,0.23332027,-0.9565864,0.64056313,1,0.09174656867980957,-0.003790268103281657,0.5458732843399048,0.4981048659483592,-0.15411321051509735,-0.9862973844238943,-0.05887773622783744,-0.728033926505703,-41.713271331114335,2
4.1699999999999555,,,,,17.520851,0.28136346,-0.9542609,0.57643926,-21.420008,8.420308,1.5987946,0.54897815,-0.035798922,0.463755,-0.69445926,-7.341622,-6.613632,0.13761774,0.23332027,-0.9565864,0.64056313,1,0.09174656867980957,-0.003790268103281657,0.5458732843399048,0.4981048659483592,-0.15411321051509735,-0.9862973844238943,-0.05887773622783744,-0.728033926505703,-41.713271331114335,2
4.179999999999955,,,,,17.520851,0.28136346,-0.9542609,0.57643926,-21.492935,8.353644,1.6001784,0.55323374,-0.037002858,0.4602542,-0.69334704,-7.2435865,-6.719107,0.13932735,0.28136346,-0.9542609,0.57643926,1,0.09174656867980957,-0.003790268103281657,0.5458732843399048,0.4981048659483592,-0.15411321051509735,-0.9862973844238943,-0.05887773622783744,-0.728033926505703,-41.713271331114335,2
4.189999999999955,,,,,17.520851,0.28136346,-0.9542609,0.57643926,-21.56488,8.285931,1.6015847,0.557471,-0.038205568,0.4567382,-0.6922119,-7.1452665,-6.823261,0.14213802,0.28136346,-0.9542609,0.57643926,1,0.09174656867980957,-0.003790268103281657,0.5458732843399048,0.4981048659483592,-0.15411321051509735,-0.9862973844238943,-0.05887773622783744,-0.728033926505703,-41.713271331114335,2
4.199999999999955,,,,,17.520851,0.28136346,-0.9542609,0.57643926,-21.63584,8.217182,1.6030247,0.5616898,-0.039407015,0.4532071,-0.6910539,-7.04668,-6.926086,0.14604495,0.28136346,-0.9542609,0.57643926,1,0.09174656867980957,-0.003790268103281657,0.5458732843399048,0.4981048659483592,-0.15411321051509735,-0.9862973844238943,-0.05887773622783744,-0.728033926505703,-41.713271331114335,2
4.209999999999955,,,,,17.016468,0.20706052,-0.81204706,0.5660794,-21.705812,8.147413,1.6045094,0.5658901,-0.040607158,0.44966102,-0.6898732,-6.947844,-7.027575,0.15104328,0.28136346,-0.9542609,0.57643926,1,0.11963448524475098,0.050447028477986655,0.5598172426223755,0.5252235142389934,-0.14750885521356813,-0.9876294474820614,-0.053190338407088505,-0.631432763321089,-36.17843238458141,2
4.2199999999999545,,,,,17.016468,0.20706052,-0.81204706,0.5660794,-21.774809,8.076651,1.6060342,0.5697032,-0.041549098,0.4467584,-0.68856335,-6.8516254,-7.12491,0.1540563,0.20706052,-0.81204706,0.5660794,1,0.11963448524475098,0.050447028477986655,0.5598172426223755,0.5252235142389934,-0.14750885521356813,-0.9876294474820614,-0.053190338407088505,-0.631432763321089,-36.17843238458141,2
4.229999999999954,,,,,17.016468,0.20706052,-0.81204706,0.5660794,-21.842844,8.004921,1.6075934,0.57350177,-0.042489972,0.44384432,-0.6872359,-6.7551885,-7.221127,0.15792742,0.20706052,-0.81204706,0.5660794,1,0.11963448524475098,0.050447028477986655,0.5598172426223755,0.5252235142389934,-0.14750885521356813,-0.9876294474820614,-0.053190338407088505,-0.631432763321089,-36.17843238458141,2
4.239999999999954,,,,,17.016468,0.20706052,-0.81204706,0.5660794,-21.909912,7.9322333,1.6091957,0.5772857,-0.04342976,0.44091886,-0.68589085,-6.658547,-7.3162217,0.1626538,0.20706052,-0.81204706,0.5660794,1,0.11963448524475098,0.050447028477986655,0.5598172426223755,0.5252235142389934,-0.14750885521356813,-0.9876294474820614,-0.053190338407088505,-0.631432763321089,-36.17843238458141,2
4.249999999999954,,,,,16.733799,0.34832358,-0.5486542,0.57509935,-21.976013,7.8586006,1.6108495,0.58105487,-0.044368435,0.43798214,-0.6845283,-6.561713,-7.410189,0.16823246,0.20706052,-0.81204706,0.5660794,1,0.11963448524475098,0.050447028477986655,0.5598172426223755,0.5252235142389934,-0.14750885521356813,-0.9876294474820614,-0.053190338407088505,-0.631432763321089,-36.17843238458141,2
4.259999999999954,,,,,16.733799,0.34832358,-0.5486542,0.57509935,-22.041153,7.784041,1.6125547,0.5842965,-0.043974478,0.43531942,-0.6834921,-6.466432,-7.5016255,0.17290767,0.34832358,-0.5486542,0.57509935,1,0.11963448524475098,0.050447028477986655,0.5598172426223755,0.5252235142389934,-0.14750885521356813,-0.9876294474820614,-0.053190338407088505,-0.631432763321089,-36.17843238458141,2
4.269999999999953,,,,,16.733799,0.34832358,-0.5486542,0.57509935,-22.105343,7.7085705,1.6143105,0.5875272,-0.043579686,0.4326485,-0.6824431,-6.371306,-7.5923295,0.17837185,0.34832358,-0.5486542,0.57509935,1,0.1915467643737793,0.0513077704111735,0.5957733821868897,0.5256538852055868,-0.15731410528727915,-0.9875315006061589,0.005814429310897734,-0.5402040302346716,-30.9514110084042,2
4.279999999999953,,,,,16.733799,0.34832358,-0.5486542,0.57509935,-22.16858,7.6321964,1.6161249,0.59074676,-0.04318408,0.42996946,-0.68138117,-6.276343,-7.682301,0.18462253,0.34832358,-0.5486542,0.57509935,1,0.1915467643737793,0.0513077704111735,0.5957733821868897,0.5256538852055868,-0.15731410528727915,-0.9875315006061589,0.005814429310897734,-0.5402040302346716,-30.9514110084042,2
4.289999999999953,,,,,16.51468,0.26375175,-0.5310353,0.58526456,-22.23087,7.554927,1.6180055,0.5939552,-0.042787656,0.4272823,-0.68030643,-6.181553,-7.771539,0.19165716,0.34832358,-0.5486542,0.57509935,1,0.1915467643737793,0.0513077704111735,0.5957733821868897,0.5256538852055868,-0.15731410528727915,-0.9875315006061589,0.005814429310897734,-0.5402040302346716,-30.9514110084042,2
4.299999999999953,,,,,16.51468,0.26375175,-0.5310353,0.58526456,-22.292217,7.476774,1.6199535,0.5971318,-0.04255997,0.4249296,-0.6790123,-6.0881453,-7.858889,0.19804837,0.26375175,-0.5310353,0.58526456,1,0.1915467643737793,0.0513077704111735,0.5957733821868897,0.5256538852055868,-0.15731410528727915,-0.9875315006061589,0.005814429310897734,-0.5402040302346716,-30.9514110084042,2
4.3099999999999525,,,,,16.51468,0.26375175,-0.5310353,0.58526456,-22.352633,7.3977513,1.6219686,0.600298,-0.042331543,0.42256948,-0.67770636,-5.9948263,-7.945529,0.20510764,0.26375175,-0.5310353,0.58526456,1,0.1915467643737793,0.0513077704111735,0.5957733821868897,0.5256538852055868,-0.15731410528727915,-0.9875315006061589,0.005814429310897734,-0.5402040302346716,-30.9514110084042,2
4.319999999999952,,,,,16.51468,0.26375175,-0.5310353,0.58526456,-22.412115,7.317866,1.6240579,0.6034538,-0.04210238,0.42020208,-0.6763887,-5.9016037,-8.031458,0.21283337,0.26375175,-0.5310353,0.58526456,1,0.1915467643737793,0.0513077704111735,0.5957733821868897,0.5256538852055868,-0.15731410528727915,-0.9875315006061589,0.005814429310897734,-0.5402040302346716,-30.9514110084042,2
4.329999999999952,,,,,16.218878,0.27875137,-0.48707765,0.5900049,-22.470667,7.2371244,1.6262277,0.60659915,-0.04187249,0.41782737,-0.67505926,-5.808485,-8.116675,0.22122385,0.26375175,-0.5310353,0.58526456,1,0.1915467643737793,0.0513077704111735,0.5957733821868897,0.5256538852055868,-0.15731410528727915,-0.9875315006061589,0.005814429310897734,-0.5402040302346716,-30.9514110084042,2
4.339999999999952,,,,,16.218878,0.27875137,-0.48707765,0.5900049,-22.528294,7.1555424,1.6284751,0.6096615,-0.041438125,0.41552925,-0.67374456,-5.717158,-8.199692,0.22835162,0.27875137,-0.48707765,0.5900049,1,0.12433422088623047,0.1071117909749349,0.5621671104431152,0.5535558954874674,-0.10027716555897412,-0.9923150318710346,-0.07249391416005858,-0.5081597523952344,-29.115409130659856,2
4.349999999999952,,,,,16.218878,0.27875137,-0.48707765,0.5900049,-22.58501,7.0731335,1.6307969,0.61271375,-0.04100307,0.41322428,-0.67241865,-5.6259856,-8.282071,0.23611178,0.27875137,-0.48707765,0.5900049,1,0.12433422088623047,0.1071117909749349,0.5621671104431152,0.5535558954874674,-0.10027716555897412,-0.9923150318710346,-0.07249391416005858,-0.5081597523952344,-29.115409130659856,2
4.3599999999999515,,,,,16.218878,0.27875137,-0.48707765,0.5900049,-22.640816,6.9899035,1.6331995,0.6157558,-0.040567335,0.41091242,-0.67108166,-5.5349755,-8.363814,0.24450256,0.27875137,-0.48707765,0.5900049,1,0.12433422088623047,0.1071117909749349,0.5621671104431152,0.5535558954874674,-0.10027716555897412,-0.9923150318710346,-0.07249391416005858,-0.5081597523952344,-29.115409130659856,2
4.369999999999951,,,,,15.975298,0.06913309,-0.028672725,0.6616818,-22.695711,6.905859,1.635689,0.61878765,-0.04013093,0.40859377,-0.6697335,-5.444134,-8.4449215,0.25352225,0.27875137,-0.48707765,0.5900049,1,0.12433422088623047,0.1071117909749349,0.5621671104431152,0.5535558954874674,-0.10027716555897412,-0.9923150318710346,-0.07249391416005858,-0.5081597523952344,-29.115409130659856,2
4.379999999999951,,,,,15.975298,0.06913309,-0.028672725,0.6616818,-22.749706,6.8210125,1.6382632,0.6210724,-0.038661033,0.40840405,-0.66781807,-5.354794,-8.524408,0.26135197,0.06913309,-0.028672725,0.6616818,1,0.12433422088623047,0.1071117909749349,0.5621671104431152,0.5535558954874674,-0.10027716555897412,-0.9923150318710346,-0.07249391416005858,-0.5081597523952344,-29.115409130659856,2
4.389999999999951,,,,,15.975298,0.06913309,-0.028672725,0.6616818,-22.802809,6.7353706,1.6409163,0.6233503,-0.037190713,0.4082098,-0.6658952,-5.265532,-8.6038685,0.26926813,0.06913309,-0.028672725,0.6616818,1,0.12433422088623047,0.1071117909749349,0.5621671104431152,0.5535558954874674,-0.10027716555897412,-0.9923150318710346,-0.07249391416005858,-0.5081597523952344,-29.115409130659856,2
4.399999999999951,,,,,15.975298,0.06913309,-0.028672725,0.6616818,-22.855019,6.6489353,1.6436491,0.6256213,-0.03571998,0.40801102,-0.66396505,-5.176348,-8.683301,0.27727053,0.06913309,-0.028672725,0.6616818,1,0.12433422088623047,0.1071117909749349,0.5621671104431152,0.5535558954874674,-0.10027716555897412,-0.9923150318710346,-0.07249391416005858,-0.5081597523952344,-29.115409130659856,2
4.40999999999995,,,,,15.540903,-0.053673103,-0.025827605,0.65427387,-22.906338,6.5617046,1.6464622,0.62788534,-0.034248848,0.4078077,-0.6620275,-5.087243,-8.762707,0.28535897,0.06913309,-0.028672725,0.6616818,1,0.12409953117370605,0.0344741694132487,0.562049765586853,0.5172370847066243,-0.022189945171266448,-0.9993879805483471,-0.027042016729398516,-0.5037998224847731,-28.865603547817575,2
4.41999999999995,,,,,15.540903,-0.053673103,-0.025827605,0.65427387,-22.956778,6.4736915,1.6493421,0.63009113,-0.033168573,0.40801412,-0.65985596,-5.000581,-8.839922,0.290601,-0.053673103,-0.025827605,0.65427387,1,0.12409953117370605,0.0344741694132487,0.562049765586853,0.5172370847066243,-0.022189945171266448,-0.9993879805483471,-0.027042016729398516,-0.5037998224847731,-28.865603547817575,2
4.42999999999995,,,,,15.540903,-0.053673103,-0.025827605,0.65427387,-23.00635,6.3849063,1.6522741,0.6322902,-0.03208794,0.40821615,-0.65767735,-4.9138427,-8.917091,0.29581344,-0.053673103,-0.025827605,0.65427387,1,0.12409953117370605,0.0344741694132487,0.562049765586853,0.5172370847066243,-0.022189945171266448,-0.9993879805483471,-0.027042016729398516,-0.5037998224847731,-28.865603547817575,2
4.43999999999995,,,,,15.540903,-0.053673103,-0.025827605,0.65427387,-23.055054,6.2953496,1.6552582,0.6344823,-0.031006958,0.40841377,-0.65549165,-4.8270297,-8.994215,0.30099672,-0.053673103,-0.025827605,0.65427387,1,0.12409953117370605,0.0344741694132487,0.562049765586853,0.5172370847066243,-0.022189945171266448,-0.9993879805483471,-0.027042016729398516,-0.5037998224847731,-28.865603547817575,2
4.4499999999999496,,,,,15.334688,-0.2934738,-0.08930757,0.6585989,-23.10289,6.2050223,1.658294,0.63666767,-0.029925644,0.40860698,-0.6532989,-4.740142,-9.071293,0.30615115,-0.053673103,-0.025827605,0.65427387,1,0.12409953117370605,0.0344741694132487,0.562049765586853,0.5172370847066243,-0.022189945171266448,-0.9993879805483471,-0.027042016729398516,-0.5037998224847731,-28.865603547817575,2
4.459999999999949,,,,,15.334688,-0.2934738,-0.08930757,0.6585989,-23.149862,6.1139293,1.661374,0.63895327,-0.029805856,0.40937716,-0.6505851,-4.654215,-9.147251,0.30984616,-0.2934738,-0.08930757,0.6585989,1,0.12409953117370605,0.0344741694132487,0.562049765586853,0.5172370847066243,-0.022189945171266448,-0.9993879805483471,-0.027042016729398516,-0.5037998224847731,-28.865603547817575,2
4.469999999999949,,,,,15.334688,-0.2934738,-0.08930757,0.6585989,-23.195972,6.0220776,1.66449,0.6412305,-0.029685674,0.41014192,-0.64786273,-4.567899,-9.223023,0.31335053,-0.2934738,-0.08930757,0.6585989,1,0.11677266120910644,0.06616084416707357,0.5583863306045532,0.5330804220835368,-0.0024092682753943384,-0.9969385584686654,-0.0781518142130844,-0.45744096470262274,-26.209436653853146,2
4.479999999999949,,,,,15.334688,-0.2934738,-0.08930757,0.6585989,-23.241219,5.929469,1.6676401,0.64349926,-0.0295651,0.41090128,-0.64513177,-4.481197,-9.298608,0.31666523,-0.2934738,-0.08930757,0.6585989,1,0.11677266120910644,0.06616084416707357,0.5583863306045532,0.5330804220835368,-0.0024092682753943384,-0.9969385584686654,-0.0781518142130844,-0.45744096470262274,-26.209436653853146,2
4.489999999999949,,,,,15.331928,-0.19514515,-0.05406586,0.6408075,-23.285595,5.836106,1.6708224,0.6457596,-0.029444136,0.41165522,-0.64239234,-4.3941083,-9.3740015,0.31979132,-0.2934738,-0.08930757,0.6585989,1,0.11677266120910644,0.06616084416707357,0.5583863306045532,0.5330804220835368,-0.0024092682753943384,-0.9969385584686654,-0.0781518142130844,-0.45744096470262274,-26.209436653853146,2
4.4999999999999485,,,,,15.331928,-0.19514515,-0.05406586,0.6408075,-23.3291,5.7419896,1.6740351,0.6478967,-0.028928753,0.41219947,-0.63991004,-4.306699,-9.449213,0.3227336,-0.19514515,-0.05406586,0.6408075,1,0.11677266120910644,0.06616084416707357,0.5583863306045532,0.5330804220835368,-0.0024092682753943384,-0.9969385584686654,-0.0781518142130844,-0.45744096470262274,-26.209436653853146,2
4.509999999999948,,,,,15.331928,-0.19514515,-0.05406586,0.6408075,-23.371729,5.647122,1.6772766,0.65002656,-0.028413042,0.41273907,-0.63742054,-4.219035,-9.524302,0.32554793,-0.19514515,-0.05406586,0.6408075,1,0.11677266120910644,0.06616084416707357,0.5583863306045532,0.5330804220835368,-0.0024092682753943384,-0.9969385584686654,-0.0781518142130844,-0.45744096470262274,-26.209436653853146,2
4.519999999999948,,,,,15.331928,-0.19514515,-0.05406586,0.6408075,-23.41348,5.551504,1.6805457,0.6521491,-0.027897013,0.413274,-0.6349238,-4.1311183,-9.599263,0.32823518,-0.19514515,-0.05406586,0.6408075,1,0.11677266120910644,0.06616084416707357,0.5583863306045532,0.5330804220835368,-0.0024092682753943384,-0.9969385584686654,-0.0781518142130844,-0.45744096470262274,-26.209436653853146,2
4.529999999999948,,,,,15.179344,-0.018559948,-0.13285416,0.58717847,-23.454351,5.4551373,1.6838409,0.6542642,-0.02738067,0.41380423,-0.63241994,-4.0429482,-9.674098,0.33079615,-0.19514515,-0.05406586,0.6408075,1,0.11677266120910644,0.06616084416707357,0.5583863306045532,0.5330804220835368,-0.0024092682753943384,-0.9969385584686654,-0.0781518142130844,-0.45744096470262274,-26.209436653853146,2
4.539999999999948,,,,,15.179344,-0.018559948,-0.13285416,0.58717847,-23.494345,5.358026,1.6871563,0.6563903,-0.026646476,0.4135068,-0.63043964,-3.9554796,-9.748041,0.3323101,-0.018559948,-0.13285416,0.58717847,1,0.13427254676818848,0.017146628697713218,0.5671362733840942,0.5085733143488567,0.05130588021976909,-0.9973460471896752,-0.05165819208997699,-0.43686920310474586,-25.030761537145498,2
4.549999999999947,,,,,15.179344,-0.018559948,-0.13285416,0.58717847,-23.533463,5.2601767,1.6904873,0.65851045,-0.025912043,0.41320565,-0.6284536,-3.8679607,-9.821808,0.33391103,-0.018559948,-0.13285416,0.58717847,1,0.13427254676818848,0.017146628697713218,0.5671362733840942,0.5085733143488567,0.05130588021976909,-0.9973460471896752,-0.05165819208997699,-0.43686920310474586,-25.030761537145498,2
4.559999999999947,,,,,15.179344,-0.018559948,-0.13285416,0.58717847,-23.571703,5.1615906,1.6938349,0.6606246,-0.025177373,0.41290072,-0.62646186,-3.7803924,-9.895396,0.33559942,-0.018559948,-0.13285416,0.58717847,1,0.13427254676818848,0.017146628697713218,0.5671362733840942,0.5085733143488567,0.05130588021976909,-0.9973460471896752,-0.05165819208997699,-0.43686920310474586,-25.030761537145498,2
4.569999999999947,,,,,14.774384,0.081400506,-0.5074793,0.533422,-23.60907,5.062269,1.6971998,0.6627328,-0.024442473,0.41259208,-0.6244644,-3.692776,-9.968808,0.3373759,-0.018559948,-0.13285416,0.58717847,1,0.13427254676818848,0.017146628697713218,0.5671362733840942,0.5085733143488567,0.05130588021976909,-0.9973460471896752,-0.05165819208997699,-0.43686920310474586,-25.030761537145498,2
4.579999999999947,,,,,14.774384,0.081400506,-0.5074793,0.533422,-23.645569,4.962225,1.70057,0.66545063,-0.024656657,0.41071868,-0.62279844,-3.6074712,-10.039926,0.33671147,0.081400506,-0.5074793,0.533422,1,0.13427254676818848,0.017146628697713218,0.5671362733840942,0.5085733143488567,0.05130588021976909,-0.9973460471896752,-0.05165819208997699,-0.43686920310474586,-25.030761537145498,2
4.589999999999947,,,,,14.774384,0.081400506,-0.5074793,0.533422,-23.681217,4.8614726,1.7039357,0.6681593,-0.024870504,0.40883964,-0.6211239,-3.5221784,-10.110433,0.3364994,0.081400506,-0.5074793,0.533422,1,0.13427254676818848,0.017146628697713218,0.5671362733840942,0.5085733143488567,0.05130588021976909,-0.9973460471896752,-0.05165819208997699,-0.43686920310474586,-25.030761537145498,2
4.599999999999946,,,,,14.774384,0.081400506,-0.5074793,0.533422,-23.716015,4.760018,1.7073016,0.6708588,-0.025084008,0.406955,-0.61944085,-3.4369025,-10.180329,0.33673897,0.081400506,-0.5074793,0.533422,1,0.13427254676818848,0.017146628697713218,0.5671362733840942,0.5085733143488567,0.05130588021976909,-0.9973460471896752,-0.05165819208997699,-0.43686920310474586,-25.030761537145498,2
4.609999999999946,,,,,14.39068,-0.0112836715,-0.7091178,0.5366763,-23.749958,4.6578674,1.710672,0.6735492,-0.025297167,0.40506476,-0.6177494,-3.3516495,-10.249616,0.33742943,0.081400506,-0.5074793,0.533422,1,0.08443922996520996,-0.02102098782857259,0.542219614982605,0.48948950608571373,0.15167074621061813,-0.9872997046112683,-0.04727872691197488,-0.468472133227144,-26.84147605340577,2
4.619999999999946,,,,,14.39068,-0.0112836715,-0.7091178,0.5366763,-23.783058,4.555037,1.7140388,0.676635,-0.026438257,0.40277538,-0.6158233,-3.2685883,-10.316403,0.3360217,-0.0112836715,-0.7091178,0.5366763,1,0.08443922996520996,-0.02102098782857259,0.542219614982605,0.48948950608571373,0.15167074621061813,-0.9872997046112683,-0.04727872691197488,-0.468472133227144,-26.84147605340577,2
4.629999999999946,,,,,14.39068,-0.0112836715,-0.7091178,0.5366763,-23.815329,4.451543,1.7173942,0.6797074,-0.027578821,0.400478,-0.6138851,-3.1854281,-10.382315,0.33512858,-0.0112836715,-0.7091178,0.5366763,1,0.08443922996520996,-0.02102098782857259,0.542219614982605,0.48948950608571373,0.15167074621061813,-0.9872997046112683,-0.04727872691197488,-0.468472133227144,-26.84147605340577,2
4.6399999999999455,,,,,14.39068,-0.0112836715,-0.7091178,0.5366763,-23.846767,4.3473935,1.7207433,0.6827663,-0.028718842,0.39817274,-0.6119348,-3.1021779,-10.447349,0.33474806,-0.0112836715,-0.7091178,0.5366763,1,0.08443922996520996,-0.02102098782857259,0.542219614982605,0.48948950608571373,0.15167074621061813,-0.9872997046112683,-0.04727872691197488,-0.468472133227144,-26.84147605340577,2
4.649999999999945,,,,,13.923349,-0.030853633,-0.7714847,0.5779549,-23.877373,4.2425985,1.724091,0.68581176,-0.029858297,0.3958596,-0.60997236,-3.018846,-10.511502,0.33487824,-0.0112836715,-0.7091178,0.5366763,1,0.08443922996520996,-0.02102098782857259,0.542219614982605,0.48948950608571373,0.15167074621061813,-0.9872997046112683,-0.04727872691197488,-0.468472133227144,-26.84147605340577,2
4.659999999999945,,,,,13.923349,-0.030853633,-0.7714847,0.5779549,-23.907158,4.137177,1.7274266,0.6890888,-0.031172719,0.3933899,-0.60780716,-2.9381397,-10.572689,0.3323217,-0.030853633,-0.7714847,0.5779549,1,0.08443922996520996,-0.02102098782857259,0.542219614982605,0.48948950608571373,0.15167074621061813,-0.9872997046112683,-0.04727872691197488,-0.468472133227144,-26.84147605340577,2
4.669999999999945,,,,,13.923349,-0.030853633,-0.7714847,0.5779549,-23.936134,4.0311484,1.7307391,0.69234985,-0.032486416,0.3909111,-0.6056279,-2.8573449,-10.632938,0.33028474,-0.030853633,-0.7714847,0.5779549,1,0.03826676368713379,-0.0035112500190734863,0.5191333818435669,0.49824437499046326,0.22692764489005607,-0.9716937998919118,-0.06568868423305264,-0.49195005057173025,-28.186661629007556,2
4.679999999999945,,,,,13.923349,-0.030853633,-0.7714847,0.5779549,-23.964302,3.924522,1.7340338,0.69559485,-0.03379936,0.38842314,-0.6034345,-2.776472,-10.692248,0.32876498,-0.030853633,-0.7714847,0.5779549,1,0.03826676368713379,-0.0035112500190734863,0.5191333818435669,0.49824437499046326,0.22692764489005607,-0.9716937998919118,-0.06568868423305264,-0.49195005057173025,-28.186661629007556,2
4.689999999999944,,,,,13.97402,-0.17335583,-0.67502594,0.664153,-23.991661,3.817307,1.7373161,0.69882363,-0.035111517,0.38592622,-0.60122705,-2.6955307,-10.750617,0.32775998,-0.030853633,-0.7714847,0.5779549,1,0.03826676368713379,-0.0035112500190734863,0.5191333818435669,0.49824437499046326,0.22692764489005607,-0.9716937998919118,-0.06568868423305264,-0.49195005057173025,-28.186661629007556,2
4.699999999999944,,,,,13.97402,-0.17335583,-0.67502594,0.664153,-24.01821,3.709512,1.7405925,0.7020841,-0.036464483,0.38420087,-0.5984464,-2.6141763,-10.808276,0.32755923,-0.17335583,-0.67502594,0.664153,1,0.03826676368713379,-0.0035112500190734863,0.5191333818435669,0.49824437499046326,0.22692764489005607,-0.9716937998919118,-0.06568868423305264,-0.49195005057173025,-28.186661629007556,2
4.709999999999944,,,,,13.97402,-0.17335583,-0.67502594,0.664153,-24.043943,3.6011448,1.7438686,0.7053284,-0.0378166,0.3824666,-0.5956519,-2.532613,-10.865047,0.32770252,-0.17335583,-0.67502594,0.664153,1,0.03826676368713379,-0.0035112500190734863,0.5191333818435669,0.49824437499046326,0.22692764489005607,-0.9716937998919118,-0.06568868423305264,-0.49195005057173025,-28.186661629007556,2
4.719999999999944,,,,,13.97402,-0.17335583,-0.67502594,0.664153,-24.068861,3.4922142,1.7471477,0.70855635,-0.039167844,0.38072348,-0.59284365,-2.4508505,-10.92093,0.32818902,-0.17335583,-0.67502594,0.664153,1,0.03826676368713379,-0.0035112500190734863,0.5191333818435669,0.49824437499046326,0.22692764489005607,-0.9716937998919118,-0.06568868423305264,-0.49195005057173025,-28.186661629007556,2
4.729999999999944,,,,,14.290516,-0.2542812,-0.60274833,0.73143184,-24.092958,3.3827293,1.7504333,0.71176785,-0.04051818,0.37897152,-0.5900216,-2.3688972,-10.975921,0.32901794,-0.17335583,-0.67502594,0.664153,1,0.03826676368713379,-0.0035112500190734863,0.5191333818435669,0.49824437499046326,0.22692764489005607,-0.9716937998919118,-0.06568868423305264,-0.49195005057173025,-28.186661629007556,2
4.739999999999943,,,,,14.290516,-0.2542812,-0.60274833,0.73143184,-24.116228,3.2726927,1.7537403,0.7150077,-0.04181485,0.37772024,-0.58680755,-2.284866,-11.031263,0.33239597,-0.2542812,-0.60274833,0.73143184,1,-0.042162203788757326,-0.022208468119303385,0.4789188981056213,0.4888957659403483,0.36178169354094486,-0.9295014990719308,-0.07170055398446525,-0.5754182563354269,-32.969037542796904,2
4.749999999999943,,,,,14.290516,-0.2542812,-0.60274833,0.73143184,-24.138655,3.1621072,1.7570822,0.71823037,-0.04311051,0.37645987,-0.58357936,-2.2005627,-11.085745,0.33601418,-0.2542812,-0.60274833,0.73143184,1,-0.042162203788757326,-0.022208468119303385,0.4789188981056213,0.4888957659403483,0.36178169354094486,-0.9295014990719308,-0.07170055398446525,-0.5754182563354269,-32.969037542796904,2
4.759999999999943,,,,,14.290516,-0.2542812,-0.60274833,0.73143184,-24.160236,3.050981,1.7604616,0.72143567,-0.044405133,0.3751904,-0.5803371,-2.115996,-11.139361,0.33987263,-0.2542812,-0.60274833,0.73143184,1,-0.042162203788757326,-0.022208468119303385,0.4789188981056213,0.4888957659403483,0.36178169354094486,-0.9295014990719308,-0.07170055398446525,-0.5754182563354269,-32.969037542796904,2
4.769999999999943,,,,,14.868027,-0.6891552,-0.61181706,0.78843844,-24.180973,2.9393232,1.7638806,0.7246236,-0.045698687,0.37391195,-0.5770809,-2.0311744,-11.192112,0.34397146,-0.2542812,-0.60274833,0.73143184,1,-0.042162203788757326,-0.022208468119303385,0.4789188981056213,0.4888957659403483,0.36178169354094486,-0.9295014990719308,-0.07170055398446525,-0.5754182563354269,-32.969037542796904,2
4.7799999999999425,,,,,14.868027,-0.6891552,-0.61181706,0.78843844,-24.200844,2.8271317,1.7673622,0.7278716,-0.048486028,0.37385705,-0.57278556,-1.9424758,-11.246004,0.35233214,-0.6891552,-0.61181706,0.78843844,1,-0.042162203788757326,-0.022208468119303385,0.4789188981056213,0.4888957659403483,0.36178169354094486,-0.9295014990719308,-0.07170055398446525,-0.5754182563354269,-32.969037542796904,2
4.789999999999942,,,,,14.868027,-0.6891552,-0.61181706,0.78843844,-24.21982,2.714407,1.7709271,0.7310929,-0.051271584,0.3737884,-0.568469,-1.8530166,-11.2987585,0.3606264,-0.6891552,-0.61181706,0.78843844,1,-0.042162203788757326,-0.022208468119303385,0.4789188981056213,0.4888957659403483,0.36178169354094486,-0.9295014990719308,-0.07170055398446525,-0.5754182563354269,-32.969037542796904,2
4.799999999999942,,,,,14.868027,-0.6891552,-0.61181706,0.78843844,-24.2379,2.6011605,1.7745746,0.7342872,-0.05405526,0.37370595,-0.5641317,-1.762811,-11.350366,0.36885273,-0.6891552,-0.61181706,0.78843844,1,-0.042162203788757326,-0.022208468119303385,0.4789188981056213,0.4888957659403483,0.36178169354094486,-0.9295014990719308,-0.07170055398446525,-0.5754182563354269,-32.969037542796904,2
4.809999999999942,,,,,15.010422,-0.96730053,-0.6909278,0.78529656,-24.255074,2.4874036,1.778304,0.73745453,-0.056836944,0.3736098,-0.55977356,-1.6718726,-11.400819,0.37700963,-0.6891552,-0.61181706,0.78843844,1,0.012982842922210693,-0.019496798515319824,0.5064914214611054,0.4902516007423401,0.388049568515719,-0.9207001042759861,-0.041579446376219596,-0.5444858814590576,-31.196743012064445,2
4.819999999999942,,,,,15.010422,-0.96730053,-0.6909278,0.78529656,-24.27133,2.373146,1.7821195,0.7406495,-0.060869012,0.3739832,-0.55486053,-1.5792203,-11.450481,0.38605523,-0.96730053,-0.6909278,0.78529656,1,0.012982842922210693,-0.019496798515319824,0.5064914214611054,0.4902516007423401,0.388049568515719,-0.9207001042759861,-0.041579446376219596,-0.5444858814590576,-31.196743012064445,2
4.8299999999999415,,,,,15.010422,-0.96730053,-0.6909278,0.78529656,-24.286655,2.258399,1.7860243,0.7438069,-0.06489799,0.3743376,-0.5499193,-1.4855464,-11.498699,0.3948725,-0.96730053,-0.6909278,0.78529656,1,0.012982842922210693,-0.019496798515319824,0.5064914214611054,0.4902516007423401,0.388049568515719,-0.9207001042759861,-0.041579446376219596,-0.5444858814590576,-31.196743012064445,2
4.839999999999941,,,,,15.010422,-0.96730053,-0.6909278,0.78529656,-24.30104,2.143177,1.7900162,0.74692655,-0.06892368,0.37467307,-0.5449501,-1.3908718,-11.545459,0.40345597,-0.96730053,-0.6909278,0.78529656,1,0.012982842922210693,-0.019496798515319824,0.5064914214611054,0.4902516007423401,0.388049568515719,-0.9207001042759861,-0.041579446376219596,-0.5444858814590576,-31.196743012064445,2
4.849999999999941,,,,,15.173067,-1.2714368,-0.60634625,0.7943716,-24.31447,2.027495,1.7940925,0.75000834,-0.07294587,0.37498945,-0.5399533,-1.2952175,-11.590745,0.4118003,-0.96730053,-0.6909278,0.78529656,1,0.012982842922210693,-0.019496798515319824,0.5064914214611054,0.4902516007423401,0.388049568515719,-0.9207001042759861,-0.041579446376219596,-0.5444858814590576,-31.196743012064445,2
4.859999999999941,,,,,15.173067,-1.2714368,-0.60634625,0.7943716,-24.326937,1.911365,1.7982566,0.75280154,-0.07785897,0.37642568,-0.53435177,-1.1974213,-11.634992,0.42093804,-1.2714368,-0.60634625,0.7943716,1,0.012982842922210693,-0.019496798515319824,0.5064914214611054,0.4902516007423401,0.388049568515719,-0.9207001042759861,-0.041579446376219596,-0.5444858814590576,-31.196743012064445,2
4.869999999999941,,,,,15.173067,-1.2714368,-0.60634625,0.7943716,-24.338415,1.7948005,1.8025093,0.75554556,-0.08276697,0.3778373,-0.5287153,-1.0983167,-11.677643,0.42951965,-1.2714368,-0.60634625,0.7943716,1,0.005754362344741821,-0.04766659736633301,0.5028771811723709,0.4761667013168335,0.48249727179273605,-0.875547068658989,-0.024773237075894815,-0.5974498065601423,-34.2313523868036,2
4.87999999999994,,,,,15.173067,-1.2714368,-0.60634625,0.7943716,-24.348898,1.6778176,1.806845,0.75824016,-0.08766956,0.37922418,-0.5230443,-0.9979309,-11.71868,0.43753523,-1.2714368,-0.60634625,0.7943716,1,0.005754362344741821,-0.04766659736633301,0.5028771811723709,0.4761667013168335,0.48249727179273605,-0.875547068658989,-0.024773237075894815,-0.5974498065601423,-34.2313523868036,2
4.88999999999994,,,,,15.141125,-1.2349705,-0.48472422,0.7874141,-24.35837,1.5604326,1.8112581,0.7608852,-0.092566416,0.38058627,-0.51733905,-0.8962918,-11.758085,0.444975,-1.2714368,-0.60634625,0.7943716,1,0.005754362344741821,-0.04766659736633301,0.5028771811723709,0.4761667013168335,0.48249727179273605,-0.875547068658989,-0.024773237075894815,-0.5974498065601423,-34.2313523868036,2
4.89999999999994,,,,,15.141125,-1.2349705,-0.48472422,0.7874141,-24.366821,1.4426619,1.8157414,0.7632502,-0.09701741,0.38228977,-0.5117536,-0.79364634,-11.795829,0.45158616,-1.2349705,-0.48472422,0.7874141,1,0.005754362344741821,-0.04766659736633301,0.5028771811723709,0.4761667013168335,0.48249727179273605,-0.875547068658989,-0.024773237075894815,-0.5974498065601423,-34.2313523868036,2
4.90999999999994,,,,,15.141125,-1.2349705,-0.48472422,0.7874141,-24.374237,1.3245212,1.8202876,0.7655697,-0.101462625,0.3839705,-0.5061377,-0.6898107,-11.83209,0.4575452,-1.2349705,-0.48472422,0.7874141,1,0.005754362344741821,-0.04766659736633301,0.5028771811723709,0.4761667013168335,0.48249727179273605,-0.875547068658989,-0.024773237075894815,-0.5974498065601423,-34.2313523868036,2
4.9199999999999395,,,,,15.141125,-1.2349705,-0.48472422,0.7874141,-24.380611,1.2060252,1.82489,0.7678437,-0.10590181,0.38562837,-0.50049174,-0.58481,-11.866855,0.46284404,-1.2349705,-0.48472422,0.7874141,1,0.005754362344741821,-0.04766659736633301,0.5028771811723709,0.4761667013168335,0.48249727179273605,-0.875547068658989,-0.024773237075894815,-0.5974498065601423,-34.2313523868036,2
4.929999999999939,,,,,15.26461,-1.3589488,-0.47388566,0.7715639,-24.385931,1.0871892,1.8295422,0.770072,-0.110334694,0.38726333,-0.49481598,-0.4786697,-11.900106,0.46747482,-1.2349705,-0.48472422,0.7874141,1,0.005754362344741821,-0.04766659736633301,0.5028771811723709,0.4761667013168335,0.48249727179273605,-0.875547068658989,-0.024773237075894815,-0.5974498065601423,-34.2313523868036,2
4.939999999999939,,,,,15.26461,-1.3589488,-0.47388566,0.7715639,-24.390177,0.96802706,1.8342414,0.7721231,-0.11524184,0.38921356,-0.48893595,-0.37049165,-11.932059,0.47221953,-1.3589488,-0.47388566,0.7715639,1,0.0020768432319164276,-0.07891663233439128,0.5010384216159582,0.46054168383280436,0.5833920139536888,-0.8119094501861018,-0.021372944428887694,-0.6541030748198229,-37.47734555370576,2
4.949999999999939,,,,,15.26461,-1.3589488,-0.47388566,0.7715639,-24.393335,0.8485536,1.8389839,0.7741227,-0.120141305,0.39113784,-0.48302332,-0.26108813,-11.962375,0.4761601,-1.3589488,-0.47388566,0.7715639,1,0.0020768432319164276,-0.07891663233439128,0.5010384216159582,0.46054168383280436,0.5833920139536888,-0.8119094501861018,-0.021372944428887694,-0.6541030748198229,-37.47734555370576,2
4.959999999999939,,,,,15.26461,-1.3589488,-0.47388566,0.7715639,-24.395393,0.7287853,1.8437618,0.7760708,-0.12503277,0.39303607,-0.47707853,-0.15048903,-11.991036,0.4792864,-1.3589488,-0.47388566,0.7715639,1,0.0020768432319164276,-0.07891663233439128,0.5010384216159582,0.46054168383280436,0.5833920139536888,-0.8119094501861018,-0.021372944428887694,-0.6541030748198229,-37.47734555370576,2
4.9699999999999385,,,,,15.35887,-1.2748504,-0.45918655,0.79941857,-24.39634,0.60873866,1.8485667,0.7779671,-0.1299159,0.39490807,-0.4711019,-0.03872456,-12.018029,0.48158845,-1.3589488,-0.47388566,0.7715639,1,0.0020768432319164276,-0.07891663233439128,0.5010384216159582,0.46054168383280436,0.5833920139536888,-0.8119094501861018,-0.021372944428887694,-0.6541030748198229,-37.47734555370576,2
4.979999999999938,,,,,15.35887,-1.2748504,-0.45918655,0.79941857,-24.39616,0.48842964,1.8533937,0.7799046,-0.13437393,0.39663187,-0.46516228,0.07484373,-12.043525,0.48369524,-1.2748504,-0.45918655,0.79941857,1,0.0020768432319164276,-0.07891663233439128,0.5010384216159582,0.46054168383280436,0.5833920139536888,-0.8119094501861018,-0.021372944428887694,-0.6541030748198229,-37.47734555370576,2
4.989999999999938,,,,,15.35887,-1.2748504,-0.45918655,0.79941857,-24.39484,0.36787373,1.8582379,0.78179383,-0.13882364,0.39833114,-0.45919383,0.18944934,-12.067395,0.48501816,-1.2748504,-0.45918655,0.79941857,1,0.0020768432319164276,-0.07891663233439128,0.5010384216159582,0.46054168383280436,0.5833920139536888,-0.8119094501861018,-0.021372944428887694,-0.6541030748198229,-37.47734555370576,2
4.999999999999938,,,,,15.35887,-1.2748504,-0.45918655,0.79941857,-24.392368,0.24708733,1.8630913,0.7836347,-0.14326476,0.40000576,-0.45319697,0.30506378,-12.089626,0.48555005,-1.2748504,-0.45918655,0.79941857,1,0.0020768432319164276,-0.07891663233439128,0.5010384216159582,0.46054168383280436,0.5833920139536888,-0.8119094501861018,-0.021372944428887694,-0.6541030748198229,-37.47734555370576,2
5.009999999999938,,,,,15.356165,-1.255345,-0.7486346,0.8249867,-24.388735,0.12608689,1.8679461,0.78542703,-0.147697,0.4016556,-0.44717208,0.42165828,-12.110204,0.4852838,-1.2748504,-0.45918655,0.79941857,1,0.025996441841125487,-0.08396596272786458,0.5129982209205628,0.4580170186360677,0.6479333804577986,-0.7609974341276596,-0.03263801065702228,-0.6705172175107832,-38.41780665422329,2
5.019999999999937,,,,,15.356165,-1.255345,-0.7486346,0.8249867,-24.383932,0.0048893914,1.8727944,0.7878203,-0.15263869,0.4021175,-0.44084263,0.5391297,-12.128981,0.48428524,-1.255345,-0.7486346,0.8249867,1,0.025996441841125487,-0.08396596272786458,0.5129982209205628,0.4580170186360677,0.6479333804577986,-0.7609974341276596,-0.03263801065702228,-0.6705172175107832,-38.41780665422329,2
5.029999999999937,,,,,15.356165,-1.255345,-0.7486346,0.8249867,-24.37795,-0.11648576,1.8776299,0.7901581,-0.15756965,0.40255105,-0.43448216,0.6573768,-12.145731,0.48271418,-1.255345,-0.7486346,0.8249867,1,0.025996441841125487,-0.08396596272786458,0.5129982209205628,0.4580170186360677,0.6479333804577986,-0.7609974341276596,-0.03263801065702228,-0.6705172175107832,-38.41780665422329,2
5.039999999999937,,,,,15.356165,-1.255345,-0.7486346,0.8249867,-24.370783,-0.23801823,1.8824466,0.79244024,-0.16248949,0.40295625,-0.42809105,0.77636445,-12.160443,0.4805636,-1.255345,-0.7486346,0.8249867,1,0.025996441841125487,-0.08396596272786458,0.5129982209205628,0.4580170186360677,0.6479333804577986,-0.7609974341276596,-0.03263801065702228,-0.6705172175107832,-38.41780665422329,2
5.049999999999937,,,,,15.248974,-0.8637837,-0.90152884,0.83002853,-24.362421,-0.35968757,1.8872392,0.7946666,-0.16739789,0.40333307,-0.4216698,0.89605707,-12.173106,0.47782663,-1.255345,-0.7486346,0.8249867,1,0.025996441841125487,-0.08396596272786458,0.5129982209205628,0.4580170186360677,0.6479333804577986,-0.7609974341276596,-0.03263801065702228,-0.6705172175107832,-38.41780665422329,2
5.0599999999999365,,,,,15.248974,-0.8637837,-0.90152884,0.83002853,-24.352865,-0.4814731,1.8919985,0.79748935,-0.17105211,0.40225554,-0.41586348,1.0154319,-12.1837,0.4740149,-0.8637837,-0.90152884,0.83002853,1,0.025996441841125487,-0.08396596272786458,0.5129982209205628,0.4580170186360677,0.6479333804577986,-0.7609974341276596,-0.03263801065702228,-0.6705172175107832,-38.41780665422329,2
5.069999999999936,,,,,15.248974,-0.8637837,-0.90152884,0.83002853,-24.342112,-0.6033551,1.8967192,0.8002673,-0.17469671,0.40115544,-0.4100338,1.1350483,-12.192408,0.47008988,-0.8637837,-0.90152884,0.83002853,1,0.07937015056610107,-0.08347206115722657,0.5396850752830505,0.4582639694213867,0.6857545262925229,-0.7277692822349104,-0.009622967556897608,-0.6628563391171584,-37.97887065490563,2
5.079999999999936,,,,,15.248974,-0.8637837,-0.90152884,0.83002853,-24.330162,-0.7253148,1.9014,0.8030002,-0.1783315,0.4000328,-0.4041811,1.254878,-12.199227,0.46604925,-0.8637837,-0.90152884,0.83002853,1,0.07937015056610107,-0.08347206115722657,0.5396850752830505,0.4582639694213867,0.6857545262925229,-0.7277692822349104,-0.009622967556897608,-0.6628563391171584,-37.97887065490563,2
5.089999999999936,,,,,15.509136,-0.7331903,-1.156179,0.80250657,-24.317015,-0.8473332,1.9060398,0.805688,-0.18195626,0.3988876,-0.39830565,1.3748928,-12.204156,0.46189073,-0.8637837,-0.90152884,0.83002853,1,0.07937015056610107,-0.08347206115722657,0.5396850752830505,0.4582639694213867,0.6857545262925229,-0.7277692822349104,-0.009622967556897608,-0.6628563391171584,-37.97887065490563,2
5.099999999999936,,,,,15.509136,-0.7331903,-1.156179,0.80250657,-24.302656,-0.96939147,1.9106458,0.80889976,-0.18560612,0.39640775,-0.39254618,1.4970224,-12.207172,0.45933264,-0.7331903,-1.156179,0.80250657,1,0.07937015056610107,-0.08347206115722657,0.5396850752830505,0.4582639694213867,0.6857545262925229,-0.7277692822349104,-0.009622967556897608,-0.6628563391171584,-37.97887065490563,2
5.1099999999999355,,,,,15.509136,-0.7331903,-1.156179,0.80250657,-24.287077,-1.0914694,1.9152272,0.81206053,-0.1892443,0.39390293,-0.38676196,1.6190339,-12.208078,0.45696846,-0.7331903,-1.156179,0.80250657,1,0.07937015056610107,-0.08347206115722657,0.5396850752830505,0.4582639694213867,0.6857545262925229,-0.7277692822349104,-0.009622967556897608,-0.6628563391171584,-37.97887065490563,2
5.119999999999935,,,,,15.509136,-0.7331903,-1.156179,0.80250657,-24.270277,-1.2135458,1.9197857,0.81517017,-0.19287056,0.3913733,-0.38095337,1.7408941,-12.206875,0.45479354,-0.7331903,-1.156179,0.80250657,1,0.07937015056610107,-0.08347206115722657,0.5396850752830505,0.4582639694213867,0.6857545262925229,-0.7277692822349104,-0.009622967556897608,-0.6628563391171584,-37.97887065490563,2
5.129999999999935,,,,,15.807613,-0.687952,-1.3032486,0.8082634,-24.252258,-1.3355997,1.9243236,0.81822854,-0.19648468,0.38881907,-0.37512082,1.8625697,-12.203564,0.45280325,-0.7331903,-1.156179,0.80250657,1,0.07937015056610107,-0.08347206115722657,0.5396850752830505,0.4582639694213867,0.6857545262925229,-0.7277692822349104,-0.009622967556897608,-0.6628563391171584,-37.97887065490563,2
5.139999999999935,,,,,15.807613,-0.687952,-1.3032486,0.8082634,-24.233013,-1.4576093,1.928852,0.8215734,-0.20016524,0.38555798,-0.36918315,1.9863158,-12.197996,0.45290482,-0.687952,-1.3032486,0.8082634,1,0.042674808502197265,-0.06991736729939779,0.5213374042510986,0.4650413163503011,0.7735197439561825,-0.6331345866346245,-0.02842183873300058,-0.7234468490877725,-41.45045115476715,2
5.149999999999935,,,,,15.807613,-0.687952,-1.3032486,0.8082634,-24.212532,-1.5795518,1.933383,0.8248601,-0.20383169,0.38226965,-0.36321938,2.1096725,-12.190155,0.45334062,-0.687952,-1.3032486,0.8082634,1,0.042674808502197265,-0.06991736729939779,0.5213374042510986,0.4650413163503011,0.7735197439561825,-0.6331345866346245,-0.02842183873300058,-0.7234468490877725,-41.45045115476715,2
5.159999999999934,,,,,15.807613,-0.687952,-1.3032486,0.8082634,-24.19082,-1.7014047,1.9379201,0.82808864,-0.20748372,0.37895435,-0.35722995,2.2326016,-12.180048,0.45410377,-0.687952,-1.3032486,0.8082634,1,0.042674808502197265,-0.06991736729939779,0.5213374042510986,0.4650413163503011,0.7735197439561825,-0.6331345866346245,-0.02842183873300058,-0.7234468490877725,-41.45045115476715,2
5.169999999999934,,,,,16.027115,-0.8204942,-1.2368921,0.8001071,-24.167881,-1.823145,1.9424664,0.8312587,-0.2111211,0.37561232,-0.3512153,2.3550653,-12.167681,0.4551872,-0.687952,-1.3032486,0.8082634,1,0.042674808502197265,-0.06991736729939779,0.5213374042510986,0.4650413163503011,0.7735197439561825,-0.6331345866346245,-0.02842183873300058,-0.7234468490877725,-41.45045115476715,2
5.179999999999934,,,,,16.027115,-0.8204942,-1.2368921,0.8001071,-24.143711,-1.9447495,1.9470317,0.83409107,-0.21519318,0.37274358,-0.34503084,2.4787717,-12.152834,0.45789748,-0.8204942,-1.2368921,0.8001071,1,0.042674808502197265,-0.06991736729939779,0.5213374042510986,0.4650413163503011,0.7735197439561825,-0.6331345866346245,-0.02842183873300058,-0.7234468490877725,-41.45045115476715,2
5.189999999999934,,,,,16.027115,-0.8204942,-1.2368921,0.8001071,-24.118307,-2.0661938,1.9516249,0.83686405,-0.21924996,0.36984834,-0.33882183,2.6020691,-12.135647,0.46073663,-0.8204942,-1.2368921,0.8001071,1,0.042674808502197265,-0.06991736729939779,0.5213374042510986,0.4650413163503011,0.7735197439561825,-0.6331345866346245,-0.02842183873300058,-0.7234468490877725,-41.45045115476715,2
5.199999999999934,,,,,16.027115,-0.8204942,-1.2368921,0.8001071,-24.091671,-2.1874545,1.956247,0.8395776,-0.22329116,0.36692682,-0.33258873,2.7249193,-12.116127,0.46369722,-0.8204942,-1.2368921,0.8001071,1,0.042674808502197265,-0.06991736729939779,0.5213374042510986,0.4650413163503011,0.7735197439561825,-0.6331345866346245,-0.02842183873300058,-0.7234468490877725,-41.45045115476715,2
5.209999999999933,,,,,16.013983,-0.84864855,-1.0012991,0.7394837,-24.063808,-2.3085084,1.9608991,0.84223145,-0.22731651,0.3639792,-0.32633197,2.8472831,-12.094281,0.4667717,-0.8204942,-1.2368921,0.8001071,1,0.00476178228855133,-0.046514034271240234,0.5023808911442756,0.4767429828643799,0.8486224142918941,-0.5268733039302289,-0.047376360846334446,-0.7839680340722041,-44.91805962550561,2
5.219999999999933,,,,,16.013983,-0.84864855,-1.0012991,0.7394837,-24.034725,-2.4293325,1.965582,0.84427184,-0.23117182,0.36197746,-0.32052618,2.9691033,-12.070226,0.4697935,-0.84864855,-1.0012991,0.7394837,1,0.00476178228855133,-0.046514034271240234,0.5023808911442756,0.4767429828643799,0.8486224142918941,-0.5268733039302289,-0.047376360846334446,-0.7839680340722041,-44.91805962550561,2
5.229999999999933,,,,,16.013983,-0.84864855,-1.0012991,0.7394837,-24.004427,-2.5499058,1.9702946,0.8462643,-0.235014,0.35995513,-0.3147022,3.090582,-12.0441,0.47271258,-0.84864855,-1.0012991,0.7394837,1,0.00476178228855133,-0.046514034271240234,0.5023808911442756,0.4767429828643799,0.8486224142918941,-0.5268733039302289,-0.047376360846334446,-0.7839680340722041,-44.91805962550561,2
5.239999999999933,,,,,16.013983,-0.84864855,-1.0012991,0.7394837,-23.972916,-2.6702075,1.9750359,0.8482087,-0.23884286,0.35791242,-0.3088604,3.2116878,-12.015908,0.47552356,-0.84864855,-1.0012991,0.7394837,1,0.00476178228855133,-0.046514034271240234,0.5023808911442756,0.4767429828643799,0.8486224142918941,-0.5268733039302289,-0.047376360846334446,-0.7839680340722041,-44.91805962550561,2
5.2499999999999325,,,,,15.9866295,-0.9292068,-0.732656,0.6922722,-23.940195,-2.7902167,1.9798048,0.8501051,-0.24265817,0.3558494,-0.30300105,3.3323903,-11.985657,0.47822112,-0.84864855,-1.0012991,0.7394837,1,0.00476178228855133,-0.046514034271240234,0.5023808911442756,0.4767429828643799,0.8486224142918941,-0.5268733039302289,-0.047376360846334446,-0.7839680340722041,-44.91805962550561,2
5.259999999999932,,,,,15.9866295,-0.9292068,-0.732656,0.6922722,-23.90627,-2.9099135,1.9845988,0.8513101,-0.2464803,0.35497457,-0.29750925,3.4525619,-11.953485,0.48052397,-0.9292068,-0.732656,0.6922722,1,0.00476178228855133,-0.046514034271240234,0.5023808911442756,0.4767429828643799,0.8486224142918941,-0.5268733039302289,-0.047376360846334446,-0.7839680340722041,-44.91805962550561,2
5.269999999999932,,,,,15.9866295,-0.9292068,-0.732656,0.6922722,-23.871143,-3.02928,1.9894139,0.852475,-0.25029087,0.35408306,-0.2920035,3.57256,-11.919471,0.4824263,-0.9292068,-0.732656,0.6922722,1,0.044949951171875,-0.003474507729212443,0.5224749755859375,0.4982627461353938,0.8620816587835349,-0.5039857324342635,-0.053043332207997534,-0.7505619707875384,-43.004033189147336,2
5.279999999999932,,,,,15.9866295,-0.9292068,-0.732656,0.6922722,-23.834818,-3.148297,1.994246,0.85359985,-0.25408965,0.3531749,-0.286484,3.6923597,-11.88362,0.48392397,-0.9292068,-0.732656,0.6922722,1,0.044949951171875,-0.003474507729212443,0.5224749755859375,0.4982627461353938,0.8620816587835349,-0.5039857324342635,-0.053043332207997534,-0.7505619707875384,-43.004033189147336,2
5.289999999999932,,,,,15.7729,-0.8528086,-0.6211136,0.66222155,-23.797297,-3.2669463,1.999091,0.85468465,-0.25787652,0.35225013,-0.28095102,3.8119357,-11.845935,0.48501286,-0.9292068,-0.732656,0.6922722,1,0.044949951171875,-0.003474507729212443,0.5224749755859375,0.4982627461353938,0.8620816587835349,-0.5039857324342635,-0.053043332207997534,-0.7505619707875384,-43.004033189147336,2
5.299999999999931,,,,,15.7729,-0.8528086,-0.6211136,0.66222155,-23.758589,-3.385212,2.0039384,0.85559267,-0.26122206,0.35164085,-0.27581277,3.9296935,-11.807027,0.48436722,-0.8528086,-0.6211136,0.66222155,1,0.044949951171875,-0.003474507729212443,0.5224749755859375,0.4982627461353938,0.8620816587835349,-0.5039857324342635,-0.053043332207997534,-0.7505619707875384,-43.004033189147336,2
5.309999999999931,,,,,15.7729,-0.8528086,-0.6211136,0.66222155,-23.718702,-3.5030808,2.008777,0.85646755,-0.2645575,0.35101795,-0.27066383,4.047253,-11.766518,0.48330805,-0.8528086,-0.6211136,0.66222155,1,0.044949951171875,-0.003474507729212443,0.5224749755859375,0.4982627461353938,0.8620816587835349,-0.5039857324342635,-0.053043332207997534,-0.7505619707875384,-43.004033189147336,2
5.319999999999931,,,,,15.7729,-0.8528086,-0.6211136,0.66222155,-23.677643,-3.6205366,2.0136032,0.85730916,-0.26788267,0.35038143,-0.2655044,4.1645947,-11.724413,0.4818328,-0.8528086,-0.6211136,0.66222155,1,0.044949951171875,-0.003474507729212443,0.5224749755859375,0.4982627461353938,0.8620816587835349,-0.5039857324342635,-0.053043332207997534,-0.7505619707875384,-43.004033189147336,2
5.329999999999931,,,,,15.769941,-0.7191744,-0.52527034,0.6549237,-23.63541,-3.7375634,2.018412,0.8581175,-0.2711974,0.34973133,-0.26033464,4.2816973,-11.680716,0.47993895,-0.8528086,-0.6211136,0.66222155,1,0.044949951171875,-0.003474507729212443,0.5224749755859375,0.4982627461353938,0.8620816587835349,-0.5039857324342635,-0.053043332207997534,-0.7505619707875384,-43.004033189147336,2
5.339999999999931,,,,,15.769941,-0.7191744,-0.52527034,0.6549237,-23.592009,-3.8541458,2.0232005,0.85890025,-0.27381742,0.34929648,-0.25555083,4.398535,-11.63553,0.47763145,-0.7191744,-0.52527034,0.6549237,1,0.056660127639770505,0.1237814458211263,0.5283300638198852,0.5618907229105632,0.8490878966215847,-0.506298823188503,-0.1507025064445513,-0.6716914690533152,-38.48508631169711,2
5.34999999999993,,,,,15.769941,-0.7191744,-0.52527034,0.6549237,-23.54744,-3.9702694,2.0279636,0.85965675,-0.2764291,0.34885094,-0.2507592,4.515137,-11.589006,0.47496918,-0.7191744,-0.52527034,0.6549237,1,0.056660127639770505,0.1237814458211263,0.5283300638198852,0.5618907229105632,0.8490878966215847,-0.506298823188503,-0.1507025064445513,-0.6716914690533152,-38.48508631169711,2
5.35999999999993,,,,,15.769941,-0.7191744,-0.52527034,0.6549237,-23.501707,-4.0859213,2.0326986,0.8603869,-0.2790323,0.34839475,-0.24595994,4.631489,-11.541147,0.47195157,-0.7191744,-0.52527034,0.6549237,1,0.056660127639770505,0.1237814458211263,0.5283300638198852,0.5618907229105632,0.8490878966215847,-0.506298823188503,-0.1507025064445513,-0.6716914690533152,-38.48508631169711,2
5.36999999999993,,,,,15.751146,-0.6321994,-0.50131524,0.6859809,-23.45481,-4.201088,2.0374017,0.86109084,-0.281627,0.3479279,-0.24115315,4.7475753,-11.491955,0.468578,-0.7191744,-0.52527034,0.6549237,1,0.056660127639770505,0.1237814458211263,0.5283300638198852,0.5618907229105632,0.8490878966215847,-0.506298823188503,-0.1507025064445513,-0.6716914690533152,-38.48508631169711,2
5.37999999999993,,,,,15.751146,-0.6321994,-0.50131524,0.6859809,-23.406754,-4.3157563,2.042069,0.8618878,-0.28375608,0.34749284,-0.23639062,4.8632402,-11.44154,0.46476257,-0.6321994,-0.50131524,0.6859809,1,0.056660127639770505,0.1237814458211263,0.5283300638198852,0.5618907229105632,0.8490878966215847,-0.506298823188503,-0.1507025064445513,-0.6716914690533152,-38.48508631169711,2
5.3899999999999295,,,,,15.751146,-0.6321994,-0.50131524,0.6859809,-23.357544,-4.4299145,2.0466964,0.8626606,-0.28587717,0.34704807,-0.23162144,4.9786057,-11.389923,0.46066347,-0.6321994,-0.50131524,0.6859809,1,0.056660127639770505,0.1237814458211263,0.5283300638198852,0.5618907229105632,0.8490878966215847,-0.506298823188503,-0.1507025064445513,-0.6716914690533152,-38.48508631169711,2
5.399999999999929,,,,,15.751146,-0.6321994,-0.50131524,0.6859809,-23.307182,-4.543551,2.0512812,0.86340916,-0.28799024,0.3465936,-0.22684577,5.0936584,-11.337107,0.45628127,-0.6321994,-0.50131524,0.6859809,1,0.056660127639770505,0.1237814458211263,0.5283300638198852,0.5618907229105632,0.8490878966215847,-0.506298823188503,-0.1507025064445513,-0.6716914690533152,-38.48508631169711,2
5.409999999999929,,,,,16.031534,-0.8250951,-0.65786237,0.7921845,-23.255672,-4.6566534,2.0558207,0.86413354,-0.2900953,0.34612936,-0.22206375,5.208386,-11.283095,0.45161664,-0.6321994,-0.50131524,0.6859809,1,0.03921556949615478,0.11819857279459635,0.5196077847480773,0.5590992863972982,0.8872849053665361,-0.4280418613347667,-0.17177212129378172,-0.6888468466880977,-39.46801704612327,2
5.419999999999929,,,,,16.031534,-0.8250951,-0.65786237,0.7921845,-23.203007,-4.7692037,2.0603204,0.86493605,-0.29301336,0.3453446,-0.21625403,5.324769,-11.226769,0.44829658,-0.8250951,-0.65786237,0.7921845,1,0.03921556949615478,0.11819857279459635,0.5196077847480773,0.5590992863972982,0.8872849053665361,-0.4280418613347667,-0.17177212129378172,-0.6888468466880977,-39.46801704612327,2
5.429999999999929,,,,,16.031534,-0.8250951,-0.65786237,0.7921845,-23.149181,-4.881183,2.0647852,0.8657009,-0.29591867,0.34454483,-0.21043491,5.440677,-11.168862,0.44460484,-0.8250951,-0.65786237,0.7921845,1,0.03921556949615478,0.11819857279459635,0.5196077847480773,0.5590992863972982,0.8872849053665361,-0.4280418613347667,-0.17177212129378172,-0.6888468466880977,-39.46801704612327,2
5.4399999999999284,,,,,16.031534,-0.8250951,-0.65786237,0.7921845,-23.094196,-4.9925756,2.0692112,0.8664281,-0.2988111,0.34373003,-0.20460661,5.5560894,-11.109382,0.44054142,-0.8250951,-0.65786237,0.7921845,1,0.03921556949615478,0.11819857279459635,0.5196077847480773,0.5590992863972982,0.8872849053665361,-0.4280418613347667,-0.17177212129378172,-0.6888468466880977,-39.46801704612327,2
5.449999999999928,,,,,16.153137,-0.91887796,-0.7283467,0.8698003,-23.038061,-5.1033654,2.0735948,0.8671175,-0.30169052,0.34290025,-0.1987694,5.6709847,-11.048334,0.43610623,-0.8250951,-0.65786237,0.7921845,1,0.03921556949615478,0.11819857279459635,0.5196077847480773,0.5590992863972982,0.8872849053665361,-0.4280418613347667,-0.17177212129378172,-0.6888468466880977,-39.46801704612327,2
5.459999999999928,,,,,16.153137,-0.91887796,-0.7283467,0.8698003,-22.980774,-5.2135344,2.0779355,0.8678216,-0.30489892,0.34195858,-0.19231898,5.7861867,-10.985187,0.4319898,-0.91887796,-0.7283467,0.8698003,1,0.03921556949615478,0.11819857279459635,0.5196077847480773,0.5590992863972982,0.8872849053665361,-0.4280418613347667,-0.17177212129378172,-0.6888468466880977,-39.46801704612327,2
5.469999999999928,,,,,16.153137,-0.91887796,-0.7283467,0.8698003,-22.922338,-5.323063,2.0822327,0.8684794,-0.30809107,0.3409987,-0.18585831,5.9007635,-10.9203005,0.42745298,-0.91887796,-0.7283467,0.8698003,1,-0.024164366722106933,0.08077124277750651,0.4879178166389465,0.5403856213887532,0.9363660427314732,-0.2885099423960892,-0.1999516120415284,-0.7765070550065407,-44.49057701400765,2
5.479999999999928,,,,,16.153137,-0.91887796,-0.7283467,0.8698003,-22.86276,-5.431935,2.0864828,0.8690909,-0.3112668,0.34002066,-0.17938773,6.0146894,-10.853686,0.4224958,-0.91887796,-0.7283467,0.8698003,1,-0.024164366722106933,0.08077124277750651,0.4879178166389465,0.5403856213887532,0.9363660427314732,-0.2885099423960892,-0.1999516120415284,-0.7765070550065407,-44.49057701400765,2
5.489999999999927,,,,,16.33022,-1.1461407,-0.8102206,0.93332136,-22.80205,-5.5401316,2.090681,0.8696561,-0.31442592,0.33902448,-0.17290759,6.1279383,-10.785355,0.41711846,-0.91887796,-0.7283467,0.8698003,1,-0.024164366722106933,0.08077124277750651,0.4879178166389465,0.5403856213887532,0.9363660427314732,-0.2885099423960892,-0.1999516120415284,-0.7765070550065407,-44.49057701400765,2
5.499999999999927,,,,,16.33022,-1.1461407,-0.8102206,0.93332136,-22.7402,-5.6476316,2.0948286,0.87000364,-0.31851682,0.33794758,-0.16562657,6.241694,-10.714418,0.4122645,-1.1461407,-0.8102206,0.93332136,1,-0.024164366722106933,0.08077124277750651,0.4879178166389465,0.5403856213887532,0.9363660427314732,-0.2885099423960892,-0.1999516120415284,-0.7765070550065407,-44.49057701400765,2
5.509999999999927,,,,,16.33022,-1.1461407,-0.8102206,0.93332136,-22.677216,-5.754412,2.0989244,0.8702894,-0.32258508,0.33684665,-0.15833378,6.3546424,-10.641425,0.40680236,-1.1461407,-0.8102206,0.93332136,1,-0.024164366722106933,0.08077124277750651,0.4879178166389465,0.5403856213887532,0.9363660427314732,-0.2885099423960892,-0.1999516120415284,-0.7765070550065407,-44.49057701400765,2
5.519999999999927,,,,,16.33022,-1.1461407,-0.8102206,0.93332136,-22.613108,-5.8604527,2.1029625,0.8705133,-0.3266304,0.3357218,-0.15102975,6.466748,-10.566389,0.40073043,-1.1461407,-0.8102206,0.93332136,1,-0.024164366722106933,0.08077124277750651,0.4879178166389465,0.5403856213887532,0.9363660427314732,-0.2885099423960892,-0.1999516120415284,-0.7765070550065407,-44.49057701400765,2
5.5299999999999265,,,,,16.5228,-1.2572937,-0.8264359,0.9537729,-22.547884,-5.9657326,2.106937,0.8706754,-0.3306526,0.3345731,-0.143715,6.5779753,-10.489326,0.39404735,-1.1461407,-0.8102206,0.93332136,1,-0.024164366722106933,0.08077124277750651,0.4879178166389465,0.5403856213887532,0.9363660427314732,-0.2885099423960892,-0.1999516120415284,-0.7765070550065407,-44.49057701400765,2
5.539999999999926,,,,,16.5228,-1.2572937,-0.8264359,0.9537729,-22.481546,-6.070227,2.1108468,0.8706301,-0.3351112,0.33344233,-0.13608767,6.689584,-10.409264,0.3877812,-1.2572937,-0.8264359,0.9537729,1,0.02928884506225586,0.1163778305053711,0.514644422531128,0.5581889152526855,0.94548692370935,-0.2486739560394733,-0.2102753924792626,-0.7424138302864043,-42.53717912755274,2
5.549999999999926,,,,,16.5228,-1.2572937,-0.8264359,0.9537729,-22.414097,-6.17391,2.11469,0.8705157,-0.33954325,0.33228514,-0.12844954,6.800214,-10.327037,0.3807829,-1.2572937,-0.8264359,0.9537729,1,0.02928884506225586,0.1163778305053711,0.514644422531128,0.5581889152526855,0.94548692370935,-0.2486739560394733,-0.2102753924792626,-0.7424138302864043,-42.53717912755274,2
5.559999999999926,,,,,16.5228,-1.2572937,-0.8264359,0.9537729,-22.345547,-6.2767606,2.1184597,0.87033224,-0.34394833,0.33110157,-0.120801225,6.9098263,-10.242663,0.37305033,-1.2572937,-0.8264359,0.9537729,1,0.02928884506225586,0.1163778305053711,0.514644422531128,0.5581889152526855,0.94548692370935,-0.2486739560394733,-0.2102753924792626,-0.7424138302864043,-42.53717912755274,2
5.569999999999926,,,,,16.975037,-1.5072982,-0.7782255,1.0048156,-22.275906,-6.3787565,2.1221483,0.87007976,-0.34832615,0.32989177,-0.113143325,7.0183806,-10.156164,0.36458158,-1.2572937,-0.8264359,0.9537729,1,0.02928884506225586,0.1163778305053711,0.514644422531128,0.5581889152526855,0.94548692370935,-0.2486739560394733,-0.2102753924792626,-0.7424138302864043,-42.53717912755274,2
5.5799999999999255,,,,,16.975037,-1.5072982,-0.7782255,1.0048156,-22.205168,-6.479864,2.1257603,0.8692644,-0.35364935,0.3290929,-0.10492501,7.1287966,-10.065033,0.3576842,-1.5072982,-0.7782255,1.0048156,1,0.02928884506225586,0.1163778305053711,0.514644422531128,0.5581889152526855,0.94548692370935,-0.2486739560394733,-0.2102753924792626,-0.7424138302864043,-42.53717912755274,2
5.589999999999925,,,,,16.975037,-1.5072982,-0.7782255,1.0048156,-22.133331,-6.5800486,2.129298,0.86836463,-0.3589382,0.32826206,-0.09669649,7.2380834,-9.971488,0.3496953,-1.5072982,-0.7782255,1.0048156,1,0.02928884506225586,0.1163778305053711,0.514644422531128,0.5581889152526855,0.94548692370935,-0.2486739560394733,-0.2102753924792626,-0.7424138302864043,-42.53717912755274,2
5.599999999999925,,,,,16.975037,-1.5072982,-0.7782255,1.0048156,-22.06041,-6.6792855,2.1327503,0.86738044,-0.36419216,0.32739928,-0.08845857,7.3461924,-9.875554,0.34061092,-1.5072982,-0.7782255,1.0048156,1,0.02928884506225586,0.1163778305053711,0.514644422531128,0.5581889152526855,0.94548692370935,-0.2486739560394733,-0.2102753924792626,-0.7424138302864043,-42.53717912755274,2
5.609999999999925,,,,,16.910717,-1.3356541,-0.5722875,0.97005045,-21.986412,-6.7775517,2.1361065,0.86631197,-0.3694107,0.3265047,-0.080212064,7.453073,-9.77726,0.3304274,-1.5072982,-0.7782255,1.0048156,1,-0.045461025238037106,-0.0414404296875,0.47726948738098146,0.47927978515625,0.9826094051538461,0.025955139354406277,-0.18386159915626302,-0.945886540512075,-54.19530666957206,2
5.619999999999925,,,,,16.910717,-1.3356541,-0.5722875,0.97005045,-21.911354,-6.874825,2.1393535,0.8651352,-0.3738279,0.32634076,-0.07276974,7.558389,-9.677139,0.31882218,-1.3356541,-0.5722875,0.97005045,1,-0.045461025238037106,-0.0414404296875,0.47726948738098146,0.47927978515625,0.9826094051538461,0.025955139354406277,-0.18386159915626302,-0.945886540512075,-54.19530666957206,2
5.629999999999924,,,,,16.910717,-1.3356541,-0.5722875,0.97005045,-21.835247,-6.971088,2.142479,0.86389244,-0.3782166,0.32615194,-0.065321855,7.6626916,-9.575055,0.3061426,-1.3356541,-0.5722875,0.97005045,1,-0.045461025238037106,-0.0414404296875,0.47726948738098146,0.47927978515625,0.9826094051538461,0.025955139354406277,-0.18386159915626302,-0.945886540512075,-54.19530666957206,2
5.639999999999924,,,,,16.910717,-1.3356541,-0.5722875,0.97005045,-21.758102,-7.0663195,2.1454723,0.8625837,-0.38257638,0.3259382,-0.057868987,7.7659426,-9.471027,0.29238835,-1.3356541,-0.5722875,0.97005045,1,-0.045461025238037106,-0.0414404296875,0.47726948738098146,0.47927978515625,0.9826094051538461,0.025955139354406277,-0.18386159915626302,-0.945886540512075,-54.19530666957206,2
5.649999999999924,,,,,16.735176,-1.1716971,-0.36986613,0.9375751,-21.679932,-7.160501,2.1483228,0.8612091,-0.38690698,0.32569957,-0.0504117,7.868105,-9.365077,0.2775595,-1.3356541,-0.5722875,0.97005045,1,-0.045461025238037106,-0.0414404296875,0.47726948738098146,0.47927978515625,0.9826094051538461,0.025955139354406277,-0.18386159915626302,-0.945886540512075,-54.19530666957206,2
5.659999999999924,,,,,16.735176,-1.1716971,-0.36986613,0.9375751,-21.60075,-7.2536197,2.1510155,0.8597554,-0.39050713,0.32620627,-0.043749396,7.9682097,-9.258458,0.26080886,-1.1716971,-0.36986613,0.9375751,1,-0.045461025238037106,-0.0414404296875,0.47726948738098146,0.47927978515625,0.9826094051538461,0.025955139354406277,-0.18386159915626302,-0.945886540512075,-54.19530666957206,2
5.6699999999999235,,,,,16.735176,-1.1716971,-0.36986613,0.9375751,-21.52057,-7.345664,2.1535354,0.8582503,-0.394084,0.32669353,-0.03708448,8.067481,-9.150278,0.24301143,-1.1716971,-0.36986613,0.9375751,1,-0.03311887502670288,-0.1518866221110026,0.4834405624866486,0.4240566889444987,0.9737510976219953,0.17876128095867433,-0.1409013992477481,-1.0297623014551047,-59.00103377505589,2
5.679999999999923,,,,,16.735176,-1.1716971,-0.36986613,0.9375751,-21.439404,-7.4366193,2.155872,0.856694,-0.39763734,0.32716125,-0.030417347,8.16589,-9.04055,0.2241689,-1.1716971,-0.36986613,0.9375751,1,-0.03311887502670288,-0.1518866221110026,0.4834405624866486,0.4240566889444987,0.9737510976219953,0.17876128095867433,-0.1409013992477481,-1.0297623014551047,-59.00103377505589,2
5.689999999999923,,,,,16.648348,-0.9757108,-0.29237324,0.9014809,-21.357258,-7.5264697,2.1580153,0.85508645,-0.4011669,0.32760942,-0.023748398,8.26341,-8.929291,0.20428316,-1.1716971,-0.36986613,0.9375751,1,-0.03311887502670288,-0.1518866221110026,0.4834405624866486,0.4240566889444987,0.9737510976219953,0.17876128095867433,-0.1409013992477481,-1.0297623014551047,-59.00103377505589,2
5.699999999999923,,,,,16.648348,-0.9757108,-0.29237324,0.9014809,-21.274143,-7.6152034,2.1599524,0.8536955,-0.40388718,0.32827592,-0.01770896,8.359576,-8.817196,0.18301572,-0.9757108,-0.29237324,0.9014809,1,-0.03311887502670288,-0.1518866221110026,0.4834405624866486,0.4240566889444987,0.9737510976219953,0.17876128095867433,-0.1409013992477481,-1.0297623014551047,-59.00103377505589,2
5.709999999999923,,,,,16.648348,-0.9757108,-0.29237324,0.9014809,-21.19007,-7.70281,2.1616724,0.8522651,-0.40658882,0.3289272,-0.011668705,8.454983,-8.703863,0.1608747,-0.9757108,-0.29237324,0.9014809,1,-0.03311887502670288,-0.1518866221110026,0.4834405624866486,0.4240566889444987,0.9737510976219953,0.17876128095867433,-0.1409013992477481,-1.0297623014551047,-59.00103377505589,2
5.7199999999999225,,,,,16.648348,-0.9757108,-0.29237324,0.9014809,-21.105043,-7.789277,2.1631665,0.85079527,-0.4092717,0.3295633,-0.005627911,8.549609,-8.589301,0.13786331,-0.9757108,-0.29237324,0.9014809,1,-0.03311887502670288,-0.1518866221110026,0.4834405624866486,0.4240566889444987,0.9737510976219953,0.17876128095867433,-0.1409013992477481,-1.0297623014551047,-59.00103377505589,2
5.729999999999922,,,,,16.708677,-0.9466881,-0.43860662,0.9179338,-21.019077,-7.8745923,2.1644266,0.8492861,-0.41193563,0.33018413,0.000413144,8.643434,-8.473523,0.11398494,-0.9757108,-0.29237324,0.9014809,1,-0.03311887502670288,-0.1518866221110026,0.4834405624866486,0.4240566889444987,0.9737510976219953,0.17876128095867433,-0.1409013992477481,-1.0297623014551047,-59.00103377505589,2
5.739999999999922,,,,,16.708677,-0.9466881,-0.43860662,0.9179338,-20.932177,-7.9587417,2.165445,0.84803784,-0.41442937,0.33020234,0.0067773205,8.736706,-8.356102,0.08957323,-0.9466881,-0.43860662,0.9179338,1,0.042947206497192386,-0.14953570048014322,0.5214736032485962,0.4252321497599284,0.9682523156173738,0.2071490815364195,-0.13991680142217103,-0.9738988960669048,-55.80029641708366,2
5.749999999999922,,,,,16.708677,-0.9466881,-0.43860662,0.9179338,-20.844347,-8.041711,2.166216,0.84674877,-0.41690308,0.3302046,0.013141169,8.8289585,-8.237448,0.06447069,-0.9466881,-0.43860662,0.9179338,1,0.042947206497192386,-0.14953570048014322,0.5214736032485962,0.4252321497599284,0.9682523156173738,0.2071490815364195,-0.13991680142217103,-0.9738988960669048,-55.80029641708366,2
5.759999999999922,,,,,16.708677,-0.9466881,-0.43860662,0.9179338,-20.755602,-8.1234865,2.1667323,0.84541875,-0.4193567,0.33019093,0.019504383,8.92017,-8.117575,0.03868233,-0.9466881,-0.43860662,0.9179338,1,0.042947206497192386,-0.14953570048014322,0.5214736032485962,0.4252321497599284,0.9682523156173738,0.2071490815364195,-0.13991680142217103,-0.9738988960669048,-55.80029641708366,2
5.769999999999921,,,,,16.922386,-0.60008997,-0.5742247,0.9442873,-20.665949,-8.204058,2.1669872,0.84404796,-0.42179006,0.3301613,0.025866656,9.010321,-7.996498,0.012213245,-0.9466881,-0.43860662,0.9179338,1,0.042947206497192386,-0.14953570048014322,0.5214736032485962,0.4252321497599284,0.9682523156173738,0.2071490815364195,-0.13991680142217103,-0.9738988960669048,-55.80029641708366,2
5.779999999999921,,,,,16.922386,-0.60008997,-0.5742247,0.9442873,-20.575392,-8.283405,2.1669793,0.8435915,-0.4226811,0.32964525,0.032052867,9.100535,-7.8727875,-0.013820895,-0.60008997,-0.5742247,0.9442873,1,0.042947206497192386,-0.14953570048014322,0.5214736032485962,0.4252321497599284,0.9682523156173738,0.2071490815364195,-0.13991680142217103,-0.9738988960669048,-55.80029641708366,2
5.789999999999921,,,,,16.922386,-0.60008997,-0.5742247,0.9442873,-20.48394,-8.36151,2.1667104,0.8431017,-0.42355543,0.32911617,0.03823781,9.189654,-7.7482066,-0.03999185,-0.60008997,-0.5742247,0.9442873,1,0.042947206497192386,-0.14953570048014322,0.5214736032485962,0.4252321497599284,0.9682523156173738,0.2071490815364195,-0.13991680142217103,-0.9738988960669048,-55.80029641708366,2
5.799999999999921,,,,,16.922386,-0.60008997,-0.5742247,0.9442873,-20.391603,-8.438365,2.1661787,0.8425785,-0.42441306,0.3285741,0.04442124,9.277669,-7.6227684,-0.066292636,-0.60008997,-0.5742247,0.9442873,1,0.042947206497192386,-0.14953570048014322,0.5214736032485962,0.4252321497599284,0.9682523156173738,0.2071490815364195,-0.13991680142217103,-0.9738988960669048,-55.80029641708366,2
5.809999999999921,,,,,17.215723,-0.2794697,-0.8556205,0.94874585,-20.298391,-8.513962,2.1653836,0.8420221,-0.4252539,0.328019,0.050602913,9.364568,-7.496484,-0.09271625,-0.60008997,-0.5742247,0.9442873,1,0.039459972381591796,-0.1759956995646159,0.5197299861907959,0.41200215021769204,0.9381658069231636,0.30817160904942853,-0.15771866755744496,-0.9924343329445247,-56.86229872160242,2
5.81999999999992,,,,,17.215723,-0.2794697,-0.8556205,0.94874585,-20.20431,-8.588281,2.164331,0.8425731,-0.4246489,0.3263563,0.056873746,9.451761,-7.3672595,-0.117765784,-0.2794697,-0.8556205,0.94874585,1,0.039459972381591796,-0.1759956995646159,0.5197299861907959,0.41200215021769204,0.9381658069231636,0.30817160904942853,-0.15771866755744496,-0.9924343329445247,-56.86229872160242,2
5.82999999999992,,,,,17.215723,-0.2794697,-0.8556205,0.94874585,-20.109362,-8.6613035,2.1630304,0.8430881,-0.42402574,0.32467967,0.06314214,9.537626,-7.2374616,-0.14226131,-0.2794697,-0.8556205,0.94874585,1,0.039459972381591796,-0.1759956995646159,0.5197299861907959,0.41200215021769204,0.9381658069231636,0.30817160904942853,-0.15771866755744496,-0.9924343329445247,-56.86229872160242,2
5.83999999999992,,,,,17.215723,-0.2794697,-0.8556205,0.94874585,-20.013561,-8.733027,2.1614878,0.8435671,-0.4233844,0.32298914,0.06940784,9.622158,-7.107108,-0.16619658,-0.2794697,-0.8556205,0.94874585,1,0.039459972381591796,-0.1759956995646159,0.5197299861907959,0.41200215021769204,0.9381658069231636,0.30817160904942853,-0.15771866755744496,-0.9924343329445247,-56.86229872160242,2
5.84999999999992,,,,,17.458637,-0.5270671,-1.0585668,0.88689756,-19.916924,-8.803445,2.1597085,0.84400994,-0.42272502,0.32128483,0.07567058,9.705349,-6.9762177,-0.18956545,-0.2794697,-0.8556205,0.94874585,1,0.039459972381591796,-0.1759956995646159,0.5197299861907959,0.41200215021769204,0.9381658069231636,0.30817160904942853,-0.15771866755744496,-0.9924343329445247,-56.86229872160242,2
5.8599999999999195,,,,,17.458637,-0.5270671,-1.0585668,0.88689756,-19.819454,-8.87254,2.1577034,0.8442378,-0.42311248,0.318484,0.0824953,9.788183,-6.842835,-0.21132669,-0.5270671,-1.0585668,0.88689756,1,0.039459972381591796,-0.1759956995646159,0.5197299861907959,0.41200215021769204,0.9381658069231636,0.30817160904942853,-0.15771866755744496,-0.9924343329445247,-56.86229872160242,2
5.869999999999919,,,,,17.458637,-0.5270671,-1.0585668,0.88689756,-19.721165,-8.940297,2.1554835,0.8444196,-0.42347685,0.3156658,0.08931552,9.869195,-6.708629,-0.23257476,-0.5270671,-1.0585668,0.88689756,1,0.09929431915283203,-0.13101393381754559,0.549647159576416,0.4344930330912272,0.9377845835633493,0.3137498905456453,-0.14873157369405932,-0.9198673413434203,-52.70451637089784,2
5.879999999999919,,,,,17.458637,-0.5270671,-1.0585668,0.88689756,-19.622074,-9.006709,2.1530538,0.8445552,-0.42381805,0.31283042,0.09613086,9.948373,-6.5736294,-0.25330463,-0.5270671,-1.0585668,0.88689756,1,0.09929431915283203,-0.13101393381754559,0.549647159576416,0.4344930330912272,0.9377845835633493,0.3137498905456453,-0.14873157369405932,-0.9198673413434203,-52.70451637089784,2
5.889999999999919,,,,,17.751465,-0.64115465,-0.9575985,0.86448765,-19.522203,-9.071767,2.1504192,0.8446447,-0.4241361,0.3099779,0.102940954,10.025706,-6.437864,-0.2735114,-0.5270671,-1.0585668,0.88689756,1,0.09929431915283203,-0.13101393381754559,0.549647159576416,0.4344930330912272,0.9377845835633493,0.3137498905456453,-0.14873157369405932,-0.9198673413434203,-52.70451637089784,2
5.899999999999919,,,,,17.751465,-0.64115465,-0.9575985,0.86448765,-19.42156,-9.135451,2.1475918,0.84430236,-0.4250001,0.30742902,0.10961363,10.10247,-6.29903,-0.29196548,-0.64115465,-0.9575985,0.86448765,1,0.09929431915283203,-0.13101393381754559,0.549647159576416,0.4344930330912272,0.9377845835633493,0.3137498905456453,-0.14873157369405932,-0.9198673413434203,-52.70451637089784,2
5.909999999999918,,,,,17.751465,-0.64115465,-0.9575985,0.86448765,-19.320158,-9.197743,2.1445813,0.8439161,-0.42584205,0.3048642,0.116280615,10.17739,-6.1593633,-0.31011945,-0.64115465,-0.9575985,0.86448765,1,0.09929431915283203,-0.13101393381754559,0.549647159576416,0.4344930330912272,0.9377845835633493,0.3137498905456453,-0.14873157369405932,-0.9198673413434203,-52.70451637089784,2
5.919999999999918,,,,,17.751465,-0.64115465,-0.9575985,0.86448765,-19.218016,-9.258635,2.1413908,0.8434862,-0.4266619,0.30228353,0.12294157,10.250453,-6.0188913,-0.32796836,-0.64115465,-0.9575985,0.86448765,1,0.09929431915283203,-0.13101393381754559,0.549647159576416,0.4344930330912272,0.9377845835633493,0.3137498905456453,-0.14873157369405932,-0.9198673413434203,-52.70451637089784,2
5.929999999999918,,,,,18.203217,-0.74200135,-0.91846865,0.87369037,-19.115154,-9.318118,2.1380234,0.84301245,-0.4274596,0.2996872,0.12959616,10.321651,-5.8776407,-0.3455073,-0.64115465,-0.9575985,0.86448765,1,0.09929431915283203,-0.13101393381754559,0.549647159576416,0.4344930330912272,0.9377845835633493,0.3137498905456453,-0.14873157369405932,-0.9198673413434203,-52.70451637089784,2
5.939999999999918,,,,,18.203217,-0.74200135,-0.91846865,0.87369037,-19.011581,-9.376166,2.134492,0.8422139,-0.4286713,0.29719427,0.13635014,10.392725,-5.731984,-0.36073396,-0.74200135,-0.91846865,0.87369037,1,0.08042156219482421,-0.13961819966634115,0.5402107810974122,0.4301909001668294,0.8916683580922543,0.4252970505173488,-0.15508048877375671,-0.9490759325181792,-54.3780453707346,2
5.949999999999918,,,,,18.203217,-0.74200135,-0.91846865,0.87369037,-18.907309,-9.432754,2.1308093,0.84137005,-0.4298599,0.29468533,0.14309677,10.461832,-5.585478,-0.37579465,-0.74200135,-0.91846865,0.87369037,1,0.08042156219482421,-0.13961819966634115,0.5402107810974122,0.4301909001668294,0.8916683580922543,0.4252970505173488,-0.15508048877375671,-0.9490759325181792,-54.3780453707346,2
5.959999999999917,,,,,18.203217,-0.74200135,-0.91846865,0.87369037,-18.802351,-9.487872,2.126977,0.84048074,-0.43102533,0.29216048,0.14983569,10.528959,-5.438151,-0.39068434,-0.74200135,-0.91846865,0.87369037,1,0.08042156219482421,-0.13961819966634115,0.5402107810974122,0.4301909001668294,0.8916683580922543,0.4252970505173488,-0.15508048877375671,-0.9490759325181792,-54.3780453707346,2
5.969999999999917,,,,,18.346018,-0.6296755,-0.9367253,0.79580116,-18.696735,-9.5415125,2.1229963,0.83954614,-0.4321675,0.28961983,0.1565665,10.594097,-5.2900324,-0.40539798,-0.74200135,-0.91846865,0.87369037,1,0.08042156219482421,-0.13961819966634115,0.5402107810974122,0.4301909001668294,0.8916683580922543,0.4252970505173488,-0.15508048877375671,-0.9490759325181792,-54.3780453707346,2
5.979999999999917,,,,,18.346018,-0.6296755,-0.9367253,0.79580116,-18.590477,-9.593663,2.118873,0.8388991,-0.4329147,0.28690752,0.16283923,10.657759,-5.140028,-0.4192183,-0.6296755,-0.9367253,0.79580116,1,0.08042156219482421,-0.13961819966634115,0.5402107810974122,0.4301909001668294,0.8916683580922543,0.4252970505173488,-0.15508048877375671,-0.9490759325181792,-54.3780453707346,2
5.989999999999917,,,,,18.346018,-0.6296755,-0.9367253,0.79580116,-18.48359,-9.644311,2.1146128,0.83821195,-0.43364125,0.2841815,0.16910419,10.719475,-4.9894013,-0.43270063,-0.6296755,-0.9367253,0.79580116,1,0.08042156219482421,-0.13961819966634115,0.5402107810974122,0.4301909001668294,0.8916683580922543,0.4252970505173488,-0.15508048877375671,-0.9490759325181792,-54.3780453707346,2
5.9999999999999165,,,,,18.346018,-0.6296755,-0.9367253,0.79580116,-18.376095,-9.69345,2.1102197,0.8374848,-0.43434712,0.28144193,0.17536108,10.779237,-4.83818,-0.44584143,-0.6296755,-0.9367253,0.79580116,1,0.08042156219482421,-0.13961819966634115,0.5402107810974122,0.4301909001668294,0.8916683580922543,0.4252970505173488,-0.15508048877375671,-0.9490759325181792,-54.3780453707346,2
6.009999999999916,,,,,18.45664,-0.6599843,-0.93004286,0.7321068,-18.268013,-9.741073,2.105697,0.8367178,-0.43503228,0.2786889,0.1816096,10.837037,-4.6863923,-0.45863715,-0.6296755,-0.9367253,0.79580116,1,0.03792629718780518,-0.21058948516845702,0.5189631485939026,0.3947052574157715,0.8052894982744164,0.5784150983714764,-0.13017218575737907,-1.0310399839864872,-59.0742395916617,2
6.019999999999916,,,,,18.45664,-0.6599843,-0.93004286,0.7321068,-18.159359,-9.787171,2.1010506,0.83589417,-0.43591872,0.27578476,0.18761086,10.893197,-4.533134,-0.47058406,-0.6599843,-0.93004286,0.7321068,1,0.03792629718780518,-0.21058948516845702,0.5189631485939026,0.3947052574157715,0.8052894982744164,0.5784150983714764,-0.13017218575737907,-1.0310399839864872,-59.0742395916617,2
6.029999999999916,,,,,18.45664,-0.6599843,-0.93004286,0.7321068,-18.050154,-9.831734,2.0962863,0.83503217,-0.43678513,0.27286798,0.19360352,10.94735,-4.3793283,-0.48222068,-0.6599843,-0.93004286,0.7321068,1,0.03792629718780518,-0.21058948516845702,0.5189631485939026,0.3947052574157715,0.8052894982744164,0.5784150983714764,-0.13017218575737907,-1.0310399839864872,-59.0742395916617,2
6.039999999999916,,,,,18.45664,-0.6599843,-0.93004286,0.7321068,-17.940416,-9.874756,2.0914073,0.8341319,-0.43763152,0.26993865,0.19958727,10.999486,-4.2250032,-0.4935449,-0.6599843,-0.93004286,0.7321068,1,0.03792629718780518,-0.21058948516845702,0.5189631485939026,0.3947052574157715,0.8052894982744164,0.5784150983714764,-0.13017218575737907,-1.0310399839864872,-59.0742395916617,2
6.0499999999999154,,,,,18.105146,-0.4959422,-0.8554077,0.66078866,-17.830168,-9.916233,2.0864165,0.83319324,-0.4384578,0.26699692,0.20556186,11.049601,-4.0701866,-0.50455457,-0.6599843,-0.93004286,0.7321068,1,0.03792629718780518,-0.21058948516845702,0.5189631485939026,0.3947052574157715,0.8052894982744164,0.5784150983714764,-0.13017218575737907,-1.0310399839864872,-59.0742395916617,2
6.059999999999915,,,,,18.105146,-0.4959422,-0.8554077,0.66078866,-17.719435,-9.956174,2.0813088,0.8325541,-0.4387548,0.26436752,0.2108484,11.096874,-3.9179158,-0.51687485,-0.4959422,-0.8554077,0.66078866,1,0.03792629718780518,-0.21058948516845702,0.5189631485939026,0.3947052574157715,0.8052894982744164,0.5784150983714764,-0.13017218575737907,-1.0310399839864872,-59.0742395916617,2
6.069999999999915,,,,,18.105146,-0.4959422,-0.8554077,0.66078866,-17.608238,-9.994592,2.0760803,0.83188546,-0.43903625,0.26172876,0.2161275,11.14243,-3.7653544,-0.5287829,-0.4959422,-0.8554077,0.66078866,1,0.19753236770629884,-0.15114119211832683,0.5987661838531494,0.4244294039408366,0.8537272928575902,0.5161376441536342,-0.06893215300269423,-0.8696540654913221,-49.82750758904645,2
6.079999999999915,,,,,18.105146,-0.4959422,-0.8554077,0.66078866,-17.496593,-10.031481,2.070735,0.8311874,-0.4393022,0.25908077,0.22139893,11.186266,-3.6125238,-0.5402771,-0.4959422,-0.8554077,0.66078866,1,0.19753236770629884,-0.15114119211832683,0.5987661838531494,0.4244294039408366,0.8537272928575902,0.5161376441536342,-0.06893215300269423,-0.8696540654913221,-49.82750758904645,2
6.089999999999915,,,,,18.228317,-0.44866917,-0.70454675,0.60190177,-17.38452,-10.066841,2.0652766,0.83046,-0.43955263,0.25642362,0.22666253,11.228378,-3.4594445,-0.55135596,-0.4959422,-0.8554077,0.66078866,1,0.19753236770629884,-0.15114119211832683,0.5987661838531494,0.4244294039408366,0.8537272928575902,0.5161376441536342,-0.06893215300269423,-0.8696540654913221,-49.82750758904645,2
6.099999999999914,,,,,18.228317,-0.44866917,-0.70454675,0.60190177,-17.27203,-10.100664,2.0597124,0.8296841,-0.43983963,0.2543091,0.23128246,11.269137,-3.3050952,-0.5614677,-0.44866917,-0.70454675,0.60190177,1,0.19753236770629884,-0.15114119211832683,0.5987661838531494,0.4244294039408366,0.8537272928575902,0.5161376441536342,-0.06893215300269423,-0.8696540654913221,-49.82750758904645,2
6.109999999999914,,,,,18.228317,-0.44866917,-0.70454675,0.60190177,-17.159142,-10.132942,2.0540485,0.8288862,-0.44011497,0.25218785,0.23589627,11.308419,-3.1505353,-0.57127714,-0.44866917,-0.70454675,0.60190177,1,0.19753236770629884,-0.15114119211832683,0.5987661838531494,0.4244294039408366,0.8537272928575902,0.5161376441536342,-0.06893215300269423,-0.8696540654913221,-49.82750758904645,2
6.119999999999914,,,,,18.228317,-0.44866917,-0.70454675,0.60190177,-17.045868,-10.163673,2.0482879,0.8280664,-0.44037867,0.2500599,0.24050382,11.346221,-2.9957807,-0.5807826,-0.44866917,-0.70454675,0.60190177,1,0.19753236770629884,-0.15114119211832683,0.5987661838531494,0.4244294039408366,0.8537272928575902,0.5161376441536342,-0.06893215300269423,-0.8696540654913221,-49.82750758904645,2
6.129999999999914,,,,,18.237719,-0.32936737,-0.6499998,0.50728273,-16.932222,-10.192857,2.0424337,0.8272247,-0.44063067,0.24792533,0.24510497,11.382543,-2.8408468,-0.5899825,-0.44866917,-0.70454675,0.60190177,1,0.19753236770629884,-0.15114119211832683,0.5987661838531494,0.4244294039408366,0.8537272928575902,0.5161376441536342,-0.06893215300269423,-0.8696540654913221,-49.82750758904645,2
6.1399999999999135,,,,,18.237719,-0.32936737,-0.6499998,0.50728273,-16.818222,-10.2204895,2.0364892,0.826675,-0.4405632,0.24594839,0.24904107,11.417479,-2.6857018,-0.59880304,-0.32936737,-0.6499998,0.50728273,1,0.1746102523803711,-0.24213088989257814,0.5873051261901856,0.37893455505371093,0.7713809609632991,0.6362650413338038,-0.011756285120337662,-0.9207314989788642,-52.754028956242784,2
6.149999999999913,,,,,18.237719,-0.32936737,-0.6499998,0.50728273,-16.703876,-10.246571,2.0304585,0.82610893,-0.44048703,0.2439666,0.25297225,11.451143,-2.530494,-0.6072455,-0.32936737,-0.6499998,0.50728273,1,0.1746102523803711,-0.24213088989257814,0.5873051261901856,0.37893455505371093,0.7713809609632991,0.6362650413338038,-0.011756285120337662,-0.9207314989788642,-52.754028956242784,2
6.159999999999913,,,,,18.237719,-0.32936737,-0.6499998,0.50728273,-16.589203,-10.271099,2.0243452,0.8255266,-0.44040218,0.24197999,0.25689846,11.483535,-2.3752344,-0.615309,-0.32936737,-0.6499998,0.50728273,1,0.1746102523803711,-0.24213088989257814,0.5873051261901856,0.37893455505371093,0.7713809609632991,0.6362650413338038,-0.011756285120337662,-0.9207314989788642,-52.754028956242784,2
6.169999999999913,,,,,18.452782,-0.2575746,-0.7402637,0.41609725,-16.474213,-10.294075,2.0181532,0.82492805,-0.44030866,0.23998861,0.2608196,11.514653,-2.2199352,-0.6229929,-0.32936737,-0.6499998,0.50728273,1,0.1746102523803711,-0.24213088989257814,0.5873051261901856,0.37893455505371093,0.7713809609632991,0.6362650413338038,-0.011756285120337662,-0.9207314989788642,-52.754028956242784,2
6.179999999999913,,,,,18.452782,-0.2575746,-0.7402637,0.41609725,-16.358913,-10.315489,2.011892,0.82469857,-0.43990204,0.23751308,0.2644721,11.544837,-2.0628138,-0.62915695,-0.2575746,-0.7402637,0.41609725,1,0.1746102523803711,-0.24213088989257814,0.5873051261901856,0.37893455505371093,0.7713809609632991,0.6362650413338038,-0.011756285120337662,-0.9207314989788642,-52.754028956242784,2
6.1899999999999125,,,,,18.452782,-0.2575746,-0.7402637,0.41609725,-16.24332,-10.335331,2.0055718,0.8244529,-0.43948677,0.23503287,0.26811936,11.573693,-1.9057764,-0.634753,-0.2575746,-0.7402637,0.41609725,1,0.1746102523803711,-0.24213088989257814,0.5873051261901856,0.37893455505371093,0.7713809609632991,0.6362650413338038,-0.011756285120337662,-0.9207314989788642,-52.754028956242784,2
6.199999999999912,,,,,18.452782,-0.2575746,-0.7402637,0.41609725,-16.127443,-10.353604,1.9991988,0.824191,-0.43906286,0.23254806,0.27176136,11.601222,-1.7488358,-0.6397822,-0.2575746,-0.7402637,0.41609725,1,0.1746102523803711,-0.24213088989257814,0.5873051261901856,0.37893455505371093,0.7713809609632991,0.6362650413338038,-0.011756285120337662,-0.9207314989788642,-52.754028956242784,2
6.209999999999912,,,,,18.25949,-0.13500889,-0.8968086,0.3351894,-16.0113,-10.370308,1.9927782,0.82391286,-0.4386303,0.23005864,0.275398,11.627423,-1.5920047,-0.64424556,-0.2575746,-0.7402637,0.41609725,1,0.31605573654174807,-0.2248279825846354,0.658027868270874,0.3875860087076823,0.8039108884225281,0.5906819693365284,0.06944130310140845,-0.7697482865721051,-44.10332810800824,2
6.219999999999912,,,,,18.25949,-0.13500889,-0.8968086,0.3351894,-15.894901,-10.385453,1.9863113,0.8241772,-0.4375609,0.22691071,0.27889773,11.652014,-1.4370035,-0.6490147,-0.13500889,-0.8968086,0.3351894,1,0.31605573654174807,-0.2248279825846354,0.658027868270874,0.3875860087076823,0.8039108884225281,0.5906819693365284,0.06944130310140845,-0.7697482865721051,-44.10332810800824,2
6.229999999999912,,,,,18.25949,-0.13500889,-0.8968086,0.3351894,-15.778265,-10.399049,1.9798009,0.8244223,-0.43648127,0.2237575,0.28239095,11.675227,-1.2823144,-0.65291774,-0.13500889,-0.8968086,0.3351894,1,0.31605573654174807,-0.2248279825846354,0.658027868270874,0.3875860087076823,0.8039108884225281,0.5906819693365284,0.06944130310140845,-0.7697482865721051,-44.10332810800824,2
6.239999999999911,,,,,18.25949,-0.13500889,-0.8968086,0.3351894,-15.661403,-10.4111,1.9732559,0.8246481,-0.43539143,0.22059906,0.2858776,11.697066,-1.1279526,-0.6559588,-0.13500889,-0.8968086,0.3351894,1,0.31605573654174807,-0.2248279825846354,0.658027868270874,0.3875860087076823,0.8039108884225281,0.5906819693365284,0.06944130310140845,-0.7697482865721051,-44.10332810800824,2
6.249999999999911,,,,,18.144468,-0.07871992,-0.9468034,0.28649682,-15.544329,-10.421609,1.9666847,0.8248546,-0.4342914,0.21743545,0.28935754,11.717532,-0.97393364,-0.65814185,-0.13500889,-0.8968086,0.3351894,1,0.31605573654174807,-0.2248279825846354,0.658027868270874,0.3875860087076823,0.8039108884225281,0.5906819693365284,0.06944130310140845,-0.7697482865721051,-44.10332810800824,2
6.259999999999911,,,,,18.144468,-0.07871992,-0.9468034,0.28649682,-15.427058,-10.430585,1.9600931,0.82528836,-0.43292943,0.21403614,0.2926771,11.736504,-0.82126826,-0.6600374,-0.07871992,-0.9468034,0.28649682,1,0.31605573654174807,-0.2248279825846354,0.658027868270874,0.3875860087076823,0.8039108884225281,0.5906819693365284,0.06944130310140845,-0.7697482865721051,-44.10332810800824,2
6.269999999999911,,,,,18.144468,-0.07871992,-0.9468034,0.28649682,-15.309605,-10.438036,1.9534874,0.8257018,-0.4315568,0.21063156,0.29598945,11.754113,-0.66904753,-0.6609741,-0.07871992,-0.9468034,0.28649682,1,0.15931317329406738,-0.1846288045247396,0.5796565866470337,0.4076855977376302,0.7162848279179316,0.6975991555174447,-0.01707230259594858,-0.8290420253392257,-47.50060909091549,2
6.2799999999999105,,,,,18.144468,-0.07871992,-0.9468034,0.28649682,-15.191981,-10.443968,1.9468769,0.82609487,-0.43017355,0.20722179,0.2992945,11.770362,-0.5172876,-0.6609577,-0.07871992,-0.9468034,0.28649682,1,0.15931317329406738,-0.1846288045247396,0.5796565866470337,0.4076855977376302,0.7162848279179316,0.6975991555174447,-0.01707230259594858,-0.8290420253392257,-47.50060909091549,2
6.28999999999991,,,,,17.82545,-0.0001617875,-0.9254738,0.24870043,-15.074203,-10.448383,1.9402713,0.8264677,-0.4287797,0.20380692,0.3025922,11.785253,-0.36600453,-0.6599938,-0.07871992,-0.9468034,0.28649682,1,0.15931317329406738,-0.1846288045247396,0.5796565866470337,0.4076855977376302,0.7162848279179316,0.6975991555174447,-0.01707230259594858,-0.8290420253392257,-47.50060909091549,2
6.29999999999991,,,,,17.82545,-0.0001617875,-0.9254738,0.24870043,-14.956282,-10.4513035,1.9336714,0.82702464,-0.42712182,0.20051317,0.3056007,11.7985935,-0.2178843,-0.65982443,-0.0001617875,-0.9254738,0.24870043,1,0.15931317329406738,-0.1846288045247396,0.5796565866470337,0.4076855977376302,0.7162848279179316,0.6975991555174447,-0.01707230259594858,-0.8290420253392257,-47.50060909091549,2
6.30999999999991,,,,,17.82545,-0.0001617875,-0.9254738,0.24870043,-14.838234,-10.4527445,1.9270781,0.82756263,-0.42545414,0.19721481,0.3086022,11.810725,-0.07031346,-0.6586767,-0.0001617875,-0.9254738,0.24870043,1,0.15931317329406738,-0.1846288045247396,0.5796565866470337,0.4076855977376302,0.7162848279179316,0.6975991555174447,-0.01707230259594858,-0.8290420253392257,-47.50060909091549,2
6.31999999999991,,,,,17.82545,-0.0001617875,-0.9254738,0.24870043,-14.720072,-10.452712,1.9205012,0.82808167,-0.4237767,0.19391192,0.31159663,11.821649,0.07669355,-0.6565566,-0.0001617875,-0.9254738,0.24870043,1,0.15931317329406738,-0.1846288045247396,0.5796565866470337,0.4076855977376302,0.7162848279179316,0.6975991555174447,-0.01707230259594858,-0.8290420253392257,-47.50060909091549,2
6.3299999999999095,,,,,17.688036,0.080399476,-0.7255333,0.23295254,-14.601806,-10.451213,1.9139503,0.82858163,-0.4220895,0.19060458,0.3145839,11.831367,0.2231223,-0.65347046,-0.0001617875,-0.9254738,0.24870043,1,0.15931317329406738,-0.1846288045247396,0.5796565866470337,0.4076855977376302,0.7162848279179316,0.6975991555174447,-0.01707230259594858,-0.8290420253392257,-47.50060909091549,2
6.339999999999909,,,,,17.688036,0.080399476,-0.7255333,0.23295254,-14.483448,-10.448258,1.907431,0.82907027,-0.4203901,0.18821546,0.31700125,11.839948,0.3678587,-0.6502578,0.080399476,-0.7255333,0.23295254,1,0.17724662780761719,-0.21511144002278645,0.5886233139038086,0.39244427998860676,0.6788992140584266,0.7320558673610956,0.05648065344031175,-0.7919952961953528,-45.37798786620726,2
6.349999999999909,,,,,17.688036,0.080399476,-0.7255333,0.23295254,-14.365008,-10.443858,1.9009479,0.82954675,-0.4186845,0.18582359,0.31941396,11.8476925,0.5120614,-0.64621997,0.080399476,-0.7255333,0.23295254,1,0.17724662780761719,-0.21511144002278645,0.5886233139038086,0.39244427998860676,0.6788992140584266,0.7320558673610956,0.05648065344031175,-0.7919952961953528,-45.37798786620726,2
6.359999999999909,,,,,17.688036,0.080399476,-0.7255333,0.23295254,-14.246496,-10.438019,1.8945094,0.83001107,-0.41697282,0.18342897,0.321822,11.854602,0.6557214,-0.6413608,0.080399476,-0.7255333,0.23295254,1,0.17724662780761719,-0.21511144002278645,0.5886233139038086,0.39244427998860676,0.6788992140584266,0.7320558673610956,0.05648065344031175,-0.7919952961953528,-45.37798786620726,2
6.369999999999909,,,,,17.633556,0.14100298,-0.65243506,0.23371434,-14.12792,-10.430745,1.8881235,0.8304632,-0.41525498,0.18103167,0.32422525,11.860678,0.79883003,-0.6356843,0.080399476,-0.7255333,0.23295254,1,0.17724662780761719,-0.21511144002278645,0.5886233139038086,0.39244427998860676,0.6788992140584266,0.7320558673610956,0.05648065344031175,-0.7919952961953528,-45.37798786620726,2
6.379999999999908,,,,,17.633556,0.14100298,-0.65243506,0.23371434,-14.009287,-10.422046,1.8817968,0.8309624,-0.41339764,0.17903528,0.32642066,11.865968,0.9409403,-0.6295212,0.14100298,-0.65243506,0.23371434,1,0.17724662780761719,-0.21511144002278645,0.5886233139038086,0.39244427998860676,0.6788992140584266,0.7320558673610956,0.05648065344031175,-0.7919952961953528,-45.37798786620726,2
6.389999999999908,,,,,17.633556,0.14100298,-0.65243506,0.23371434,-13.890602,-10.411928,1.8755357,0.8314513,-0.41153517,0.17703663,0.328612,11.870598,1.0824871,-0.62256306,0.14100298,-0.65243506,0.23371434,1,0.17724662780761719,-0.21511144002278645,0.5886233139038086,0.39244427998860676,0.6788992140584266,0.7320558673610956,0.05648065344031175,-0.7919952961953528,-45.37798786620726,2
6.399999999999908,,,,,17.633556,0.14100298,-0.65243506,0.23371434,-13.771876,-10.400398,1.8693482,0.8319297,-0.40966755,0.17503577,0.33079925,11.874571,1.223463,-0.6148134,0.14100298,-0.65243506,0.23371434,1,0.17724662780761719,-0.21511144002278645,0.5886233139038086,0.39244427998860676,0.6788992140584266,0.7320558673610956,0.05648065344031175,-0.7919952961953528,-45.37798786620726,2
6.409999999999908,,,,,17.561226,0.067943156,-0.6832763,0.20436901,-13.653113,-10.387463,1.8632421,0.8323978,-0.4077948,0.17303273,0.33298236,11.877888,1.3638611,-0.60627574,0.14100298,-0.65243506,0.23371434,1,0.204455623626709,-0.16062675476074217,0.6022278118133545,0.4196866226196289,0.6940806620032451,0.7172441633939173,0.06174823649705824,-0.6874864204326064,-39.39007036334483,2
6.419999999999908,,,,,17.561226,0.067943156,-0.6832763,0.20436901,-13.534321,-10.373127,1.8572232,0.8327819,-0.40619496,0.17071766,0.33516523,11.880491,1.503113,-0.5974101,0.067943156,-0.6832763,0.20436901,1,0.204455623626709,-0.16062675476074217,0.6022278118133545,0.4196866226196289,0.6940806620032451,0.7172441633939173,0.06174823649705824,-0.6874864204326064,-39.39007036334483,2
6.429999999999907,,,,,17.561226,0.067943156,-0.6832763,0.20436901,-13.415506,-10.357401,1.8512965,0.83315533,-0.40458998,0.16840039,0.33734372,11.882317,1.6418095,-0.58780897,0.067943156,-0.6832763,0.20436901,1,0.204455623626709,-0.16062675476074217,0.6022278118133545,0.4196866226196289,0.6940806620032451,0.7172441633939173,0.06174823649705824,-0.6874864204326064,-39.39007036334483,2
6.439999999999907,,,,,17.561226,0.067943156,-0.6832763,0.20436901,-13.296678,-10.340292,1.8454696,0.833518,-0.40297976,0.16608097,0.33951792,11.883368,1.7799428,-0.5774762,0.067943156,-0.6832763,0.20436901,1,0.204455623626709,-0.16062675476074217,0.6022278118133545,0.4196866226196289,0.6940806620032451,0.7172441633939173,0.06174823649705824,-0.6874864204326064,-39.39007036334483,2
6.449999999999907,,,,,17.285927,-0.025346737,-0.8271815,0.1568898,-13.177842,-10.321804,1.8397497,0.83387005,-0.40136442,0.1637594,0.34168777,11.883644,1.9175055,-0.5664157,0.067943156,-0.6832763,0.20436901,1,0.204455623626709,-0.16062675476074217,0.6022278118133545,0.4196866226196289,0.6940806620032451,0.7172441633939173,0.06174823649705824,-0.6874864204326064,-39.39007036334483,2
6.459999999999907,,,,,17.285927,-0.025346737,-0.8271815,0.1568898,-13.059008,-10.301954,1.8341354,0.834221,-0.3999249,0.16058068,0.34401962,11.883047,2.0523283,-0.5563369,-0.025346737,-0.8271815,0.1568898,1,0.204455623626709,-0.16062675476074217,0.6022278118133545,0.4196866226196289,0.6940806620032451,0.7172441633939173,0.06174823649705824,-0.6874864204326064,-39.39007036334483,2
6.4699999999999065,,,,,17.285927,-0.025346737,-0.8271815,0.1568898,-12.940186,-10.28076,1.8286256,0.8345572,-0.39847827,0.15739912,0.34634537,11.881402,2.1865346,-0.5455052,-0.025346737,-0.8271815,0.1568898,1,0.17690301895141602,-0.16038019816080729,0.588451509475708,0.41980990091959636,0.6558852349374799,0.7509041386616214,0.07718505769807713,-0.6708451003725966,-38.436592958379876,2
6.479999999999906,,,,,17.285927,-0.025346737,-0.8271815,0.1568898,-12.821384,-10.258226,1.8232279,0.83487856,-0.39702457,0.15421477,0.348665,11.87871,2.3201146,-0.53392684,-0.025346737,-0.8271815,0.1568898,1,0.17690301895141602,-0.16038019816080729,0.588451509475708,0.41980990091959636,0.6558852349374799,0.7509041386616214,0.07718505769807713,-0.6708451003725966,-38.436592958379876,2
6.489999999999906,,,,,17.079115,-0.19270347,-0.9651829,0.12727803,-12.702615,-10.23436,1.8179497,0.83518517,-0.39556384,0.1510277,0.35097843,11.874972,2.4530575,-0.5216079,-0.025346737,-0.8271815,0.1568898,1,0.17690301895141602,-0.16038019816080729,0.588451509475708,0.41980990091959636,0.6558852349374799,0.7509041386616214,0.07718505769807713,-0.6708451003725966,-38.436592958379876,2
6.499999999999906,,,,,17.079115,-0.19270347,-0.9651829,0.12727803,-12.583888,-10.209176,1.8127916,0.83529925,-0.39457378,0.14690888,0.3535601,11.8701105,2.5837767,-0.50989753,-0.19270347,-0.9651829,0.12727803,1,0.17690301895141602,-0.16038019816080729,0.588451509475708,0.41980990091959636,0.6558852349374799,0.7509041386616214,0.07718505769807713,-0.6708451003725966,-38.436592958379876,2
6.509999999999906,,,,,17.079115,-0.19270347,-0.9651829,0.12727803,-12.465217,-10.182687,1.807754,0.8353928,-0.393574,0.14278646,0.35613304,11.863851,2.713859,-0.49750426,-0.19270347,-0.9651829,0.12727803,1,0.17690301895141602,-0.16038019816080729,0.588451509475708,0.41980990091959636,0.6558852349374799,0.7509041386616214,0.07718505769807713,-0.6708451003725966,-38.436592958379876,2
6.519999999999905,,,,,17.079115,-0.19270347,-0.9651829,0.12727803,-12.346616,-10.154901,1.8028438,0.8354657,-0.39256454,0.1386605,0.35869724,11.8561945,2.8432915,-0.4844374,-0.19270347,-0.9651829,0.12727803,1,0.17690301895141602,-0.16038019816080729,0.588451509475708,0.41980990091959636,0.6558852349374799,0.7509041386616214,0.07718505769807713,-0.6708451003725966,-38.436592958379876,2
6.529999999999905,,,,,16.72513,-0.23544514,-1.0056735,0.096088104,-12.228097,-10.125823,1.7980676,0.83551806,-0.39154541,0.13453116,0.36125258,11.847144,2.97206,-0.4707064,-0.19270347,-0.9651829,0.12727803,1,0.17690301895141602,-0.16038019816080729,0.588451509475708,0.41980990091959636,0.6558852349374799,0.7509041386616214,0.07718505769807713,-0.6708451003725966,-38.436592958379876,2
6.539999999999905,,,,,16.72513,-0.23544514,-1.0056735,0.096088104,-12.109676,-10.095474,1.7934203,0.8355488,-0.39064264,0.13009092,0.36377633,11.836881,3.0974948,-0.4586542,-0.23544514,-1.0056735,0.096088104,1,0.149321985244751,-0.08280739466349284,0.5746609926223755,0.4585963026682536,0.6369916153379396,0.7694425203052757,0.04690298429128335,-0.6233535912265049,-35.71552992160187,2
6.549999999999905,,,,,16.72513,-0.23544514,-1.0056735,0.096088104,-11.9913645,-10.063875,1.7888967,0.83555704,-0.3897293,0.12564719,0.3662903,11.825158,3.2222495,-0.44597676,-0.23544514,-1.0056735,0.096088104,1,0.149321985244751,-0.08280739466349284,0.5746609926223755,0.4585963026682536,0.6369916153379396,0.7694425203052757,0.04690298429128335,-0.6233535912265049,-35.71552992160187,2
6.559999999999905,,,,,16.72513,-0.23544514,-1.0056735,0.096088104,-11.873178,-10.031032,1.7845027,0.83554286,-0.3888055,0.12120006,0.3687944,11.811978,3.3463097,-0.4326848,-0.23544514,-1.0056735,0.096088104,1,0.149321985244751,-0.08280739466349284,0.5746609926223755,0.4585963026682536,0.6369916153379396,0.7694425203052757,0.04690298429128335,-0.6233535912265049,-35.71552992160187,2
6.569999999999904,,,,,16.18982,-0.1853904,-0.91865814,0.035304822,-11.75513,-9.996951,1.780245,0.83550614,-0.38787127,0.116749674,0.37128857,11.797343,3.469661,-0.41878912,-0.23544514,-1.0056735,0.096088104,1,0.149321985244751,-0.08280739466349284,0.5746609926223755,0.4585963026682536,0.6369916153379396,0.7694425203052757,0.04690298429128335,-0.6233535912265049,-35.71552992160187,2
6.579999999999904,,,,,16.18982,-0.1853904,-0.91865814,0.035304822,-11.637233,-9.961661,1.776111,0.8356081,-0.38691545,0.11263498,0.3733218,11.781829,3.58838,-0.40791246,-0.1853904,-0.91865814,0.035304822,1,0.149321985244751,-0.08280739466349284,0.5746609926223755,0.4585963026682536,0.6369916153379396,0.7694425203052757,0.04690298429128335,-0.6233535912265049,-35.71552992160187,2
6.589999999999904,,,,,16.18982,-0.1853904,-0.91865814,0.035304822,-11.519498,-9.925187,1.7720885,0.83569175,-0.3859511,0.10851782,0.3753468,11.765066,3.7064288,-0.39649385,-0.1853904,-0.91865814,0.035304822,1,0.149321985244751,-0.08280739466349284,0.5746609926223755,0.4585963026682536,0.6369916153379396,0.7694425203052757,0.04690298429128335,-0.6233535912265049,-35.71552992160187,2
6.599999999999904,,,,,16.18982,-0.1853904,-0.91865814,0.035304822,-11.401937,-9.887535,1.768183,0.835757,-0.38497826,0.104398265,0.3773636,11.747056,3.8237965,-0.38454258,-0.1853904,-0.91865814,0.035304822,1,0.149321985244751,-0.08280739466349284,0.5746609926223755,0.4585963026682536,0.6369916153379396,0.7694425203052757,0.04690298429128335,-0.6233535912265049,-35.71552992160187,2
6.6099999999999035,,,,,15.9106655,-0.11506609,-0.9692625,-0.009444162,-11.284561,-9.848713,1.7643995,0.8358039,-0.38399696,0.10027642,0.37937206,11.727801,3.940473,-0.37206796,-0.1853904,-0.91865814,0.035304822,1,0.16246002197265624,0.01362651507059733,0.5812300109863281,0.5068132575352987,0.6505837612234445,0.7590102969263322,0.025379889522166507,-0.5380239517813392,-30.826501714020846,2
6.619999999999903,,,,,15.9106655,-0.11506609,-0.9692625,-0.009444162,-11.167383,-9.808738,1.7607338,0.836077,-0.38263947,0.09598828,0.3812467,11.707665,4.0544133,-0.36095732,-0.11506609,-0.9692625,-0.009444162,1,0.16246002197265624,0.01362651507059733,0.5812300109863281,0.5068132575352987,0.6505837612234445,0.7590102969263322,0.025379889522166507,-0.5380239517813392,-30.826501714020846,2
6.629999999999903,,,,,15.9106655,-0.11506609,-0.9692625,-0.009444162,-11.050413,-9.767627,1.7571822,0.83633006,-0.3812728,0.09169785,0.38311225,11.686335,4.1675615,-0.3492517,-0.11506609,-0.9692625,-0.009444162,1,0.16246002197265624,0.01362651507059733,0.5812300109863281,0.5068132575352987,0.6505837612234445,0.7590102969263322,0.025379889522166507,-0.5380239517813392,-30.826501714020846,2
6.639999999999903,,,,,15.9106655,-0.11506609,-0.9692625,-0.009444162,-10.933661,-9.725389,1.7537507,0.8365632,-0.37989706,0.08740524,0.38496873,11.663809,4.2799063,-0.3369615,-0.11506609,-0.9692625,-0.009444162,1,0.16246002197265624,0.01362651507059733,0.5812300109863281,0.5068132575352987,0.6505837612234445,0.7590102969263322,0.025379889522166507,-0.5380239517813392,-30.826501714020846,2
6.649999999999903,,,,,15.833164,-0.039848678,-0.92491066,-0.036824465,-10.817142,-9.682033,1.750445,0.8367765,-0.37851226,0.08311055,0.38681602,11.640093,4.391437,-0.32409748,-0.11506609,-0.9692625,-0.009444162,1,0.16246002197265624,0.01362651507059733,0.5812300109863281,0.5068132575352987,0.6505837612234445,0.7590102969263322,0.025379889522166507,-0.5380239517813392,-30.826501714020846,2
6.659999999999902,,,,,15.833164,-0.039848678,-0.92491066,-0.036824465,-10.700863,-9.637567,1.747268,0.83714765,-0.37690133,0.07909319,0.3884248,11.615356,4.501602,-0.31119934,-0.039848678,-0.92491066,-0.036824465,1,0.16246002197265624,0.01362651507059733,0.5812300109863281,0.5068132575352987,0.6505837612234445,0.7590102969263322,0.025379889522166507,-0.5380239517813392,-30.826501714020846,2
6.669999999999902,,,,,15.833164,-0.039848678,-0.92491066,-0.036824465,-10.584837,-9.592003,1.7442229,0.8375009,-0.37528238,0.075074136,0.39002526,11.589572,4.610929,-0.2977132,-0.039848678,-0.92491066,-0.036824465,1,0.16449441909790039,0.02929507573445638,0.5822472095489502,0.5146475378672282,0.631529662738993,0.7730287188489509,0.0599740353446676,-0.5071492745274939,-29.057513013546952,2
6.679999999999902,,,,,15.833164,-0.039848678,-0.92491066,-0.036824465,-10.469074,-9.545351,1.7413157,0.83783615,-0.37365535,0.07105347,0.39161736,11.562739,4.719409,-0.28364894,-0.039848678,-0.92491066,-0.036824465,1,0.16449441909790039,0.02929507573445638,0.5822472095489502,0.5146475378672282,0.631529662738993,0.7730287188489509,0.0599740353446676,-0.5071492745274939,-29.057513013546952,2
6.689999999999902,,,,,15.549282,0.05955579,-0.753207,-0.0691755,-10.353585,-9.497618,1.7385519,0.83815336,-0.3720203,0.06703127,0.39320102,11.534862,4.8270335,-0.26901647,-0.039848678,-0.92491066,-0.036824465,1,0.16449441909790039,0.02929507573445638,0.5822472095489502,0.5146475378672282,0.631529662738993,0.7730287188489509,0.0599740353446676,-0.5071492745274939,-29.057513013546952,2
6.699999999999902,,,,,15.549282,0.05955579,-0.753207,-0.0691755,-10.238378,-9.448823,1.7359271,0.8386466,-0.37031043,0.06386269,0.3942894,11.506568,4.9319158,-0.25586417,0.05955579,-0.753207,-0.0691755,1,0.16449441909790039,0.02929507573445638,0.5822472095489502,0.5146475378672282,0.631529662738993,0.7730287188489509,0.0599740353446676,-0.5071492745274939,-29.057513013546952,2
6.709999999999901,,,,,15.549282,0.05955579,-0.753207,-0.0691755,-10.123458,-9.398982,1.7334363,0.8391277,-0.36859518,0.060693193,0.39537206,11.477542,5.0360413,-0.24219072,0.05955579,-0.753207,-0.0691755,1,0.16449441909790039,0.02929507573445638,0.5822472095489502,0.5146475378672282,0.631529662738993,0.7730287188489509,0.0599740353446676,-0.5071492745274939,-29.057513013546952,2
6.719999999999901,,,,,15.549282,0.05955579,-0.753207,-0.0691755,-10.00883,-9.348104,1.7310851,0.83959675,-0.3668747,0.057522826,0.396449,11.447785,5.139404,-0.2280029,0.05955579,-0.753207,-0.0691755,1,0.16449441909790039,0.02929507573445638,0.5822472095489502,0.5146475378672282,0.631529662738993,0.7730287188489509,0.0599740353446676,-0.5071492745274939,-29.057513013546952,2
6.729999999999901,,,,,15.151506,0.06405132,-0.63777083,-0.09377007,-9.894504,-9.296196,1.7288781,0.84005374,-0.36514887,0.054351628,0.39752033,11.417299,5.241999,-0.2133076,0.05955579,-0.753207,-0.0691755,1,0.16449441909790039,0.02929507573445638,0.5822472095489502,0.5146475378672282,0.631529662738993,0.7730287188489509,0.0599740353446676,-0.5071492745274939,-29.057513013546952,2
6.739999999999901,,,,,15.151506,0.06405132,-0.63777083,-0.09377007,-9.780482,-9.24328,1.726806,0.840526,-0.36363575,0.051628646,0.39827138,11.386929,5.3412566,-0.20103334,0.06405132,-0.63777083,-0.09377007,1,0.08680278778076173,0.09784105936686198,0.5434013938903809,0.548920529683431,0.5919028462002676,0.8059673078046865,0.008229180401988528,-0.49875567994464565,-28.576595469005873,2
6.7499999999999005,,,,,15.151506,0.06405132,-0.63777083,-0.09377007,-9.666767,-9.189374,1.7248589,0.8409894,-0.3621188,0.048905123,0.39901826,11.355972,5.4398627,-0.18833937,0.06405132,-0.63777083,-0.09377007,1,0.08680278778076173,0.09784105936686198,0.5434013938903809,0.548920529683431,0.5919028462002676,0.8059673078046865,0.008229180401988528,-0.49875567994464565,-28.576595469005873,2
6.7599999999999,,,,,15.151506,0.06405132,-0.63777083,-0.09377007,-9.553365,-9.134485,1.7230406,0.841444,-0.36059806,0.04618109,0.39976096,11.32443,5.5378146,-0.1752307,0.06405132,-0.63777083,-0.09377007,1,0.08680278778076173,0.09784105936686198,0.5434013938903809,0.548920529683431,0.5919028462002676,0.8059673078046865,0.008229180401988528,-0.49875567994464565,-28.576595469005873,2
6.7699999999999,,,,,14.760962,0.050960943,-0.566717,-0.113583684,-9.44028,-9.07862,1.7213556,0.8418898,-0.35907358,0.04345657,0.40049946,11.292304,5.6351075,-0.16171238,0.06405132,-0.63777083,-0.09377007,1,0.08680278778076173,0.09784105936686198,0.5434013938903809,0.548920529683431,0.5919028462002676,0.8059673078046865,0.008229180401988528,-0.49875567994464565,-28.576595469005873,2
6.7799999999999,,,,,14.760962,0.050960943,-0.566717,-0.113583684,-9.327516,-9.021797,1.7197932,0.84232837,-0.3577474,0.040968955,0.40102607,11.260457,5.729276,-0.15069522,0.050960943,-0.566717,-0.113583684,1,0.08680278778076173,0.09784105936686198,0.5434013938903809,0.548920529683431,0.5919028462002676,0.8059673078046865,0.008229180401988528,-0.49875567994464565,-28.576595469005873,2
6.7899999999999,,,,,14.760962,0.050960943,-0.566717,-0.113583684,-9.215073,-8.964036,1.7183428,0.8427598,-0.3564182,0.03848099,0.40154928,11.228099,5.8228726,-0.13933693,0.050960943,-0.566717,-0.113583684,1,0.08680278778076173,0.09784105936686198,0.5434013938903809,0.548920529683431,0.5919028462002676,0.8059673078046865,0.008229180401988528,-0.49875567994464565,-28.576595469005873,2
6.7999999999998995,,,,,14.760962,0.050960943,-0.566717,-0.113583684,-9.102956,-8.905341,1.7170075,0.8431842,-0.35508597,0.0359927,0.4020691,11.19523,5.915895,-0.12764157,0.050960943,-0.566717,-0.113583684,1,0.08680278778076173,0.09784105936686198,0.5434013938903809,0.548920529683431,0.5919028462002676,0.8059673078046865,0.008229180401988528,-0.49875567994464565,-28.576595469005873,2
6.809999999999899,,,,,15.809178,-0.01855048,-0.48183325,-0.14648378,-8.99117,-8.845719,1.715791,0.8436014,-0.35375077,0.03350411,0.40258557,11.161849,6.00834,-0.1156132,0.050960943,-0.566717,-0.113583684,1,0.1271263599395752,0.12552468617757162,0.5635631799697876,0.5627623430887858,0.6159143760379273,0.7864019600251918,0.047132140396420816,-0.4125698004876742,-23.638508322498144,0
6.819999999999899,,,,,15.809178,-0.01855048,-0.48183325,-0.14648378,-8.879732,-8.785144,1.7147354,0.8439415,-0.35288253,0.031175192,0.40282175,11.125558,6.106778,-0.095452555,-0.01855048,-0.48183325,-0.14648378,1,0.1271263599395752,0.12552468617757162,0.5635631799697876,0.5627623430887858,0.6159143760379273,0.7864019600251918,0.047132140396420816,-0.4125698004876742,-23.638508322498144,0
6.829999999999899,,,,,15.809178,-0.01855048,-0.48183325,-0.14648378,-8.76866,-8.723586,1.7138826,0.84427625,-0.35201207,0.02884608,0.4030554,11.088733,6.204728,-0.075051576,-0.01855048,-0.48183325,-0.14648378,1,0.1271263599395752,0.12552468617757162,0.5635631799697876,0.5627623430887858,0.6159143760379273,0.7864019600251918,0.047132140396420816,-0.4125698004876742,-23.638508322498144,0
6.839999999999899,,,,,15.809178,-0.01855048,-0.48183325,-0.14648378,-8.657959,-8.661052,1.7132351,0.8446056,-0.35113937,0.026516782,0.4032865,11.0513735,6.3021884,-0.054413676,-0.01855048,-0.48183325,-0.14648378,1,0.1271263599395752,0.12552468617757162,0.5635631799697876,0.5627623430887858,0.6159143760379273,0.7864019600251918,0.047132140396420816,-0.4125698004876742,-23.638508322498144,0
6.849999999999898,,,,,15.601764,0.02843157,-0.3890032,-0.15211475,-8.547634,-8.597545,1.7127951,0.84492964,-0.3502644,0.024187319,0.403515,11.01348,6.3991566,-0.033542253,-0.01855048,-0.48183325,-0.14648378,1,0.1271263599395752,0.12552468617757162,0.5635631799697876,0.5627623430887858,0.6159143760379273,0.7864019600251918,0.047132140396420816,-0.4125698004876742,-23.638508322498144,0
6.859999999999898,,,,,15.601764,0.02843157,-0.3890032,-0.15211475,-8.437689,-8.533077,1.7125573,0.84533155,-0.34937707,0.022334827,0.4035493,10.975614,6.4943895,-0.014006353,0.02843157,-0.3890032,-0.15211475,1,0.1271263599395752,0.12552468617757162,0.5635631799697876,0.5627623430887858,0.6159143760379273,0.7864019600251918,0.047132140396420816,-0.4125698004876742,-23.638508322498144,0
6.869999999999898,,,,,15.601764,0.02843157,-0.3890032,-0.15211475,-8.328125,-8.467659,1.712516,0.8457297,-0.3484882,0.020482237,0.40358186,10.937369,6.589199,0.0057492875,0.02843157,-0.3890032,-0.15211475,1,0.18027462005615236,0.22184664408365887,0.5901373100280762,0.6109233220418294,0.6803324157339077,0.7324275540305831,0.026413674459313266,-0.28003839959195465,-16.045018398217074,0
6.879999999999898,,,,,15.601764,0.02843157,-0.3890032,-0.15211475,-8.218945,-8.401295,1.7126732,0.84612423,-0.34759784,0.018629557,0.40361264,10.898747,6.683584,0.02572237,0.02843157,-0.3890032,-0.15211475,1,0.18027462005615236,0.22184664408365887,0.5901373100280762,0.6109233220418294,0.6803324157339077,0.7324275540305831,0.026413674459313266,-0.28003839959195465,-16.045018398217074,0
6.8899999999998975,,,,,15.099687,0.040654697,-0.2931346,-0.15200353,-8.110151,-8.333989,1.7130313,0.846515,-0.34670594,0.016776795,0.40364167,10.859748,6.777544,0.045910593,0.02843157,-0.3890032,-0.15211475,1,0.18027462005615236,0.22184664408365887,0.5901373100280762,0.6109233220418294,0.6803324157339077,0.7324275540305831,0.026413674459313266,-0.28003839959195465,-16.045018398217074,0
6.899999999999897,,,,,15.099687,0.040654697,-0.2931346,-0.15200353,-8.001743,-8.26576,1.7135732,0.84691566,-0.34595457,0.015354604,0.4035025,10.821678,6.8681,0.062485516,0.040654697,-0.2931346,-0.15200353,1,0.18027462005615236,0.22184664408365887,0.5901373100280762,0.6109233220418294,0.6803324157339077,0.7324275540305831,0.026413674459313266,-0.28003839959195465,-16.045018398217074,0
6.909999999999897,,,,,15.099687,0.040654697,-0.2931346,-0.15200353,-7.893718,-8.196629,1.7142818,0.84731394,-0.34520224,0.013932372,0.4033622,10.783353,6.958332,0.0792309,0.040654697,-0.2931346,-0.15200353,1,0.18027462005615236,0.22184664408365887,0.5901373100280762,0.6109233220418294,0.6803324157339077,0.7324275540305831,0.026413674459313266,-0.28003839959195465,-16.045018398217074,0
6.919999999999897,,,,,15.099687,0.040654697,-0.2931346,-0.15200353,-7.7860765,-8.126596,1.7151586,0.84770995,-0.34444895,0.012510101,0.4032208,10.744772,7.0482388,0.096145384,0.040654697,-0.2931346,-0.15200353,1,0.18027462005615236,0.22184664408365887,0.5901373100280762,0.6109233220418294,0.6803324157339077,0.7324275540305831,0.026413674459313266,-0.28003839959195465,-16.045018398217074,0
6.929999999999897,,,,,14.348314,0.0575333,-0.4070941,-0.14153123,-7.6788235,-8.055666,1.7162054,0.8481036,-0.34369472,0.011087797,0.4030783,10.7059355,7.13782,0.113227606,0.040654697,-0.2931346,-0.15200353,1,0.18027462005615236,0.22184664408365887,0.5901373100280762,0.6109233220418294,0.6803324157339077,0.7324275540305831,0.026413674459313266,-0.28003839959195465,-16.045018398217074,0
6.9399999999998965,,,,,14.348314,0.0575333,-0.4070941,-0.14153123,-7.57195,-7.983864,1.7173952,0.84850824,-0.34263733,0.009234217,0.40317354,10.668754,7.222588,0.1247596,0.0575333,-0.4070941,-0.14153123,1,0.05887256622314453,0.17737688700358073,0.5294362831115723,0.5886884435017904,0.5844361417877059,0.8112001683275774,0.019715046984735862,-0.3513591030855656,-20.13139370030493,0
6.949999999999896,,,,,14.348314,0.0575333,-0.4070941,-0.14153123,-7.4654503,-7.911216,1.7187014,0.8489089,-0.3415783,0.0073805936,0.40326688,10.631232,7.306924,0.1365098,0.0575333,-0.4070941,-0.14153123,1,0.05887256622314453,0.17737688700358073,0.5294362831115723,0.5886884435017904,0.5844361417877059,0.8112001683275774,0.019715046984735862,-0.3513591030855656,-20.13139370030493,0
6.959999999999896,,,,,14.348314,0.0575333,-0.4070941,-0.14153123,-7.359327,-7.8377266,1.720126,0.84930557,-0.3405177,0.005526935,0.4033583,10.593375,7.3908267,0.14847593,0.0575333,-0.4070941,-0.14153123,1,0.05887256622314453,0.17737688700358073,0.5294362831115723,0.5886884435017904,0.5844361417877059,0.8112001683275774,0.019715046984735862,-0.3513591030855656,-20.13139370030493,0
6.969999999999896,,,,,13.472067,-0.1325691,-0.784645,-0.084106915,-7.2535834,-7.7634006,1.7216715,0.84969825,-0.33945546,0.0036732506,0.40344784,10.5551815,7.474295,0.16065563,0.0575333,-0.4070941,-0.14153123,1,0.05887256622314453,0.17737688700358073,0.5294362831115723,0.5886884435017904,0.5844361417877059,0.8112001683275774,0.019715046984735862,-0.3513591030855656,-20.13139370030493,0
6.979999999999896,,,,,13.472067,-0.1325691,-0.784645,-0.084106915,-7.1482124,-7.688268,1.7233062,0.8496505,-0.33843467,-7.050269e-05,0.40442148,10.518808,7.5521693,0.16629677,-0.1325691,-0.784645,-0.084106915,1,0.05887256622314453,0.17737688700358073,0.5294362831115723,0.5886884435017904,0.5844361417877059,0.8112001683275774,0.019715046984735862,-0.3513591030855656,-20.13139370030493,0
6.989999999999895,,,,,13.472067,-0.1325691,-0.784645,-0.084106915,-7.04321,-7.6123595,1.7249981,0.84958917,-0.33740848,-0.003814255,0.40538865,10.481601,7.629397,0.17212531,-0.1325691,-0.784645,-0.084106915,1,0.05887256622314453,0.17737688700358073,0.5294362831115723,0.5886884435017904,0.5844361417877059,0.8112001683275774,0.019715046984735862,-0.3513591030855656,-20.13139370030493,0
6.999999999999895,,,,,13.472067,-0.1325691,-0.784645,-0.084106915,-6.938584,-7.5356827,1.7267493,0.84951425,-0.33637688,-0.0075579463,0.40634933,10.443561,7.7059727,0.17813413,-0.1325691,-0.784645,-0.084106915,1,0.05887256622314453,0.17737688700358073,0.5294362831115723,0.5886884435017904,0.5844361417877059,0.8112001683275774,0.019715046984735862,-0.3513591030855656,-20.13139370030493,0
7.009999999999895,,,,,12.603895,-0.20838556,-1.003745,0.060643204,-6.8343425,-7.458243,1.7285614,0.84942573,-0.3353399,-0.011301517,0.4073035,10.404691,7.7818937,0.18431607,-0.1325691,-0.784645,-0.084106915,1,0.0483353853225708,0.13901269276936848,0.5241676926612854,0.5695063463846842,0.5411535948446566,0.8367558412258603,0.08362086438867221,-0.3545549301946408,-20.314501105708434,0
7.019999999999895,,,,,12.603895,-0.20838556,-1.003745,0.060643204,-6.730481,-7.3800716,1.7304025,0.8488849,-0.33417982,-0.015887082,0.4092269,10.367457,7.852247,0.18393835,-0.20838556,-1.003745,0.060643204,1,0.0483353853225708,0.13901269276936848,0.5241676926612854,0.5695063463846842,0.5411535948446566,0.8367558412258603,0.08362086438867221,-0.3545549301946408,-20.314501105708434,0
7.0299999999998946,,,,,12.603895,-0.20838556,-1.003745,0.060643204,-6.6269965,-7.3012004,1.7322406,0.84832174,-0.3330109,-0.020472227,0.4111395,10.329203,7.9218254,0.18372132,-0.20838556,-1.003745,0.060643204,1,0.0483353853225708,0.13901269276936848,0.5241676926612854,0.5695063463846842,0.5411535948446566,0.8367558412258603,0.08362086438867221,-0.3545549301946408,-20.314501105708434,0
7.039999999999894,,,,,12.603895,-0.20838556,-1.003745,0.060643204,-6.5239,-7.2216377,1.7340775,0.8477362,-0.3318332,-0.025056833,0.41304123,10.289931,7.9906206,0.18365517,-0.20838556,-1.003745,0.060643204,1,0.0483353853225708,0.13901269276936848,0.5241676926612854,0.5695063463846842,0.5411535948446566,0.8367558412258603,0.08362086438867221,-0.3545549301946408,-20.314501105708434,0
7.049999999999894,,,,,12.37313,-0.4797527,-1.0395695,0.20820391,-6.4212017,-7.141391,1.7359143,0.8471283,-0.33064678,-0.029640779,0.41493207,10.249648,8.058625,0.1837301,-0.20838556,-1.003745,0.060643204,1,0.0483353853225708,0.13901269276936848,0.5241676926612854,0.5695063463846842,0.5411535948446566,0.8367558412258603,0.08362086438867221,-0.3545549301946408,-20.314501105708434,0
7.059999999999894,,,,,12.37313,-0.4797527,-1.0395695,0.20820391,-6.3189073,-7.060474,1.7377434,0.8457347,-0.33054736,-0.03469461,0.41745448,10.209016,8.124642,0.18206632,-0.4797527,-1.0395695,0.20820391,1,0.0483353853225708,0.13901269276936848,0.5241676926612854,0.5695063463846842,0.5411535948446566,0.8367558412258603,0.08362086438867221,-0.3545549301946408,-20.314501105708434,0
7.069999999999894,,,,,12.37313,-0.4797527,-1.0395695,0.20820391,-6.2170253,-6.9789004,1.7395555,0.84431255,-0.33043674,-0.039747264,0.41996273,10.167144,8.189981,0.18033431,-0.4797527,-1.0395695,0.20820391,1,0.060368399620056155,0.16979021708170572,0.5301841998100281,0.5848951085408529,0.5236315463436079,0.844992318706337,0.10861852973176563,-0.3379196776256803,-19.361371342372838,0
7.0799999999998935,,,,,12.37313,-0.4797527,-1.0395695,0.20820391,-6.115568,-6.8966765,1.7413498,0.8428618,-0.3303149,-0.04479857,0.42245677,10.124037,8.254631,0.17852329,-0.4797527,-1.0395695,0.20820391,1,0.060368399620056155,0.16979021708170572,0.5301841998100281,0.5848951085408529,0.5236315463436079,0.844992318706337,0.10861852973176563,-0.3379196776256803,-19.361371342372838,0
7.089999999999893,,,,,12.450081,-0.40946582,-0.9274268,0.16486001,-6.0145483,-6.81381,1.7431256,0.84138256,-0.33018193,-0.049848363,0.42493653,10.079701,8.31858,0.17662247,-0.4797527,-1.0395695,0.20820391,1,0.060368399620056155,0.16979021708170572,0.5301841998100281,0.5848951085408529,0.5236315463436079,0.844992318706337,0.10861852973176563,-0.3379196776256803,-19.361371342372838,0
7.099999999999893,,,,,12.450081,-0.40946582,-0.9274268,0.16486001,-5.9139795,-6.730305,1.7448848,0.84011406,-0.32997075,-0.054347105,0.4270535,10.033917,8.3822365,0.17522828,-0.40946582,-0.9274268,0.16486001,1,0.060368399620056155,0.16979021708170572,0.5301841998100281,0.5848951085408529,0.5236315463436079,0.844992318706337,0.10861852973176563,-0.3379196776256803,-19.361371342372838,0
7.109999999999893,,,,,12.450081,-0.40946582,-0.9274268,0.16486001,-5.813874,-6.6461673,1.7466298,0.8388234,-0.3297509,-0.058844417,0.42915925,9.987059,8.445237,0.17374885,-0.40946582,-0.9274268,0.16486001,1,0.060368399620056155,0.16979021708170572,0.5301841998100281,0.5848951085408529,0.5236315463436079,0.844992318706337,0.10861852973176563,-0.3379196776256803,-19.361371342372838,0
7.119999999999893,,,,,12.450081,-0.40946582,-0.9274268,0.16486001,-5.714242,-6.5614033,1.7483596,0.8375106,-0.32952234,-0.06334017,0.43125364,9.939131,8.507573,0.17217554,-0.40946582,-0.9274268,0.16486001,1,0.060368399620056155,0.16979021708170572,0.5301841998100281,0.5848951085408529,0.5236315463436079,0.844992318706337,0.10861852973176563,-0.3379196776256803,-19.361371342372838,0
7.129999999999892,,,,,12.52929,-0.5721059,-0.42223588,0.0473013,-5.6150947,-6.4760184,1.750073,0.83617574,-0.3292851,-0.06783426,0.4333367,9.890139,8.569237,0.17049973,-0.40946582,-0.9274268,0.16486001,1,0.060368399620056155,0.16979021708170572,0.5301841998100281,0.5848951085408529,0.5236315463436079,0.844992318706337,0.10861852973176563,-0.3379196776256803,-19.361371342372838,0
7.139999999999892,,,,,12.52929,-0.5721059,-0.42223588,0.0473013,-5.516444,-6.390018,1.751772,0.8349828,-0.3307761,-0.07076083,0.43403283,9.839864,8.630823,0.16923864,-0.5721059,-0.42223588,0.0473013,1,0.09553323745727539,0.11502408345540364,0.5477666187286377,0.5575120417277019,0.4636688595817289,0.8609980574577003,0.20902998279731572,-0.3567716872790121,-20.441511930848634,0
7.149999999999892,,,,,12.52929,-0.5721059,-0.42223588,0.0473013,-5.4183006,-6.3034024,1.7534566,0.8337793,-0.3322629,-0.07368651,0.43472347,9.788779,8.692292,0.16762756,-0.5721059,-0.42223588,0.0473013,1,0.09553323745727539,0.11502408345540364,0.5477666187286377,0.5575120417277019,0.4636688595817289,0.8609980574577003,0.20902998279731572,-0.3567716872790121,-20.441511930848634,0
7.159999999999892,,,,,12.52929,-0.5721059,-0.42223588,0.0473013,-5.320671,-6.2161727,1.7551234,0.8325651,-0.33374548,-0.07661125,0.4354086,9.736886,8.75364,0.1656618,-0.5721059,-0.42223588,0.0473013,1,0.09553323745727539,0.11502408345540364,0.5477666187286377,0.5575120417277019,0.4636688595817289,0.8609980574577003,0.20902998279731572,-0.3567716872790121,-20.441511930848634,0
7.169999999999892,,,,,12.442356,-0.28403822,-0.29823664,-0.058175795,-5.223565,-6.12833,1.7567687,0.8313405,-0.33522385,-0.07953502,0.43608817,9.684187,8.814863,0.1633367,-0.5721059,-0.42223588,0.0473013,1,0.09553323745727539,0.11502408345540364,0.5477666187286377,0.5575120417277019,0.4636688595817289,0.8609980574577003,0.20902998279731572,-0.3567716872790121,-20.441511930848634,0
7.179999999999891,,,,,12.442356,-0.28403822,-0.29823664,-0.058175795,-5.126988,-6.039878,1.7583858,0.83087087,-0.33573034,-0.08149137,0.4362323,9.631181,8.875526,0.16006091,-0.28403822,-0.29823664,-0.058175795,1,0.09553323745727539,0.11502408345540364,0.5477666187286377,0.5575120417277019,0.4636688595817289,0.8609980574577003,0.20902998279731572,-0.3567716872790121,-20.441511930848634,0
7.189999999999891,,,,,12.442356,-0.28403822,-0.29823664,-0.058175795,-5.0309434,-5.95082,1.7599694,0.8303976,-0.33623537,-0.083447374,0.43637457,9.577713,8.936039,0.15662149,-0.28403822,-0.29823664,-0.058175795,1,0.09553323745727539,0.11502408345540364,0.5477666187286377,0.5575120417277019,0.4636688595817289,0.8609980574577003,0.20902998279731572,-0.3567716872790121,-20.441511930848634,0
7.199999999999891,,,,,12.442356,-0.28403822,-0.29823664,-0.058175795,-4.9354353,-5.861158,1.7615178,0.82992077,-0.33673897,-0.08540302,0.436515,9.523785,8.996402,0.15301669,-0.28403822,-0.29823664,-0.058175795,1,0.09553323745727539,0.11502408345540364,0.5477666187286377,0.5575120417277019,0.4636688595817289,0.8609980574577003,0.20902998279731572,-0.3567716872790121,-20.441511930848634,0
7.209999999999891,,,,,12.0135565,0.40530208,-0.4020203,-0.12260615,-4.840469,-5.7708926,1.7630292,0.82944036,-0.33724114,-0.08735827,0.43665352,9.469396,9.056613,0.1492447,-0.28403822,-0.29823664,-0.058175795,1,0.11252049446105956,0.23475252787272136,0.5562602472305298,0.6173762639363607,0.5205363585749743,0.8415592903057554,0.14429088779815305,-0.25373678836010316,-14.538047080238105,0
7.2199999999998905,,,,,12.0135565,0.40530208,-0.4020203,-0.12260615,-4.746039,-5.6800365,1.7644864,0.83021235,-0.3346276,-0.08834702,0.43699813,9.416616,9.114444,0.14226304,0.40530208,-0.4020203,-0.12260615,1,0.11252049446105956,0.23475252787272136,0.5562602472305298,0.6173762639363607,0.5205363585749743,0.8415592903057554,0.14429088779815305,-0.25373678836010316,-14.538047080238105,0
7.22999999999989,,,,,12.0135565,0.40530208,-0.4020203,-0.12260615,-4.652137,-5.588605,1.7658758,0.8309772,-0.3320112,-0.08933501,0.43733898,9.363871,9.171703,0.13566032,0.40530208,-0.4020203,-0.12260615,1,0.11252049446105956,0.23475252787272136,0.5562602472305298,0.6173762639363607,0.5205363585749743,0.8415592903057554,0.14429088779815305,-0.25373678836010316,-14.538047080238105,0
7.23999999999989,,,,,12.0135565,0.40530208,-0.4020203,-0.12260615,-4.5587616,-5.4966044,1.767201,0.831735,-0.32939193,-0.090322234,0.4376761,9.311159,9.228391,0.12943327,0.40530208,-0.4020203,-0.12260615,1,0.11252049446105956,0.23475252787272136,0.5562602472305298,0.6173762639363607,0.5205363585749743,0.8415592903057554,0.14429088779815305,-0.25373678836010316,-14.538047080238105,0
7.24999999999989,,,,,11.8805685,1.0379481,-0.39616272,-0.26148045,-4.465913,-5.4040394,1.7684659,0.83248574,-0.32676986,-0.09130869,0.43800953,9.258483,9.284503,0.12357864,0.40530208,-0.4020203,-0.12260615,1,0.11252049446105956,0.23475252787272136,0.5562602472305298,0.6173762639363607,0.5205363585749743,0.8415592903057554,0.14429088779815305,-0.25373678836010316,-14.538047080238105,0
7.25999999999989,,,,,11.8805685,1.0379481,-0.39616272,-0.26148045,-4.3735876,-5.3109193,1.7696694,0.83455986,-0.32145718,-0.09111027,0.43803516,9.206616,9.339311,0.11724249,1.0379481,-0.39616272,-0.26148045,1,0.11252049446105956,0.23475252787272136,0.5562602472305298,0.6173762639363607,0.5205363585749743,0.8415592903057554,0.14429088779815305,-0.25373678836010316,-14.538047080238105,0
7.269999999999889,,,,,11.8805685,1.0379481,-0.39616272,-0.26148045,-4.2817783,-5.217256,1.7708137,0.83660674,-0.31613404,-0.09090888,0.4380465,9.155297,9.393244,0.11172885,1.0379481,-0.39616272,-0.26148045,1,0.048716802597045895,0.08922169367472331,0.524358401298523,0.5446108468373616,0.39559561101297197,0.8848843237690822,0.24593463785121422,-0.3521649643463365,-20.177566149420194,0
7.279999999999889,,,,,11.8805685,1.0379481,-0.39616272,-0.26148045,-4.1904798,-5.123058,1.7719069,0.8386264,-0.3108006,-0.09070453,0.43804356,9.104527,9.446292,0.10702593,1.0379481,-0.39616272,-0.26148045,1,0.048716802597045895,0.08922169367472331,0.524358401298523,0.5446108468373616,0.39559561101297197,0.8848843237690822,0.24593463785121422,-0.3521649643463365,-20.177566149420194,0
7.289999999999889,,,,,11.937883,1.3403963,-0.10485498,-0.44531608,-4.099686,-5.0283337,1.772957,0.84061867,-0.30545703,-0.090497226,0.4380264,9.054312,9.498447,0.10312186,1.0379481,-0.39616272,-0.26148045,1,0.048716802597045895,0.08922169367472331,0.524358401298523,0.5446108468373616,0.39559561101297197,0.8848843237690822,0.24593463785121422,-0.3521649643463365,-20.177566149420194,0
7.299999999999889,,,,,11.937883,1.3403963,-0.10485498,-0.44531608,-4.0093927,-4.9330907,1.7739744,0.8435726,-0.29938444,-0.08868016,0.43691036,9.004584,9.549993,0.1005276,1.3403963,-0.10485498,-0.44531608,1,0.048716802597045895,0.08922169367472331,0.524358401298523,0.5446108468373616,0.39559561101297197,0.8848843237690822,0.24593463785121422,-0.3521649643463365,-20.177566149420194,0
7.309999999999889,,,,,11.937883,1.3403963,-0.10485498,-0.44531608,-3.919591,-4.8373365,1.7749707,0.84648424,-0.29329687,-0.08685866,0.4357724,8.955876,9.600738,0.098881684,1.3403963,-0.10485498,-0.44531608,1,0.048716802597045895,0.08922169367472331,0.524358401298523,0.5446108468373616,0.39559561101297197,0.8848843237690822,0.24593463785121422,-0.3521649643463365,-20.177566149420194,0
7.319999999999888,,,,,11.937883,1.3403963,-0.10485498,-0.44531608,-3.8302717,-4.741079,1.7759552,0.8493534,-0.28719458,-0.0850328,0.4346126,8.908191,9.65067,0.098167166,1.3403963,-0.10485498,-0.44531608,1,0.048716802597045895,0.08922169367472331,0.524358401298523,0.5446108468373616,0.39559561101297197,0.8848843237690822,0.24593463785121422,-0.3521649643463365,-20.177566149420194,0
7.329999999999888,,,,,11.811163,1.5021532,0.046698414,-0.62347436,-3.741424,-4.6443257,1.776937,0.85217994,-0.28107786,-0.08320267,0.43343103,8.861531,9.699774,0.09836688,1.3403963,-0.10485498,-0.44531608,1,0.048716802597045895,0.08922169367472331,0.524358401298523,0.5446108468373616,0.39559561101297197,0.8848843237690822,0.24593463785121422,-0.3521649643463365,-20.177566149420194,0
7.339999999999888,,,,,11.811163,1.5021532,0.046698414,-0.62347436,-3.6530352,-4.5470886,1.7779202,0.85563344,-0.27450994,-0.080621794,0.43131948,8.816477,9.747541,0.09844278,1.5021532,0.046698414,-0.62347436,1,0.03381239414215088,0.08764287948608399,0.5169061970710754,0.543821439743042,0.4221528679548259,0.8616327997526753,0.2817372436648762,-0.2797144191200378,-16.026455684531584,0
7.349999999999888,,,,,11.811163,1.5021532,0.046698414,-0.62347436,-3.5650904,-4.4493775,1.778909,0.8590303,-0.26792383,-0.07803558,0.42917934,8.772686,9.794508,0.09947268,1.5021532,0.046698414,-0.62347436,1,0.03381239414215088,0.08764287948608399,0.5169061970710754,0.543821439743042,0.4221528679548259,0.8616327997526753,0.2817372436648762,-0.2797144191200378,-16.026455684531584,0
7.3599999999998875,,,,,11.811163,1.5021532,0.046698414,-0.62347436,-3.477577,-4.351201,1.7799127,0.86237025,-0.26132,-0.0754442,0.4270108,8.730164,9.840653,0.10143546,1.5021532,0.046698414,-0.62347436,1,0.03381239414215088,0.08764287948608399,0.5169061970710754,0.543821439743042,0.4221528679548259,0.8616327997526753,0.2817372436648762,-0.2797144191200378,-16.026455684531584,0
7.369999999999887,,,,,11.514266,1.6049684,-0.20730403,-0.677264,-3.3904824,-4.252568,1.7809408,0.8656532,-0.25469887,-0.07284783,0.424814,8.688912,9.88596,0.10430975,1.5021532,0.046698414,-0.62347436,1,0.03381239414215088,0.08764287948608399,0.5169061970710754,0.543821439743042,0.4221528679548259,0.8616327997526753,0.2817372436648762,-0.2797144191200378,-16.026455684531584,0
7.379999999999887,,,,,11.514266,1.6049684,-0.20730403,-0.677264,-3.3037894,-4.153491,1.7819893,0.86902684,-0.24705541,-0.071195744,0.4227149,8.649901,9.929183,0.105545126,1.6049684,-0.20730403,-0.677264,1,0.03381239414215088,0.08764287948608399,0.5169061970710754,0.543821439743042,0.4221528679548259,0.8616327997526753,0.2817372436648762,-0.2797144191200378,-16.026455684531584,0
7.389999999999887,,,,,11.514266,1.6049684,-0.20730403,-0.677264,-3.2174804,-4.053988,1.7830548,0.8723336,-0.23939295,-0.069538176,0.4205833,8.612032,9.971262,0.10770879,1.6049684,-0.20730403,-0.677264,1,0.03381239414215088,0.08764287948608399,0.5169061970710754,0.543821439743042,0.4221528679548259,0.8616327997526753,0.2817372436648762,-0.2797144191200378,-16.026455684531584,0
7.399999999999887,,,,,11.514266,1.6049684,-0.20730403,-0.677264,-3.1315446,-3.95407,1.7841465,0.8755732,-0.23171209,-0.06787525,0.41841933,8.575306,10.012179,0.11077473,1.6049684,-0.20730403,-0.677264,1,0.03381239414215088,0.08764287948608399,0.5169061970710754,0.543821439743042,0.4221528679548259,0.8616327997526753,0.2817372436648762,-0.2797144191200378,-16.026455684531584,0
7.4099999999998865,,,,,11.154414,1.5869328,-0.59367603,-0.70832765,-3.0459704,-3.8537488,1.7852734,0.8787455,-0.22401339,-0.06620712,0.41622314,8.5397215,10.051913,0.114716694,1.6049684,-0.20730403,-0.677264,1,-0.042430882453918455,0.01845410982767741,0.47878455877304077,0.5092270549138387,0.3875457638450642,0.8526572847241952,0.3504052450128401,-0.2776371382259393,-15.907436256436576,0
7.419999999999886,,,,,11.154414,1.5869328,-0.59367603,-0.70832765,-2.9607413,-3.7530425,1.7864279,0.88176346,-0.21556152,-0.06630356,0.41428372,8.5062475,10.089124,0.11630001,1.5869328,-0.59367603,-0.70832765,1,-0.042430882453918455,0.01845410982767741,0.47878455877304077,0.5092270549138387,0.3875457638450642,0.8526572847241952,0.3504052450128401,-0.2776371382259393,-15.907436256436576,0
7.429999999999886,,,,,11.154414,1.5869328,-0.59367603,-0.70832765,-2.875843,-3.6519713,1.7876022,0.8847071,-0.2070915,-0.06639441,0.41230935,8.473587,10.124834,0.11869805,1.5869328,-0.59367603,-0.70832765,1,-0.042430882453918455,0.01845410982767741,0.47878455877304077,0.5092270549138387,0.3875457638450642,0.8526572847241952,0.3504052450128401,-0.2776371382259393,-15.907436256436576,0
7.439999999999886,,,,,11.154414,1.5869328,-0.59367603,-0.70832765,-2.7912672,-3.550551,1.7888045,0.8875761,-0.19860399,-0.06647966,0.41030023,8.441739,10.159029,0.121880695,1.5869328,-0.59367603,-0.70832765,1,-0.042430882453918455,0.01845410982767741,0.47878455877304077,0.5092270549138387,0.3875457638450642,0.8526572847241952,0.3504052450128401,-0.2776371382259393,-15.907436256436576,0
7.449999999999886,,,,,10.830577,1.588183,-0.8591606,-0.7935653,-2.7070055,-3.448796,1.7900425,0.8903703,-0.19009975,-0.06655931,0.40825653,8.410701,10.191692,0.12581755,1.5869328,-0.59367603,-0.70832765,1,-0.042430882453918455,0.01845410982767741,0.47878455877304077,0.5092270549138387,0.3875457638450642,0.8526572847241952,0.3504052450128401,-0.2776371382259393,-15.907436256436576,0
7.459999999999885,,,,,10.830577,1.588183,-0.8591606,-0.7935653,-2.6230462,-3.3467271,1.7913085,0.8931704,-0.18100241,-0.06789325,0.40604907,8.381276,10.221822,0.1274982,1.588183,-0.8591606,-0.7935653,1,-0.042430882453918455,0.01845410982767741,0.47878455877304077,0.5092270549138387,0.3875457638450642,0.8526572847241952,0.3504052450128401,-0.2776371382259393,-15.907436256436576,0
7.469999999999885,,,,,10.830577,1.588183,-0.8591606,-0.7935653,-2.5393782,-3.2443655,1.7925947,0.89588374,-0.17188746,-0.069220595,0.4038021,8.352442,10.2502165,0.12985815,1.588183,-0.8591606,-0.7935653,1,-0.024168362617492677,-0.03895120620727539,0.48791581869125367,0.4805243968963623,0.4047425580185051,0.7812209298953046,0.4752655262294468,-0.2057190807878546,-11.786835094454887,0
7.479999999999885,,,,,10.830577,1.588183,-0.8591606,-0.7935653,-2.4559956,-3.1417286,1.7939079,0.8985099,-0.1627558,-0.07054121,0.40151584,8.324193,10.276859,0.13286217,1.588183,-0.8591606,-0.7935653,1,-0.024168362617492677,-0.03895120620727539,0.48791581869125367,0.4805243968963623,0.4047425580185051,0.7812209298953046,0.4752655262294468,-0.2057190807878546,-11.786835094454887,0
7.489999999999885,,,,,10.635435,1.6319904,-0.683124,-0.84296477,-2.3728926,-3.038834,1.795254,0.9010487,-0.1536083,-0.07185496,0.39919057,8.296525,10.301738,0.1364748,1.588183,-0.8591606,-0.7935653,1,-0.024168362617492677,-0.03895120620727539,0.48791581869125367,0.4805243968963623,0.4047425580185051,0.7812209298953046,0.4752655262294468,-0.2057190807878546,-11.786835094454887,0
7.4999999999998845,,,,,10.635435,1.6319904,-0.683124,-0.84296477,-2.2900608,-2.9357018,1.7966301,0.903696,-0.14458223,-0.07231919,0.39648467,8.26998,10.324461,0.13882393,1.6319904,-0.683124,-0.84296477,1,-0.024168362617492677,-0.03895120620727539,0.48791581869125367,0.4805243968963623,0.4047425580185051,0.7812209298953046,0.4752655262294468,-0.2057190807878546,-11.786835094454887,0
7.509999999999884,,,,,10.635435,1.6319904,-0.683124,-0.84296477,-2.2074904,-2.8323505,1.7980324,0.9062565,-0.13554226,-0.07277649,0.3937407,8.244153,10.345533,0.14171867,1.6319904,-0.683124,-0.84296477,1,-0.024168362617492677,-0.03895120620727539,0.48791581869125367,0.4805243968963623,0.4047425580185051,0.7812209298953046,0.4752655262294468,-0.2057190807878546,-11.786835094454887,0
7.519999999999884,,,,,10.635435,1.6319904,-0.683124,-0.84296477,-2.125175,-2.7287967,1.7994663,0.9087299,-0.12648928,-0.073226795,0.39095896,8.219039,10.364941,0.14512523,1.6319904,-0.683124,-0.84296477,1,-0.024168362617492677,-0.03895120620727539,0.48791581869125367,0.4805243968963623,0.4047425580185051,0.7812209298953046,0.4752655262294468,-0.2057190807878546,-11.786835094454887,0
7.529999999999884,,,,,10.608024,1.7140945,-0.8176537,-0.883361,-2.043107,-2.6250575,1.8009365,0.9111161,-0.11742415,-0.073670074,0.38813967,8.194629,10.382669,0.1490096,1.6319904,-0.683124,-0.84296477,1,-0.024168362617492677,-0.03895120620727539,0.48791581869125367,0.4805243968963623,0.4047425580185051,0.7812209298953046,0.4752655262294468,-0.2057190807878546,-11.786835094454887,0
7.539999999999884,,,,,10.608024,1.7140945,-0.8176537,-0.883361,-1.9612795,-2.5211496,1.8024465,0.91348565,-0.10769699,-0.074583,0.38520563,8.170964,10.398607,0.15307955,1.7140945,-0.8176537,-0.883361,1,0.0924758529663086,0.018793759346008302,0.5462379264831543,0.5093968796730042,0.5609422954639213,0.6318385001461118,0.5349054597709566,0.060023561728370645,3.439096758378611,0
7.5499999999998835,,,,,10.608024,1.7140945,-0.8176537,-0.883361,-1.8796854,-2.4170916,1.8039994,0.915755,-0.097958006,-0.075487755,0.38222936,8.147951,10.412685,0.1575705,1.7140945,-0.8176537,-0.883361,1,0.0924758529663086,0.018793759346008302,0.5462379264831543,0.5093968796730042,0.5609422954639213,0.6318385001461118,0.5349054597709566,0.060023561728370645,3.439096758378611,0
7.559999999999883,,,,,10.608024,1.7140945,-0.8176537,-0.883361,-1.7983181,-2.3129022,1.8055993,0.91792387,-0.08820828,-0.07638423,0.37921116,8.125582,10.424893,0.16244261,1.7140945,-0.8176537,-0.883361,1,0.0924758529663086,0.018793759346008302,0.5462379264831543,0.5093968796730042,0.5609422954639213,0.6318385001461118,0.5349054597709566,0.060023561728370645,3.439096758378611,0
7.569999999999883,,,,,10.116124,1.9134388,-0.99268514,-1.0340577,-1.7171717,-2.2086,1.8072495,0.9199921,-0.078448884,-0.07727232,0.37615138,8.103847,10.435219,0.1676559,1.7140945,-0.8176537,-0.883361,1,0.0924758529663086,0.018793759346008302,0.5462379264831543,0.5093968796730042,0.5609422954639213,0.6318385001461118,0.5349054597709566,0.060023561728370645,3.439096758378611,0
7.579999999999883,,,,,10.116124,1.9134388,-0.99268514,-1.0340577,-1.6362343,-2.1042063,1.8089296,0.9222382,-0.06737527,-0.07863997,0.37249663,8.083719,10.443161,0.16837415,1.9134388,-0.99268514,-1.0340577,1,0.0924758529663086,0.018793759346008302,0.5462379264831543,0.5093968796730042,0.5609422954639213,0.6318385001461118,0.5349054597709566,0.060023561728370645,3.439096758378611,0
7.589999999999883,,,,,10.116124,1.9134388,-0.99268514,-1.0340577,-1.5554951,-1.9997438,1.8106179,0.9243524,-0.05629204,-0.07999638,0.36878866,8.06419,10.449024,0.16935731,1.9134388,-0.99268514,-1.0340577,1,0.0924758529663086,0.018793759346008302,0.5462379264831543,0.5093968796730042,0.5609422954639213,0.6318385001461118,0.5349054597709566,0.060023561728370645,3.439096758378611,0
7.599999999999882,,,,,10.116124,1.9134388,-0.99268514,-1.0340577,-1.4749484,-1.8952332,1.8123174,0.92633456,-0.045200765,-0.08134136,0.36502796,8.045246,10.452798,0.17055555,1.9134388,-0.99268514,-1.0340577,1,0.0924758529663086,0.018793759346008302,0.5462379264831543,0.5093968796730042,0.5609422954639213,0.6318385001461118,0.5349054597709566,0.060023561728370645,3.439096758378611,0
7.609999999999882,,,,,9.784165,2.1174924,-0.7740353,-1.153848,-1.3945884,-1.7906951,1.8140296,0.92818433,-0.034103032,-0.08267471,0.3612151,8.026876,10.454474,0.17191887,1.9134388,-0.99268514,-1.0340577,1,-0.0015400008857250215,-0.06495349248250326,0.4992299995571375,0.46752325375874837,0.5034768393037979,0.5655687553048659,0.6531791908102726,0.07258974180657418,4.1590858414610485,0
7.619999999999882,,,,,9.784165,2.1174924,-0.7740353,-1.153848,-1.3144058,-1.6861508,1.8157399,0.9302349,-0.022398558,-0.08263272,0.35683867,8.009759,10.454059,0.17014863,2.1174924,-0.7740353,-1.153848,1,-0.0015400008857250215,-0.06495349248250326,0.4992299995571375,0.46752325375874837,0.5034768393037979,0.5655687553048659,0.6531791908102726,0.07258974180657418,4.1590858414610485,0
7.629999999999882,,,,,9.784165,2.1174924,-0.7740353,-1.153848,-1.2343904,-1.5816209,1.817433,0.9321363,-0.010690491,-0.08257748,0.352405,7.993457,10.451597,0.1684892,2.1174924,-0.7740353,-1.153848,1,-0.0015400008857250215,-0.06495349248250326,0.4992299995571375,0.46752325375874837,0.5034768393037979,0.5655687553048659,0.6531791908102726,0.07258974180657418,4.1590858414610485,0
7.6399999999998816,,,,,9.784165,2.1174924,-0.7740353,-1.153848,-1.1545339,-1.477126,1.8191098,0.93388826,0.0010192902,-0.08250899,0.3479148,7.977955,10.447082,0.16688742,2.1174924,-0.7740353,-1.153848,1,-0.0015400008857250215,-0.06495349248250326,0.4992299995571375,0.46752325375874837,0.5034768393037979,0.5655687553048659,0.6531791908102726,0.07258974180657418,4.1590858414610485,0
7.649999999999881,,,,,9.6653595,2.3406868,-0.13149169,-1.2120107,-1.0748286,-1.3726864,1.8207707,0.9354904,0.012728909,-0.08242728,0.34336877,7.963238,10.440504,0.16529004,2.1174924,-0.7740353,-1.153848,1,-0.0015400008857250215,-0.06495349248250326,0.4992299995571375,0.46752325375874837,0.5034768393037979,0.5655687553048659,0.6531791908102726,0.07258974180657418,4.1590858414610485,0
7.659999999999881,,,,,9.6653595,2.3406868,-0.13149169,-1.2120107,-0.9952651,-1.2683221,1.8224096,0.93728656,0.024401177,-0.07893952,0.3386262,7.949686,10.432052,0.16251275,2.3406868,-0.13149169,-1.2120107,1,-0.0015400008857250215,-0.06495349248250326,0.4992299995571375,0.46752325375874837,0.5034768393037979,0.5655687553048659,0.6531791908102726,0.07258974180657418,4.1590858414610485,0
7.669999999999881,,,,,9.6653595,2.3406868,-0.13149169,-1.2120107,-0.9158303,-1.1640515,1.8240209,0.93891954,0.0360692,-0.075438015,0.33382466,7.9374847,10.421779,0.15973914,2.3406868,-0.13149169,-1.2120107,1,0.053815784454345705,-0.154231694539388,0.5269078922271728,0.422884152730306,0.5562614488908637,0.3688558473613396,0.7446600327298263,0.3343688728219554,19.15792521324462,0
7.679999999999881,,,,,9.6653595,2.3406868,-0.13149169,-1.2120107,-0.83651084,-1.0598928,1.8256042,0.94038904,0.047730934,-0.07192337,0.32896504,7.9266186,10.409677,0.1569123,2.3406868,-0.13149169,-1.2120107,1,0.053815784454345705,-0.154231694539388,0.5269078922271728,0.422884152730306,0.5562614488908637,0.3688558473613396,0.7446600327298263,0.3343688728219554,19.15792521324462,0
7.6899999999998805,,,,,9.662212,2.13862,0.7711018,-1.1710572,-0.7572934,-0.95586437,1.8271588,0.9416948,0.05938436,-0.0683962,0.3240481,7.917072,10.395735,0.15397534,2.3406868,-0.13149169,-1.2120107,1,0.053815784454345705,-0.154231694539388,0.5269078922271728,0.422884152730306,0.5562614488908637,0.3688558473613396,0.7446600327298263,0.3343688728219554,19.15792521324462,0
7.69999999999988,,,,,9.662212,2.13862,0.7711018,-1.1710572,-0.6781643,-0.8519837,1.8286833,0.94314384,0.0686,-0.060947314,0.31946814,7.9090405,10.380205,0.15090053,2.13862,0.7711018,-1.1710572,1,0.053815784454345705,-0.154231694539388,0.5269078922271728,0.422884152730306,0.5562614488908637,0.3688558473613396,0.7446600327298263,0.3343688728219554,19.15792521324462,0
7.70999999999988,,,,,9.662212,2.13862,0.7711018,-1.1710572,-0.5991062,-0.7482643,1.8301766,0.9444387,0.077804424,-0.053488463,0.314836,7.90286,10.363496,0.14776382,2.13862,0.7711018,-1.1710572,1,0.053815784454345705,-0.154231694539388,0.5269078922271728,0.422884152730306,0.5562614488908637,0.3688558473613396,0.7446600327298263,0.3343688728219554,19.15792521324462,0
7.71999999999988,,,,,9.662212,2.13862,0.7711018,-1.1710572,-0.5201007,-0.64471793,1.8316381,0.9455792,0.086996116,-0.04602086,0.31015235,7.8985205,10.345593,0.1445115,2.13862,0.7711018,-1.1710572,1,0.053815784454345705,-0.154231694539388,0.5269078922271728,0.422884152730306,0.5562614488908637,0.3688558473613396,0.7446600327298263,0.3343688728219554,19.15792521324462,0
7.72999999999988,,,,,10.049467,1.3698554,1.4383949,-0.7977825,-0.4411295,-0.54135656,1.8330662,0.94656503,0.0961736,-0.038545735,0.30541798,7.896009,10.326486,0.14108998,2.13862,0.7711018,-1.1710572,1,0.053815784454345705,-0.154231694539388,0.5269078922271728,0.422884152730306,0.5562614488908637,0.3688558473613396,0.7446600327298263,0.3343688728219554,19.15792521324462,0
7.739999999999879,,,,,10.049467,1.3698554,1.4383949,-0.7977825,-0.36217442,-0.43819532,1.8344783,0.9473476,0.10060849,-0.029260512,0.3025805,7.895321,10.305721,0.14131196,1.3698554,1.4383949,-0.7977825,1,-0.06380931854248047,0.07180299123128255,0.46809534072875975,0.5359014956156413,0.6974467543541,0.4692254814184307,0.5416599232254258,0.3248436837122025,18.612172078191808,0
7.749999999999879,,,,,10.049467,1.3698554,1.4383949,-0.7977825,-0.28321633,-0.3352431,1.8358923,0.9480216,0.105031855,-0.019971937,0.29970834,7.896609,10.284681,0.14146931,1.3698554,1.4383949,-0.7977825,1,-0.06380931854248047,0.07180299123128255,0.46809534072875975,0.5359014956156413,0.6974467543541,0.4692254814184307,0.5416599232254258,0.3248436837122025,18.612172078191808,0
7.759999999999879,,,,,10.049467,1.3698554,1.4383949,-0.7977825,-0.20423548,-0.23250271,1.8373075,0.9485871,0.109443195,-0.010681073,0.29680184,7.8998694,10.263358,0.14152,1.3698554,1.4383949,-0.7977825,1,-0.06380931854248047,0.07180299123128255,0.46809534072875975,0.5359014956156413,0.6974467543541,0.4692254814184307,0.5416599232254258,0.3248436837122025,18.612172078191808,0
7.769999999999879,,,,,10.563343,0.93661314,1.1321689,-0.7616036,-0.12521219,-0.12997697,1.8387223,0.9490439,0.113841996,-0.0013889871,0.29386136,7.9050994,10.241745,0.141422,1.3698554,1.4383949,-0.7977825,1,-0.06380931854248047,0.07180299123128255,0.46809534072875975,0.5359014956156413,0.6974467543541,0.4692254814184307,0.5416599232254258,0.3248436837122025,18.612172078191808,0
7.779999999999879,,,,,10.563343,0.93661314,1.1321689,-0.7616036,-0.04612556,-0.027674222,1.8401603,0.94960517,0.11662428,0.0057930527,0.29088828,7.9124656,10.218786,0.14616562,0.93661314,1.1321689,-0.7616036,1,-0.06380931854248047,0.07180299123128255,0.46809534072875975,0.5359014956156413,0.6974467543541,0.4692254814184307,0.5416599232254258,0.3248436837122025,18.612172078191808,0
7.789999999999878,,,,,10.563343,0.93661314,1.1321689,-0.7616036,0.033042423,0.07439829,1.8416451,0.9501014,0.11939859,0.012974695,0.2878953,7.921372,10.195694,0.15075785,0.93661314,1.1321689,-0.7616036,1,-0.06380931854248047,0.07180299123128255,0.46809534072875975,0.5359014956156413,0.6974467543541,0.4692254814184307,0.5416599232254258,0.3248436837122025,18.612172078191808,0
7.799999999999878,,,,,10.563343,0.93661314,1.1321689,-0.7616036,0.11230715,0.17623919,1.8431749,0.95053256,0.12216472,0.02015545,0.28488258,7.9318137,10.172463,0.15517402,0.93661314,1.1321689,-0.7616036,1,-0.06380931854248047,0.07180299123128255,0.46809534072875975,0.5359014956156413,0.6974467543541,0.4692254814184307,0.5416599232254258,0.3248436837122025,18.612172078191808,0
7.809999999999878,,,,,9.826123,0.27563542,1.9163779,-0.76733327,0.19168396,0.27784705,1.8447479,0.95089865,0.124922484,0.027334824,0.28185037,7.943788,10.149089,0.15938954,0.93661314,1.1321689,-0.7616036,1,0.10391210556030274,-0.11329498291015624,0.5519560527801514,0.44335250854492186,0.7983971533628615,0.21974837678924394,0.5606002465220401,0.6381012127941305,36.56050639528292,1
7.819999999999878,,,,,9.826123,0.27563542,1.9163779,-0.76733327,0.27118388,0.37922966,1.8463266,0.9514944,0.12342071,0.03731229,0.27934617,7.9564624,10.127559,0.1563201,0.27563542,1.9163779,-0.76733327,1,0.10391210556030274,-0.11329498291015624,0.5519560527801514,0.44335250854492186,0.7983971533628615,0.21974837678924394,0.5606002465220401,0.6381012127941305,36.56050639528292,1
7.8299999999998775,,,,,9.826123,0.27563542,1.9163779,-0.76733327,0.3508192,0.48040098,1.8478742,0.95198697,0.12190555,0.047285713,0.2768117,7.970862,10.106828,0.15318245,0.27563542,1.9163779,-0.76733327,1,0.10391210556030274,-0.11329498291015624,0.5519560527801514,0.44335250854492186,0.7983971533628615,0.21974837678924394,0.5606002465220401,0.6381012127941305,36.56050639528292,1
7.839999999999877,,,,,9.826123,0.27563542,1.9163779,-0.76733327,0.4306071,0.581369,1.8493898,0.9523763,0.120377176,0.05725401,0.2742472,7.986987,10.08689,0.14993732,0.27563542,1.9163779,-0.76733327,1,0.10391210556030274,-0.11329498291015624,0.5519560527801514,0.44335250854492186,0.7983971533628615,0.21974837678924394,0.5606002465220401,0.6381012127941305,36.56050639528292,1
7.849999999999877,,,,,9.707564,0.4672166,1.4740114,-0.65010214,0.51056486,0.68214154,1.8508723,0.95266235,0.118835755,0.0672161,0.27165297,8.004838,10.06774,0.14654545,0.27563542,1.9163779,-0.76733327,1,0.10391210556030274,-0.11329498291015624,0.5519560527801514,0.44335250854492186,0.7983971533628615,0.21974837678924394,0.5606002465220401,0.6381012127941305,36.56050639528292,1
7.859999999999877,,,,,9.707564,0.4672166,1.4740114,-0.65010214,0.59070826,0.7827272,1.8523144,0.9527388,0.11883649,0.07525571,0.2692656,8.0240755,10.049451,0.14182065,0.4672166,1.4740114,-0.65010214,1,0.10391210556030274,-0.11329498291015624,0.5519560527801514,0.44335250854492186,0.7983971533628615,0.21974837678924394,0.5606002465220401,0.6381012127941305,36.56050639528292,1
7.869999999999877,,,,,9.707564,0.4672166,1.4740114,-0.65010214,0.67105126,0.88313186,1.8537079,0.9527483,0.11882886,0.08329002,0.2668593,8.044745,10.031547,0.1368642,0.4672166,1.4740114,-0.65010214,1,0.09343335151672363,0.19731393178304035,0.5467166757583618,0.5986569658915202,0.9112069475093555,0.36369032852964267,0.19347155797347448,0.515114262680934,29.51387321861076,1
7.879999999999876,,,,,9.707564,0.4672166,1.4740114,-0.65010214,0.7516081,0.9833594,1.8550508,0.9526908,0.11881289,0.091318466,0.26443422,8.066844,10.014023,0.13165161,0.4672166,1.4740114,-0.65010214,1,0.09343335151672363,0.19731393178304035,0.5467166757583618,0.5986569658915202,0.9112069475093555,0.36369032852964267,0.19347155797347448,0.515114262680934,29.51387321861076,1
7.889999999999876,,,,,8.914993,0.7107979,-0.4701709,-0.86590827,0.832393,1.0834136,1.85634,0.95256627,0.11878854,0.09934048,0.26199055,8.090369,9.996875,0.12615845,0.4672166,1.4740114,-0.65010214,1,0.09343335151672363,0.19731393178304035,0.5467166757583618,0.5986569658915202,0.9112069475093555,0.36369032852964267,0.19347155797347448,0.515114262680934,29.51387321861076,1
7.899999999999876,,,,,8.914993,0.7107979,-0.4701709,-0.86590827,0.9134087,1.1833038,1.8575354,0.9534943,0.12235755,0.098544724,0.25722924,8.112771,9.981061,0.11288621,0.7107979,-0.4701709,-0.86590827,1,0.09343335151672363,0.19731393178304035,0.5467166757583618,0.5986569658915202,0.9112069475093555,0.36369032852964267,0.19347155797347448,0.515114262680934,29.51387321861076,1
7.909999999999876,,,,,8.914993,0.7107979,-0.4701709,-0.86590827,0.99464816,1.2830322,1.8585973,0.95438725,0.12592204,0.09774532,0.25245845,8.135114,9.964499,0.09948693,0.7107979,-0.4701709,-0.86590827,1,0.09343335151672363,0.19731393178304035,0.5467166757583618,0.5986569658915202,0.9112069475093555,0.36369032852964267,0.19347155797347448,0.515114262680934,29.51387321861076,1
7.919999999999876,,,,,8.914993,0.7107979,-0.4701709,-0.86590827,1.0761108,1.3825912,1.8595245,0.95524496,0.12948187,0.09694232,0.24767835,8.157389,9.947192,0.08595617,0.7107979,-0.4701709,-0.86590827,1,0.09343335151672363,0.19731393178304035,0.5467166757583618,0.5986569658915202,0.9112069475093555,0.36369032852964267,0.19347155797347448,0.515114262680934,29.51387321861076,1
7.929999999999875,,,,,8.809223,0.8303656,-1.4226123,-1.2035083,1.1577958,1.4819734,1.8603158,0.9560674,0.13303691,0.09613574,0.24288912,8.179588,9.929141,0.07228953,0.7107979,-0.4701709,-0.86590827,1,0.09343335151672363,0.19731393178304035,0.5467166757583618,0.5986569658915202,0.9112069475093555,0.36369032852964267,0.19347155797347448,0.515114262680934,29.51387321861076,1
7.939999999999875,,,,,8.809223,0.8303656,-1.4226123,-1.2035083,1.2397002,1.581172,1.8609648,0.95761067,0.1381485,0.09113926,0.23577799,8.201186,9.910384,0.057506744,0.8303656,-1.4226123,-1.2035083,1,0.08603830337524414,0.14307182312011718,0.543019151687622,0.5715359115600586,0.9316850956125926,0.2864816186638537,0.22336330222552772,0.581178095738659,33.29905203127525,1
7.949999999999875,,,,,8.809223,0.8303656,-1.4226123,-1.2035083,1.3218168,1.6801769,1.8614655,0.9590543,0.14324573,0.08613329,0.22864233,8.222006,9.890407,0.04263823,0.8303656,-1.4226123,-1.2035083,1,0.08603830337524414,0.14307182312011718,0.543019151687622,0.5715359115600586,0.9316850956125926,0.2864816186638537,0.22336330222552772,0.581178095738659,33.29905203127525,1
7.959999999999875,,,,,8.809223,0.8303656,-1.4226123,-1.2035083,1.4041375,1.778976,1.8618171,0.9603982,0.14832805,0.08111836,0.22148287,8.242027,9.869223,0.027667,0.8303656,-1.4226123,-1.2035083,1,0.08603830337524414,0.14307182312011718,0.543019151687622,0.5715359115600586,0.9316850956125926,0.2864816186638537,0.22336330222552772,0.581178095738659,33.29905203127525,1
7.9699999999998745,,,,,9.547155,0.9015309,-1.4335138,-1.1386626,1.4866544,1.8775572,1.8620185,0.96164215,0.15339495,0.076094985,0.2143004,8.261231,9.846845,0.012576118,0.8303656,-1.4226123,-1.2035083,1,0.08603830337524414,0.14307182312011718,0.543019151687622,0.5715359115600586,0.9316850956125926,0.2864816186638537,0.22336330222552772,0.581178095738659,33.29905203127525,1
7.979999999999874,,,,,9.547155,0.9015309,-1.4335138,-1.1386626,1.569367,1.9758989,1.8621029,0.96266603,0.1588244,0.07103779,0.20737195,8.281144,9.821293,0.004282577,0.9015309,-1.4335138,-1.1386626,1,0.08603830337524414,0.14307182312011718,0.543019151687622,0.5715359115600586,0.9316850956125926,0.2864816186638537,0.22336330222552772,0.581178095738659,33.29905203127525,1
7.989999999999874,,,,,9.547155,0.9015309,-1.4335138,-1.1386626,1.6522743,2.0739787,1.8621035,0.9635898,0.16423732,0.0659732,0.20042193,8.300147,9.794418,-0.004200003,0.9015309,-1.4335138,-1.1386626,1,0.08603830337524414,0.14307182312011718,0.543019151687622,0.5715359115600586,0.9316850956125926,0.2864816186638537,0.22336330222552772,0.581178095738659,33.29905203127525,1
7.999999999999874,,,,,9.547155,0.9015309,-1.4335138,-1.1386626,1.7353668,2.1717832,1.8620182,0.9644132,0.16963315,0.060901742,0.19345102,8.318219,9.766237,-0.012891391,0.9015309,-1.4335138,-1.1386626,1,0.08603830337524414,0.14307182312011718,0.543019151687622,0.5715359115600586,0.9316850956125926,0.2864816186638537,0.22336330222552772,0.581178095738659,33.29905203127525,1
8.009999999999874,,,,,10.167282,0.9107437,-1.0355593,-0.95605147,1.8186355,2.2692993,1.8618448,0.9651363,0.17501129,0.05582395,0.18645999,8.335341,9.73677,-0.02181127,0.9015309,-1.4335138,-1.1386626,1,0.11420470237731933,0.06858996073404948,0.5571023511886597,0.5342949803670247,0.938916216475301,0.1017962298726296,0.3287458988693618,0.7547927232371098,43.24643744867241,1
8.019999999999873,,,,,10.167282,0.9107437,-1.0355593,-0.95605147,1.9020762,2.3665044,1.86161,0.96548575,0.18009864,0.05251043,0.18067952,8.352685,9.704088,-0.025209697,0.9107437,-1.0355593,-0.95605147,1,0.11420470237731933,0.06858996073404948,0.5571023511886597,0.5342949803670247,0.938916216475301,0.1017962298726296,0.3287458988693618,0.7547927232371098,43.24643744867241,1
8.029999999999873,,,,,10.167282,0.9107437,-1.0355593,-0.95605147,1.985687,2.463377,1.8613398,0.96576726,0.1851733,0.049193215,0.17488632,8.369357,9.670214,-0.028907731,0.9107437,-1.0355593,-0.95605147,1,0.11420470237731933,0.06858996073404948,0.5571023511886597,0.5342949803670247,0.938916216475301,0.1017962298726296,0.3287458988693618,0.7547927232371098,43.24643744867241,1
8.039999999999873,,,,,10.167282,0.9107437,-1.0355593,-0.95605147,2.069461,2.5599046,1.8610309,0.9659807,0.19023493,0.045872536,0.16908081,8.3853445,9.635156,-0.0329193,0.9107437,-1.0355593,-0.95605147,1,0.11420470237731933,0.06858996073404948,0.5571023511886597,0.5342949803670247,0.938916216475301,0.1017962298726296,0.3287458988693618,0.7547927232371098,43.24643744867241,1
8.049999999999873,,,,,10.249229,0.7575343,-0.64002395,-0.83800924,2.1533916,2.656076,1.8606803,0.9661262,0.19528316,0.042548627,0.1632634,8.400632,9.598928,-0.03725824,0.9107437,-1.0355593,-0.95605147,1,0.11420470237731933,0.06858996073404948,0.5571023511886597,0.5342949803670247,0.938916216475301,0.1017962298726296,0.3287458988693618,0.7547927232371098,43.24643744867241,1
8.059999999999873,,,,,10.249229,0.7575343,-0.64002395,-0.83800924,2.2374725,2.751878,1.8602885,0.96618646,0.19928257,0.040892657,0.15842578,8.415447,9.561344,-0.041164383,0.7575343,-0.64002395,-0.83800924,1,0.11420470237731933,0.06858996073404948,0.5571023511886597,0.5342949803670247,0.938916216475301,0.1017962298726296,0.3287458988693618,0.7547927232371098,43.24643744867241,1
8.069999999999872,,,,,10.249229,0.7575343,-0.64002395,-0.83800924,2.3216994,2.8472998,1.859856,0.96620595,0.20327358,0.039234966,0.15358149,8.429869,9.522873,-0.045368277,0.7575343,-0.64002395,-0.83800924,1,0.1313494873046875,-0.07092044194539388,0.5656747436523437,0.46453977902730303,0.8934341698821626,-0.06756821740221745,0.44408323553592766,0.9216891897322625,52.80890059449121,1
8.079999999999872,,,,,10.249229,0.7575343,-0.64002395,-0.83800924,2.4060683,2.9423325,1.85938,0.96618474,0.20725603,0.037575614,0.14873073,8.443886,9.483519,-0.04987687,0.7575343,-0.64002395,-0.83800924,1,0.1313494873046875,-0.07092044194539388,0.5656747436523437,0.46453977902730303,0.8934341698821626,-0.06756821740221745,0.44408323553592766,0.9216891897322625,52.80890059449121,1
8.089999999999872,,,,,10.767925,0.8170637,0.7382198,-0.6240293,2.4905758,3.0369673,1.8588575,0.9661228,0.21122973,0.035914686,0.1438737,8.45749,9.443291,-0.05469704,0.7575343,-0.64002395,-0.83800924,1,0.1313494873046875,-0.07092044194539388,0.5656747436523437,0.46453977902730303,0.8934341698821626,-0.06756821740221745,0.44408323553592766,0.9216891897322625,52.80890059449121,1
8.099999999999872,,,,,10.767925,0.8170637,0.7382198,-0.6240293,2.575222,3.1311853,1.8583086,0.96555686,0.21452929,0.04072683,0.14148934,8.471878,9.400255,-0.055146594,0.8170637,0.7382198,-0.6240293,1,0.1313494873046875,-0.07092044194539388,0.5656747436523437,0.46453977902730303,0.8934341698821626,-0.06756821740221745,0.44408323553592766,0.9216891897322625,52.80890059449121,1
8.109999999999872,,,,,10.767925,0.8170637,0.7382198,-0.6240293,2.660017,3.2249703,1.8577533,0.96495223,0.21782026,0.04553734,0.13909931,8.487253,9.356686,-0.0559833,0.8170637,0.7382198,-0.6240293,1,0.1313494873046875,-0.07092044194539388,0.5656747436523437,0.46453977902730303,0.8934341698821626,-0.06756821740221745,0.44408323553592766,0.9216891897322625,52.80890059449121,1
8.119999999999871,,,,,10.767925,0.8170637,0.7382198,-0.6240293,2.7449703,3.3183172,1.8571876,0.964309,0.2211025,0.050346028,0.13670371,8.503607,9.312586,-0.05722097,0.8170637,0.7382198,-0.6240293,1,0.1313494873046875,-0.07092044194539388,0.5656747436523437,0.46453977902730303,0.8934341698821626,-0.06756821740221745,0.44408323553592766,0.9216891897322625,52.80890059449121,1
8.129999999999871,,,,,11.068565,0.7988509,0.4675298,-0.53405714,2.8300922,3.4112203,1.8566074,0.9636271,0.22437589,0.0551527,0.13430265,8.520936,9.267952,-0.058873333,0.8170637,0.7382198,-0.6240293,1,0.1313494873046875,-0.07092044194539388,0.5656747436523437,0.46453977902730303,0.8934341698821626,-0.06756821740221745,0.44408323553592766,0.9216891897322625,52.80890059449121,1
8.139999999999871,,,,,11.068565,0.7988509,0.4675298,-0.53405714,2.9153945,3.5036683,1.856022,0.9629468,0.2277604,0.058540106,0.13203178,8.539636,9.221497,-0.05826416,0.7988509,0.4675298,-0.53405714,1,0.18662172317504883,-0.1225222396850586,0.5933108615875244,0.4387388801574707,0.8963889179986407,-0.18656086484800674,0.402096942784187,1.0289655565272073,58.95538365333892,1
8.14999999999987,,,,,11.068565,0.7988509,0.4675298,-0.53405714,3.0008874,3.5956485,1.8554406,0.962239,0.23113844,0.06192584,0.12975717,8.559032,9.174425,-0.05808254,0.7988509,0.4675298,-0.53405714,1,0.18662172317504883,-0.1225222396850586,0.5933108615875244,0.4387388801574707,0.8963889179986407,-0.18656086484800674,0.402096942784187,1.0289655565272073,58.95538365333892,1
8.15999999999987,,,,,11.068565,0.7988509,0.4675298,-0.53405714,3.0865777,3.687155,1.854859,0.9615038,0.23450986,0.06530981,0.12747884,8.579122,9.126738,-0.058337897,0.7988509,0.4675298,-0.53405714,1,0.18662172317504883,-0.1225222396850586,0.5933108615875244,0.4387388801574707,0.8963889179986407,-0.18656086484800674,0.402096942784187,1.0289655565272073,58.95538365333892,1
8.16999999999987,,,,,11.218377,0.63383174,0.4181752,-0.5239718,3.1724725,3.7781816,1.8542724,0.9607411,0.23787458,0.06869191,0.12519687,8.599897,9.078434,-0.059039608,0.7988509,0.4675298,-0.53405714,1,0.18662172317504883,-0.1225222396850586,0.5933108615875244,0.4387388801574707,0.8963889179986407,-0.18656086484800674,0.402096942784187,1.0289655565272073,58.95538365333892,1
8.17999999999987,,,,,11.218377,0.63383174,0.4181752,-0.5239718,3.2585795,3.8687186,1.8536832,0.9601614,0.24047506,0.07171992,0.12295821,8.621609,9.028908,-0.058850143,0.63383174,0.4181752,-0.5239718,1,0.18662172317504883,-0.1225222396850586,0.5933108615875244,0.4387388801574707,0.8963889179986407,-0.18656086484800674,0.402096942784187,1.0289655565272073,58.95538365333892,1
8.18999999999987,,,,,11.218377,0.63383174,0.4181752,-0.5239718,3.3449066,3.958758,1.8530941,0.9595613,0.24307041,0.074746415,0.12071694,8.643915,8.978901,-0.059037626,0.63383174,0.4181752,-0.5239718,1,0.18662172317504883,-0.1225222396850586,0.5933108615875244,0.4387388801574707,0.8963889179986407,-0.18656086484800674,0.402096942784187,1.0289655565272073,58.95538365333892,1
8.19999999999987,,,,,11.218377,0.63383174,0.4181752,-0.5239718,3.4314597,4.048295,1.8525012,0.9589407,0.24566059,0.07777131,0.11847309,8.666811,8.928413,-0.059608586,0.63383174,0.4181752,-0.5239718,1,0.18662172317504883,-0.1225222396850586,0.5933108615875244,0.4387388801574707,0.8963889179986407,-0.18656086484800674,0.402096942784187,1.0289655565272073,58.95538365333892,1
8.20999999999987,,,,,11.411539,0.3787912,0.3107525,-0.5221039,3.5182447,4.137325,1.8519006,0.95829976,0.24824552,0.08079455,0.116226725,8.690293,8.877445,-0.060569514,0.63383174,0.4181752,-0.5239718,1,0.1625303077697754,-0.12183244069417318,0.5812651538848876,0.4390837796529134,0.9126003277076362,-0.19912046438206607,0.3570877798695796,1.010874324627284,57.91883241928087,1
8.21999999999987,,,,,11.411539,0.3787912,0.3107525,-0.5221039,3.6052694,4.225838,1.8512969,0.9580014,0.24966739,0.08315118,0.11395702,8.714706,8.8251915,-0.060202297,0.3787912,0.3107525,-0.5221039,1,0.1625303077697754,-0.12183244069417318,0.5812651538848876,0.4390837796529134,0.9126003277076362,-0.19912046438206607,0.3570877798695796,1.010874324627284,57.91883241928087,1
8.229999999999869,,,,,11.411539,0.3787912,0.3107525,-0.5221039,3.6925404,4.3138275,1.8506957,0.9576906,0.25108606,0.08550674,0.11168584,8.739536,8.772663,-0.06008598,0.3787912,0.3107525,-0.5221039,1,0.1625303077697754,-0.12183244069417318,0.5812651538848876,0.4390837796529134,0.9126003277076362,-0.19912046438206607,0.3570877798695796,1.010874324627284,57.91883241928087,1
8.239999999999869,,,,,11.411539,0.3787912,0.3107525,-0.5221039,3.7800617,4.40129,1.8500944,0.95736766,0.25250152,0.0878612,0.10941324,8.76478,8.719858,-0.060223613,0.3787912,0.3107525,-0.5221039,1,0.1625303077697754,-0.12183244069417318,0.5812651538848876,0.4390837796529134,0.9126003277076362,-0.19912046438206607,0.3570877798695796,1.010874324627284,57.91883241928087,1
8.249999999999869,,,,,11.395139,0.17534965,0.17937195,-0.5878073,3.8678377,4.488223,1.8494904,0.9570324,0.25391373,0.09021454,0.10713924,8.790436,8.666777,-0.06061823,0.3787912,0.3107525,-0.5221039,1,0.1625303077697754,-0.12183244069417318,0.5812651538848876,0.4390837796529134,0.9126003277076362,-0.19912046438206607,0.3570877798695796,1.010874324627284,57.91883241928087,1
8.259999999999868,,,,,11.395139,0.17534965,0.17937195,-0.5878073,3.9558713,4.574625,1.8488805,0.9570389,0.25439027,0.0919126,0.10447457,8.816397,8.613554,-0.06136211,0.17534965,0.17937195,-0.5878073,1,0.1625303077697754,-0.12183244069417318,0.5812651538848876,0.4390837796529134,0.9126003277076362,-0.19912046438206607,0.3570877798695796,1.010874324627284,57.91883241928087,1
8.269999999999868,,,,,11.395139,0.17534965,0.17937195,-0.5878073,4.0441656,4.660494,1.8482627,0.9570356,0.25486425,0.09360972,0.10180883,8.8425865,8.560212,-0.06223208,0.17534965,0.17937195,-0.5878073,1,0.09368717193603515,-0.04446880022684733,0.5468435859680176,0.47776559988657635,0.9446653969757213,-0.12664045995297896,0.3026044970908413,0.9024377410177052,51.70587383363453,1
8.279999999999868,,,,,11.395139,0.17534965,0.17937195,-0.5878073,4.1327233,4.7458286,1.8476354,0.95702255,0.2553356,0.09530589,0.09914206,8.869001,8.506749,-0.06322922,0.17534965,0.17937195,-0.5878073,1,0.09368717193603515,-0.04446880022684733,0.5468435859680176,0.47776559988657635,0.9446653969757213,-0.12664045995297896,0.3026044970908413,0.9024377410177052,51.70587383363453,1
8.289999999999868,,,,,11.183607,-0.056090392,0.21451548,-0.52305186,4.221546,4.8306284,1.8469975,0.9569997,0.25580433,0.097001076,0.096474275,8.895642,8.453168,-0.06435458,0.17534965,0.17937195,-0.5878073,1,0.09368717193603515,-0.04446880022684733,0.5468435859680176,0.47776559988657635,0.9446653969757213,-0.12664045995297896,0.3026044970908413,0.9024377410177052,51.70587383363453,1
8.299999999999867,,,,,11.183607,-0.056090392,0.21451548,-0.52305186,4.310634,4.9148965,1.846339,0.9572159,0.25517774,0.09866908,0.09427266,8.922009,8.400546,-0.06735969,-0.056090392,0.21451548,-0.52305186,1,0.09368717193603515,-0.04446880022684733,0.5468435859680176,0.47776559988657635,0.9446653969757213,-0.12664045995297896,0.3026044970908413,0.9024377410177052,51.70587383363453,1
8.309999999999867,,,,,11.183607,-0.056090392,0.21451548,-0.52305186,4.3999867,4.9986396,1.8456503,0.9574243,0.2545491,0.10033628,0.09207028,8.948599,8.348034,-0.07036663,-0.056090392,0.21451548,-0.52305186,1,0.09368717193603515,-0.04446880022684733,0.5468435859680176,0.47776559988657635,0.9446653969757213,-0.12664045995297896,0.3026044970908413,0.9024377410177052,51.70587383363453,1
8.319999999999867,,,,,11.183607,-0.056090392,0.21451548,-0.52305186,4.4896064,5.0818577,1.8449316,0.95762503,0.25391838,0.10200268,0.08986717,8.975411,8.2956295,-0.07337654,-0.056090392,0.21451548,-0.52305186,1,0.09368717193603515,-0.04446880022684733,0.5468435859680176,0.47776559988657635,0.9446653969757213,-0.12664045995297896,0.3026044970908413,0.9024377410177052,51.70587383363453,1
8.329999999999867,,,,,10.843979,-0.21760958,0.025153214,-0.54305923,4.5794954,5.1645527,1.8441827,0.957818,0.25328565,0.10366826,0.087663315,9.002447,8.243332,-0.07639056,-0.056090392,0.21451548,-0.52305186,1,0.09368717193603515,-0.04446880022684733,0.5468435859680176,0.47776559988657635,0.9446653969757213,-0.12664045995297896,0.3026044970908413,0.9024377410177052,51.70587383363453,1
8.339999999999867,,,,,10.843979,-0.21760958,0.025153214,-0.54305923,4.669652,5.246733,1.8433894,0.9583144,0.2519499,0.10438064,0.08520684,9.028799,8.192766,-0.08225232,-0.21760958,0.025153214,-0.54305923,1,0.12780075073242186,0.034007364908854164,0.563900375366211,0.5170036824544271,0.9710008998045507,-0.13673217446091857,0.1961162029153687,0.8767864288450947,50.236161907171386,1
8.349999999999866,,,,,10.843979,-0.21760958,0.025153214,-0.54305923,4.7600718,5.3284097,1.842538,0.9588027,0.25061202,0.10509212,0.082749635,9.055151,8.142408,-0.08800014,-0.21760958,0.025153214,-0.54305923,1,0.12780075073242186,0.034007364908854164,0.563900375366211,0.5170036824544271,0.9710008998045507,-0.13673217446091857,0.1961162029153687,0.8767864288450947,50.236161907171386,1
8.359999999999866,,,,,10.843979,-0.21760958,0.025153214,-0.54305923,4.8507547,5.409583,1.8416297,0.95928276,0.24927197,0.10580271,0.08029172,9.081503,8.092259,-0.093634725,-0.21760958,0.025153214,-0.54305923,1,0.12780075073242186,0.034007364908854164,0.563900375366211,0.5170036824544271,0.9710008998045507,-0.13673217446091857,0.1961162029153687,0.8767864288450947,50.236161907171386,1
8.369999999999866,,,,,10.599679,-0.2563736,-0.026797598,-0.54956627,4.941702,5.490256,1.8406658,0.9597546,0.24792977,0.10651238,0.07783311,9.107857,8.042319,-0.099156804,-0.21760958,0.025153214,-0.54305923,1,0.12780075073242186,0.034007364908854164,0.563900375366211,0.5170036824544271,0.9710008998045507,-0.13673217446091857,0.1961162029153687,0.8767864288450947,50.236161907171386,1
8.379999999999866,,,,,10.599679,-0.2563736,-0.026797598,-0.54956627,5.0329094,5.570436,1.8396367,0.9602961,0.2464161,0.1069648,0.07529883,9.133598,7.993718,-0.10664427,-0.2563736,-0.026797598,-0.54956627,1,0.12780075073242186,0.034007364908854164,0.563900375366211,0.5170036824544271,0.9710008998045507,-0.13673217446091857,0.1961162029153687,0.8767864288450947,50.236161907171386,1
8.389999999999866,,,,,10.599679,-0.2563736,-0.026797598,-0.54956627,5.124374,5.6501307,1.8385334,0.9608288,0.24490018,0.10741622,0.07276385,9.159287,7.945348,-0.11399387,-0.2563736,-0.026797598,-0.54956627,1,0.12780075073242186,0.034007364908854164,0.563900375366211,0.5170036824544271,0.9710008998045507,-0.13673217446091857,0.1961162029153687,0.8767864288450947,50.236161907171386,1
8.399999999999865,,,,,10.599679,-0.2563736,-0.026797598,-0.54956627,5.216095,5.729344,1.8373573,0.9613526,0.24338199,0.10786666,0.07022821,9.184926,7.8972077,-0.121206366,-0.2563736,-0.026797598,-0.54956627,1,0.12780075073242186,0.034007364908854164,0.563900375366211,0.5170036824544271,0.9710008998045507,-0.13673217446091857,0.1961162029153687,0.8767864288450947,50.236161907171386,1
8.409999999999865,,,,,10.469297,-0.053858735,-0.047980253,-0.62079704,5.308072,5.8080764,1.8361096,0.9618676,0.24186155,0.1083161,0.067691915,9.210514,7.8492994,-0.12828256,-0.2563736,-0.026797598,-0.54956627,1,0.12038064956665039,-0.04608404795328776,0.5601903247833252,0.4769579760233561,0.9471904930891569,-0.1929453429491622,0.2561293900272873,0.906729538185174,51.95177569785669,1
8.419999999999865,,,,,10.469297,-0.053858735,-0.047980253,-0.62079704,5.400303,5.8863335,1.8347862,0.96216416,0.24128136,0.10881733,0.06467711,9.235737,7.8021383,-0.13638118,-0.053858735,-0.047980253,-0.62079704,1,0.12038064956665039,-0.04608404795328776,0.5601903247833252,0.4769579760233561,0.9471904930891569,-0.1929453429491622,0.2561293900272873,0.906729538185174,51.95177569785669,1
8.429999999999865,,,,,10.469297,-0.053858735,-0.047980253,-0.62079704,5.4927855,5.964119,1.833382,0.9624513,0.24069884,0.10931749,0.061661676,9.260907,7.7550178,-0.14444388,-0.053858735,-0.047980253,-0.62079704,1,0.12038064956665039,-0.04608404795328776,0.5601903247833252,0.4769579760233561,0.9471904930891569,-0.1929453429491622,0.2561293900272873,0.906729538185174,51.95177569785669,1
8.439999999999864,,,,,10.469297,-0.053858735,-0.047980253,-0.62079704,5.58552,6.041434,1.8318975,0.96272904,0.24011396,0.10981657,0.05864564,9.286025,7.707938,-0.15247063,-0.053858735,-0.047980253,-0.62079704,1,0.12038064956665039,-0.04608404795328776,0.5601903247833252,0.4769579760233561,0.9471904930891569,-0.1929453429491622,0.2561293900272873,0.906729538185174,51.95177569785669,1
8.449999999999864,,,,,10.760529,0.002580518,0.14113124,-0.587426,5.678506,6.118278,1.8303329,0.9629974,0.23952673,0.110314585,0.05562903,9.311091,7.660899,-0.16046138,-0.053858735,-0.047980253,-0.62079704,1,0.12038064956665039,-0.04608404795328776,0.5601903247833252,0.4769579760233561,0.9471904930891569,-0.1929453429491622,0.2561293900272873,0.906729538185174,51.95177569785669,1
8.459999999999864,,,,,10.760529,0.002580518,0.14113124,-0.587426,5.7717457,6.194646,1.8287009,0.96307546,0.2391748,0.11169786,0.052967932,9.336877,7.612587,-0.16593349,0.002580518,0.14113124,-0.587426,1,0.12038064956665039,-0.04608404795328776,0.5601903247833252,0.4769579760233561,0.9471904930891569,-0.1929453429491622,0.2561293900272873,0.906729538185174,51.95177569785669,1
8.469999999999864,,,,,10.760529,0.002580518,0.14113124,-0.587426,5.865244,6.27053,1.8270141,0.9631447,0.23882069,0.11308012,0.050306346,9.36281,7.564296,-0.17143567,0.002580518,0.14113124,-0.587426,1,-0.012114717960357665,0.07290914535522461,0.49394264101982116,0.5364545726776123,0.9773023610936581,-0.04899715984545496,0.206105248181215,0.729637913193169,41.80517299870131,1
8.479999999999864,,,,,10.760529,0.002580518,0.14113124,-0.587426,5.959002,6.345932,1.825272,0.9632052,0.2384644,0.11446135,0.047644306,9.38889,7.516025,-0.1769685,0.002580518,0.14113124,-0.587426,1,-0.012114717960357665,0.07290914535522461,0.49394264101982116,0.5364545726776123,0.9773023610936581,-0.04899715984545496,0.206105248181215,0.729637913193169,41.80517299870131,1
8.489999999999863,,,,,11.149063,-0.072979845,0.5883179,-0.5198147,6.053022,6.4208508,1.8234745,0.9632569,0.23810592,0.11584153,0.044981834,9.415117,7.4677744,-0.18253261,0.002580518,0.14113124,-0.587426,1,-0.012114717960357665,0.07290914535522461,0.49394264101982116,0.5364545726776123,0.9773023610936581,-0.04899715984545496,0.206105248181215,0.729637913193169,41.80517299870131,1
8.499999999999863,,,,,11.149063,-0.072979845,0.5883179,-0.5198147,6.14731,6.495279,1.8216377,0.9631125,0.23731917,0.11927657,0.04322059,9.442625,7.4178553,-0.18481189,-0.072979845,0.5883179,-0.5198147,1,-0.012114717960357665,0.07290914535522461,0.49394264101982116,0.5364545726776123,0.9773023610936581,-0.04899715984545496,0.206105248181215,0.729637913193169,41.80517299870131,1
8.509999999999863,,,,,11.149063,-0.072979845,0.5883179,-0.5198147,6.241876,6.5692086,1.8197778,0.9629531,0.23652875,0.12270975,0.04145868,9.470764,7.3681,-0.18718973,-0.072979845,0.5883179,-0.5198147,1,-0.012114717960357665,0.07290914535522461,0.49394264101982116,0.5364545726776123,0.9773023610936581,-0.04899715984545496,0.206105248181215,0.729637913193169,41.80517299870131,1
8.519999999999863,,,,,11.149063,-0.072979845,0.5883179,-0.5198147,6.336727,6.6426415,1.8178936,0.9627787,0.23573464,0.12614103,0.039696123,9.499536,7.3185077,-0.1896712,-0.072979845,0.5883179,-0.5198147,1,-0.012114717960357665,0.07290914535522461,0.49394264101982116,0.5364545726776123,0.9773023610936581,-0.04899715984545496,0.206105248181215,0.729637913193169,41.80517299870131,1
8.529999999999863,,,,,11.320988,-0.035472818,0.7669132,-0.49677655,6.431869,6.7155795,1.8159841,0.9625893,0.23493688,0.12957035,0.037932947,9.528939,7.269076,-0.19226135,-0.072979845,0.5883179,-0.5198147,1,-0.012114717960357665,0.07290914535522461,0.49394264101982116,0.5364545726776123,0.9773023610936581,-0.04899715984545496,0.206105248181215,0.729637913193169,41.80517299870131,1
8.539999999999862,,,,,11.320988,-0.035472818,0.7669132,-0.49677655,6.527311,6.7880197,1.8140554,0.9622182,0.2342964,0.13383691,0.03646546,9.55951,7.2190413,-0.19351932,-0.035472818,0.7669132,-0.49677655,1,-0.06459021091461181,0.09898098627726237,0.4677048945426941,0.5494904931386312,0.9867144859879802,-0.0037338720204950077,0.16242100030849127,0.6505848847417787,37.27576811070903,1
8.549999999999862,,,,,11.320988,-0.035472818,0.7669132,-0.49677655,6.6230626,6.8599606,1.8121132,0.9618271,0.23365103,0.13810067,0.03499721,9.590916,7.169158,-0.19496661,-0.035472818,0.7669132,-0.49677655,1,-0.06459021091461181,0.09898098627726237,0.4677048945426941,0.5494904931386312,0.9867144859879802,-0.0037338720204950077,0.16242100030849127,0.6505848847417787,37.27576811070903,1
8.559999999999862,,,,,11.320988,-0.035472818,0.7669132,-0.49677655,6.7191324,6.931403,1.8101554,0.96141595,0.23300077,0.14236155,0.033528224,9.623154,7.119425,-0.19661097,-0.035472818,0.7669132,-0.49677655,1,-0.06459021091461181,0.09898098627726237,0.4677048945426941,0.5494904931386312,0.9867144859879802,-0.0037338720204950077,0.16242100030849127,0.6505848847417787,37.27576811070903,1
8.569999999999862,,,,,11.5222225,0.09088942,0.72929215,-0.51820385,6.8155293,7.00235,1.8081802,0.9609845,0.23234564,0.14661947,0.03205854,9.656223,7.069841,-0.19846006,-0.035472818,0.7669132,-0.49677655,1,-0.06459021091461181,0.09898098627726237,0.4677048945426941,0.5494904931386312,0.9867144859879802,-0.0037338720204950077,0.16242100030849127,0.6505848847417787,37.27576811070903,1
8.579999999999862,,,,,11.5222225,0.09088942,0.72929215,-0.51820385,6.9122634,7.072796,1.806194,0.9604177,0.23228322,0.15073875,0.0303489,9.69071,7.0194755,-0.19883499,0.09088942,0.72929215,-0.51820385,1,-0.06459021091461181,0.09898098627726237,0.4677048945426941,0.5494904931386312,0.9867144859879802,-0.0037338720204950077,0.16242100030849127,0.6505848847417787,37.27576811070903,1
8.589999999999861,,,,,11.5222225,0.09088942,0.72929215,-0.51820385,7.009346,7.1427383,1.8042026,0.95983136,0.23221609,0.15485495,0.02863865,9.725995,6.9691253,-0.19948816,0.09088942,0.72929215,-0.51820385,1,-0.06459021091461181,0.09898098627726237,0.4677048945426941,0.5494904931386312,0.9867144859879802,-0.0037338720204950077,0.16242100030849127,0.6505848847417787,37.27576811070903,1
8.599999999999861,,,,,11.5222225,0.09088942,0.72929215,-0.51820385,7.1067863,7.2121773,1.8022032,0.95922565,0.23214428,0.15896805,0.026927816,9.762078,6.918789,-0.20042668,0.09088942,0.72929215,-0.51820385,1,-0.06459021091461181,0.09898098627726237,0.4677048945426941,0.5494904931386312,0.9867144859879802,-0.0037338720204950077,0.16242100030849127,0.6505848847417787,37.27576811070903,1
8.60999999999986,,,,,11.705854,0.16695645,0.60262585,-0.53990686,7.2045903,7.281113,1.800193,0.9586006,0.23206778,0.16307794,0.025216442,9.798955,6.8684645,-0.20165761,0.09088942,0.72929215,-0.51820385,1,-0.11009026527404785,0.09936408996582032,0.44495486736297607,0.5496820449829102,0.9922627749076256,0.03056852893394385,0.12033349729578163,0.5805583947310203,33.26354577897755,1
8.61999999999986,,,,,11.705854,0.16695645,0.60262585,-0.53990686,7.3027706,7.349542,1.7981766,0.9579753,0.23234981,0.16661245,0.023191573,9.837172,6.817313,-0.20164715,0.16695645,0.60262585,-0.53990686,1,-0.11009026527404785,0.09936408996582032,0.44495486736297607,0.5496820449829102,0.9922627749076256,0.03056852893394385,0.12033349729578163,0.5805583947310203,33.26354577897755,1
8.62999999999986,,,,,11.705854,0.16695645,0.60262585,-0.53990686,7.4013357,7.4174595,1.796159,0.9573338,0.23262787,0.17014413,0.02116631,9.876048,6.7660737,-0.20194213,0.16695645,0.60262585,-0.53990686,1,-0.11009026527404785,0.09936408996582032,0.44495486736297607,0.5496820449829102,0.9922627749076256,0.03056852893394385,0.12033349729578163,0.5805583947310203,33.26354577897755,1
8.63999999999986,,,,,11.705854,0.16695645,0.60262585,-0.53990686,7.5002933,7.4848638,1.7941369,0.9566759,0.23290198,0.17367288,0.019140685,9.915582,6.7147446,-0.20254777,0.16695645,0.60262585,-0.53990686,1,-0.11009026527404785,0.09936408996582032,0.44495486736297607,0.5496820449829102,0.9922627749076256,0.03056852893394385,0.12033349729578163,0.5805583947310203,33.26354577897755,1
8.64999999999986,,,,,11.909647,0.28464007,0.48065922,-0.5719513,7.5996494,7.5517545,1.7921071,0.9560017,0.2331721,0.17719868,0.017114732,9.955769,6.6633244,-0.2034693,0.16695645,0.60262585,-0.53990686,1,-0.11009026527404785,0.09936408996582032,0.44495486736297607,0.5496820449829102,0.9922627749076256,0.03056852893394385,0.12033349729578163,0.5805583947310203,33.26354577897755,1
8.65999999999986,,,,,11.909647,0.28464007,0.48065922,-0.5719513,7.6994143,7.6181254,1.7900747,0.95528525,0.23398294,0.180186,0.014688862,9.997265,6.610862,-0.2030312,0.28464007,0.48065922,-0.5719513,1,-0.11009026527404785,0.09936408996582032,0.44495486736297607,0.5496820449829102,0.9922627749076256,0.03056852893394385,0.12033349729578163,0.5805583947310203,33.26354577897755,1
8.66999999999986,,,,,11.909647,0.28464007,0.48065922,-0.5719513,7.799597,7.68397,1.7880452,0.95455354,0.23479003,0.18317042,0.012262756,10.039276,6.558162,-0.2029391,0.28464007,0.48065922,-0.5719513,1,-0.17665151596069337,0.1103637440999349,0.4116742420196533,0.5551818720499675,0.992621082134994,0.07681464514019191,0.09382375814867232,0.5014251672990578,28.729545827877235,1
8.67999999999986,,,,,11.909647,0.28464007,0.48065922,-0.5719513,7.900202,7.749287,1.7860148,0.9538066,0.23559338,0.18615192,0.009836455,10.0818,6.5052238,-0.20319685,0.28464007,0.48065922,-0.5719513,1,-0.17665151596069337,0.1103637440999349,0.4116742420196533,0.5551818720499675,0.992621082134994,0.07681464514019191,0.09382375814867232,0.5014251672990578,28.729545827877235,1
8.68999999999986,,,,,12.04188,0.323546,0.23896599,-0.5805084,8.001234,7.8140736,1.78398,0.95304435,0.23639297,0.18913044,0.0074099973,10.124835,6.452045,-0.20380835,0.28464007,0.48065922,-0.5719513,1,-0.17665151596069337,0.1103637440999349,0.4116742420196533,0.5551818720499675,0.992621082134994,0.07681464514019191,0.09382375814867232,0.5014251672990578,28.729545827877235,1
8.699999999999859,,,,,12.04188,0.323546,0.23896599,-0.5805084,8.102702,7.8783236,1.7819428,0.9524515,0.23737545,0.1909661,0.0046201935,10.1687565,6.398005,-0.20366773,0.323546,0.23896599,-0.5805084,1,-0.17665151596069337,0.1103637440999349,0.4116742420196533,0.5551818720499675,0.992621082134994,0.07681464514019191,0.09382375814867232,0.5014251672990578,28.729545827877235,1
8.709999999999859,,,,,12.04188,0.323546,0.23896599,-0.5805084,8.20461,7.942032,1.7799057,0.9518468,0.23835497,0.19279939,0.0018303317,10.212913,6.343648,-0.20380782,0.323546,0.23896599,-0.5805084,1,-0.17665151596069337,0.1103637440999349,0.4116742420196533,0.5551818720499675,0.992621082134994,0.07681464514019191,0.09382375814867232,0.5014251672990578,28.729545827877235,1
8.719999999999859,,,,,12.04188,0.323546,0.23896599,-0.5805084,8.30696,8.005196,1.7778656,0.9512302,0.23933151,0.19463027,-0.0009595528,10.257302,6.288973,-0.20423014,0.323546,0.23896599,-0.5805084,1,-0.17665151596069337,0.1103637440999349,0.4116742420196533,0.5551818720499675,0.992621082134994,0.07681464514019191,0.09382375814867232,0.5014251672990578,28.729545827877235,1
8.729999999999858,,,,,12.241772,0.37605447,0.1404091,-0.5849369,8.409756,8.06781,1.7758199,0.95060176,0.24030507,0.19645873,-0.0037494255,10.301921,6.233979,-0.20493622,0.323546,0.23896599,-0.5805084,1,-0.17665151596069337,0.1103637440999349,0.4116742420196533,0.5551818720499675,0.992621082134994,0.07681464514019191,0.09382375814867232,0.5014251672990578,28.729545827877235,1
8.739999999999858,,,,,12.241772,0.37605447,0.1404091,-0.5849369,8.513002,8.129869,1.7737739,0.94999504,0.24151899,0.19782062,-0.0067302966,10.3474655,6.177723,-0.20430951,0.37605447,0.1404091,-0.5849369,1,-0.35142318725585936,0.2685230255126953,0.32428840637207035,0.6342615127563477,0.9690882309658819,0.2466927797963829,-0.003266955731396015,0.2889636453018006,16.556397308508494,0
8.749999999999858,,,,,12.241772,0.37605447,0.1404091,-0.5849369,8.616705,8.191364,1.7717329,0.94937634,0.24272989,0.19918002,-0.009711084,10.393118,6.1210747,-0.20395784,0.37605447,0.1404091,-0.5849369,1,-0.35142318725585936,0.2685230255126953,0.32428840637207035,0.6342615127563477,0.9690882309658819,0.2466927797963829,-0.003266955731396015,0.2889636453018006,16.556397308508494,0
8.759999999999858,,,,,12.241772,0.37605447,0.1404091,-0.5849369,8.720865,8.25229,1.7696939,0.9487457,0.24393773,0.20053692,-0.012691749,10.438877,6.0640335,-0.20388226,0.37605447,0.1404091,-0.5849369,1,-0.35142318725585936,0.2685230255126953,0.32428840637207035,0.6342615127563477,0.9690882309658819,0.2466927797963829,-0.003266955731396015,0.2889636453018006,16.556397308508494,0
8.769999999999857,,,,,13.083866,0.36225358,-0.60873336,-0.36543906,8.825483,8.312644,1.7676542,0.9481032,0.24514249,0.2018913,-0.015672253,10.484738,6.0065994,-0.20408377,0.37605447,0.1404091,-0.5849369,1,-0.35142318725585936,0.2685230255126953,0.32428840637207035,0.6342615127563477,0.9690882309658819,0.2466927797963829,-0.003266955731396015,0.2889636453018006,16.556397308508494,0
8.779999999999857,,,,,13.083866,0.36225358,-0.60873336,-0.36543906,8.930574,8.372401,1.7656451,0.9482375,0.2464412,0.19942354,-0.018516302,10.5335245,5.9447756,-0.19770178,0.36225358,-0.60873336,-0.36543906,1,-0.35142318725585936,0.2685230255126953,0.32428840637207035,0.6342615127563477,0.9690882309658819,0.2466927797963829,-0.003266955731396015,0.2889636453018006,16.556397308508494,0
8.789999999999857,,,,,13.083866,0.36225358,-0.60873336,-0.36543906,9.03615,8.431539,1.7637006,0.9483567,0.24773602,0.1969526,-0.021360056,10.581515,5.882485,-0.19122891,0.36225358,-0.60873336,-0.36543906,1,-0.35142318725585936,0.2685230255126953,0.32428840637207035,0.6342615127563477,0.9690882309658819,0.2466927797963829,-0.003266955731396015,0.2889636453018006,16.556397308508494,0
8.799999999999857,,,,,13.083866,0.36225358,-0.60873336,-0.36543906,9.1422,8.49005,1.761821,0.9484609,0.2490269,0.19447856,-0.024203472,10.628707,5.819733,-0.1846684,0.36225358,-0.60873336,-0.36543906,1,-0.35142318725585936,0.2685230255126953,0.32428840637207035,0.6342615127563477,0.9690882309658819,0.2466927797963829,-0.003266955731396015,0.2889636453018006,16.556397308508494,0
8.809999999999857,,,,,13.34576,0.24243417,-0.4864278,-0.3718996,9.24872,8.547932,1.7600075,0.94855,0.25031382,0.19200142,-0.027046503,10.6750965,5.756525,-0.17802352,0.36225358,-0.60873336,-0.36543906,1,-0.24291458129882812,0.16774874369303386,0.3785427093505859,0.5838743718465169,0.9961911583842953,0.0791743095162864,0.03653224150767599,0.4152405689427241,23.791532083029182,0
8.819999999999856,,,,,13.34576,0.24243417,-0.4864278,-0.3718996,9.355704,8.605173,1.7582715,0.9486581,0.25103948,0.19012605,-0.029651716,10.721657,5.691648,-0.1691943,0.24243417,-0.4864278,-0.3718996,1,-0.24291458129882812,0.16774874369303386,0.3785427093505859,0.5838743718465169,0.9961911583842953,0.0791743095162864,0.03653224150767599,0.4152405689427241,23.791532083029182,0
8.829999999999856,,,,,13.34576,0.24243417,-0.4864278,-0.3718996,9.463151,8.661764,1.756624,0.948756,0.2517624,0.18824862,-0.032256607,10.767568,5.6264625,-0.1602715,0.24243417,-0.4864278,-0.3718996,1,-0.24291458129882812,0.16774874369303386,0.3785427093505859,0.5838743718465169,0.9961911583842953,0.0791743095162864,0.03653224150767599,0.4152405689427241,23.791532083029182,0
8.839999999999856,,,,,13.34576,0.24243417,-0.4864278,-0.3718996,9.571053,8.717701,1.7550663,0.94884354,0.2524826,0.18636914,-0.03486115,10.812827,5.5609727,-0.1512567,0.24243417,-0.4864278,-0.3718996,1,-0.24291458129882812,0.16774874369303386,0.3785427093505859,0.5838743718465169,0.9961911583842953,0.0791743095162864,0.03653224150767599,0.4152405689427241,23.791532083029182,0
8.849999999999856,,,,,13.689452,0.18057045,-0.35342607,-0.45450246,9.679404,8.772982,1.7535992,0.9489208,0.25320005,0.18448764,-0.03746531,10.857431,5.495183,-0.14215149,0.24243417,-0.4864278,-0.3718996,1,-0.24291458129882812,0.16774874369303386,0.3785427093505859,0.5838743718465169,0.9961911583842953,0.0791743095162864,0.03653224150767599,0.4152405689427241,23.791532083029182,0
8.859999999999856,,,,,13.689452,0.18057045,-0.35342607,-0.45450246,9.788205,8.827595,1.7522373,0.9489288,0.25357017,0.18335149,-0.04023557,10.902581,5.427424,-0.13020457,0.18057045,-0.35342607,-0.45450246,1,-0.24291458129882812,0.16774874369303386,0.3785427093505859,0.5838743718465169,0.9961911583842953,0.0791743095162864,0.03653224150767599,0.4152405689427241,23.791532083029182,0
8.869999999999855,,,,,13.689452,0.18057045,-0.35342607,-0.45450246,9.897455,8.881529,1.7509954,0.9489282,0.253938,0.18221366,-0.043005466,10.947239,5.3594413,-0.11819471,0.18057045,-0.35342607,-0.45450246,1,-0.19584142684936523,0.1929896672566732,0.4020792865753174,0.5964948336283366,0.999886132394828,0.014209110057168628,0.005081676484799638,0.4410591775498033,25.270829389114958,1
8.879999999999855,,,,,13.689452,0.18057045,-0.35342607,-0.45450246,10.007149,8.934782,1.7498738,0.94891876,0.25430351,0.18107422,-0.04577497,10.991404,5.291239,-0.10612218,0.18057045,-0.35342607,-0.45450246,1,-0.19584142684936523,0.1929896672566732,0.4020792865753174,0.5964948336283366,0.999886132394828,0.014209110057168628,0.005081676484799638,0.4410591775498033,25.270829389114958,1
8.889999999999855,,,,,13.74026,0.21286693,0.24949071,-0.5755296,10.117282,8.987352,1.7488731,0.94890076,0.2546667,0.17993312,-0.048544057,11.035074,5.2228193,-0.0939873,0.18057045,-0.35342607,-0.45450246,1,-0.19584142684936523,0.1929896672566732,0.4020792865753174,0.5964948336283366,0.999886132394828,0.014209110057168628,0.005081676484799638,0.4410591775498033,25.270829389114958,1
8.899999999999855,,,,,13.74026,0.21286693,0.24949071,-0.5755296,10.227851,9.039236,1.7479959,0.9482603,0.25521803,0.181797,-0.051148213,11.078696,5.1539164,-0.08150264,0.21286693,0.24949071,-0.5755296,1,-0.19584142684936523,0.1929896672566732,0.4020792865753174,0.5964948336283366,0.999886132394828,0.014209110057168628,0.005081676484799638,0.4410591775498033,25.270829389114958,1
8.909999999999854,,,,,13.74026,0.21286693,0.24949071,-0.5755296,10.338857,9.090429,1.7472421,0.94760954,0.25576654,0.1836589,-0.053751808,11.1225815,5.084759,-0.069281064,0.21286693,0.24949071,-0.5755296,1,-0.19584142684936523,0.1929896672566732,0.4020792865753174,0.5964948336283366,0.999886132394828,0.014209110057168628,0.005081676484799638,0.4410591775498033,25.270829389114958,1
8.919999999999854,,,,,13.74026,0.21286693,0.24949071,-0.5755296,10.450303,9.14093,1.7466093,0.9469483,0.25631228,0.18551877,-0.056354813,11.166727,5.015347,-0.057324056,0.21286693,0.24949071,-0.5755296,1,-0.19584142684936523,0.1929896672566732,0.4020792865753174,0.5964948336283366,0.999886132394828,0.014209110057168628,0.005081676484799638,0.4410591775498033,25.270829389114958,1
8.929999999999854,,,,,14.104979,0.31846237,0.12670365,-0.64200246,10.562192,9.190736,1.7460948,0.9462767,0.25685516,0.18737662,-0.0589572,11.211131,4.9456787,-0.045633074,0.21286693,0.24949071,-0.5755296,1,-0.19584142684936523,0.1929896672566732,0.4020792865753174,0.5964948336283366,0.999886132394828,0.014209110057168628,0.005081676484799638,0.4410591775498033,25.270829389114958,1
8.939999999999854,,,,,14.104979,0.31846237,0.12670365,-0.64200246,10.674531,9.239833,1.7457103,0.9455535,0.2577961,0.18870549,-0.062130004,11.256905,4.873851,-0.031303246,0.31846237,0.12670365,-0.64200246,1,-0.12890185356140138,0.06860596974690755,0.4355490732192993,0.5343029848734537,0.9895638147427831,-0.13114721828745143,0.059698104552616135,0.5403605073213705,30.96037648506255,1
8.949999999999854,,,,,14.104979,0.31846237,0.12670365,-0.64200246,10.787328,9.288211,1.7454678,0.9448178,0.25873363,0.19003187,-0.065301985,11.302747,4.8016324,-0.017251283,0.31846237,0.12670365,-0.64200246,1,-0.12890185356140138,0.06860596974690755,0.4355490732192993,0.5343029848734537,0.9895638147427831,-0.13114721828745143,0.059698104552616135,0.5403605073213705,30.96037648506255,1
8.959999999999853,,,,,14.104979,0.31846237,0.12670365,-0.64200246,10.900586,9.335864,1.7453643,0.9440695,0.25966772,0.19135572,-0.0684731,11.348654,4.7290244,-0.0034779124,0.31846237,0.12670365,-0.64200246,1,-0.12890185356140138,0.06860596974690755,0.4355490732192993,0.5343029848734537,0.9895638147427831,-0.13114721828745143,0.059698104552616135,0.5403605073213705,30.96037648506255,1
8.969999999999853,,,,,14.336935,0.4255145,-0.09961457,-0.6719687,11.014302,9.382789,1.7453973,0.94330883,0.2605984,0.19267704,-0.07164331,11.394623,4.6560273,0.010016157,0.31846237,0.12670365,-0.64200246,1,-0.12890185356140138,0.06860596974690755,0.4355490732192993,0.5343029848734537,0.9895638147427831,-0.13114721828745143,0.059698104552616135,0.5403605073213705,30.96037648506255,1
8.979999999999853,,,,,14.336935,0.4255145,-0.09961457,-0.6719687,11.128482,9.428975,1.745573,0.9426021,0.2619202,0.19292878,-0.07535182,11.44128,4.5813885,0.02508293,0.4255145,-0.09961457,-0.6719687,1,-0.12890185356140138,0.06860596974690755,0.4355490732192993,0.5343029848734537,0.9895638147427831,-0.13114721828745143,0.059698104552616135,0.5403605073213705,30.96037648506255,1
8.989999999999853,,,,,14.336935,0.4255145,-0.09961457,-0.6719687,11.243127,9.474414,1.7458982,0.94188017,0.2632378,0.19317742,-0.079059124,11.487661,4.506236,0.039923806,0.4255145,-0.09961457,-0.6719687,1,-0.12890185356140138,0.06860596974690755,0.4355490732192993,0.5343029848734537,0.9895638147427831,-0.13114721828745143,0.059698104552616135,0.5403605073213705,30.96037648506255,1
8.999999999999853,,,,,14.336935,0.4255145,-0.09961457,-0.6719687,11.358234,9.519098,1.7463708,0.94114316,0.2645512,0.19342296,-0.08276516,11.533759,4.4305725,0.05453872,0.4255145,-0.09961457,-0.6719687,1,-0.12890185356140138,0.06860596974690755,0.4355490732192993,0.5343029848734537,0.9895638147427831,-0.13114721828745143,0.059698104552616135,0.5403605073213705,30.96037648506255,1
9.009999999999852,,,,,14.484487,0.6611843,-0.30596435,-0.69480085,11.473801,9.5630245,1.7469883,0.94039094,0.2658603,0.1936654,-0.08646987,11.579571,4.3543997,0.06892764,0.4255145,-0.09961457,-0.6719687,1,-0.1674090576171875,0.042365709940592446,0.41629547119140625,0.5211828549702963,0.9847344560632676,-0.1565534025963007,0.07608602484885567,0.5173443640221815,29.641648613350714,1
9.019999999999852,,,,,14.484487,0.6611843,-0.30596435,-0.69480085,11.589825,9.606181,1.7477543,0.93949604,0.26816067,0.19286205,-0.090782635,11.6254225,4.2768297,0.08423197,0.6611843,-0.30596435,-0.69480085,1,-0.1674090576171875,0.042365709940592446,0.41629547119140625,0.5211828549702963,0.9847344560632676,-0.1565534025963007,0.07608602484885567,0.5173443640221815,29.641648613350714,1
9.029999999999852,,,,,14.484487,0.6611843,-0.30596435,-0.69480085,11.7063055,9.648559,1.748672,0.9385773,0.2704543,0.19205381,-0.09509311,11.67061,4.198485,0.0992697,0.6611843,-0.30596435,-0.69480085,1,-0.1674090576171875,0.042365709940592446,0.41629547119140625,0.5211828549702963,0.9847344560632676,-0.1565534025963007,0.07608602484885567,0.5173443640221815,29.641648613350714,1
9.039999999999852,,,,,14.484487,0.6611843,-0.30596435,-0.69480085,11.823235,9.690149,1.7497388,0.9376347,0.27274102,0.19124071,-0.09940116,11.715126,4.119372,0.11403901,0.6611843,-0.30596435,-0.69480085,1,-0.1674090576171875,0.042365709940592446,0.41629547119140625,0.5211828549702963,0.9847344560632676,-0.1565534025963007,0.07608602484885567,0.5173443640221815,29.641648613350714,1
9.049999999999851,,,,,14.637799,0.97099984,-0.50060767,-0.7127352,11.940606,9.730945,1.7509519,0.93666846,0.27502087,0.19042277,-0.1037067,11.758962,4.039498,0.12853809,0.6611843,-0.30596435,-0.69480085,1,-0.1674090576171875,0.042365709940592446,0.41629547119140625,0.5211828549702963,0.9847344560632676,-0.1565534025963007,0.07608602484885567,0.5173443640221815,29.641648613350714,1
9.059999999999851,,,,,14.637799,0.97099984,-0.50060767,-0.7127352,12.0584135,9.770932,1.7523143,0.9354204,0.27862433,0.18855081,-0.10865533,11.802418,3.957887,0.14391686,0.97099984,-0.50060767,-0.7127352,1,-0.1674090576171875,0.042365709940592446,0.41629547119140625,0.5211828549702963,0.9847344560632676,-0.1565534025963007,0.07608602484885567,0.5173443640221815,29.641648613350714,1
9.069999999999851,,,,,14.637799,0.97099984,-0.50060767,-0.7127352,12.17665,9.810098,1.7538289,0.9341325,0.28221592,0.18667082,-0.113599345,11.844775,3.875179,0.15891671,0.97099984,-0.50060767,-0.7127352,1,-0.10319114685058593,0.11359727223714193,0.448404426574707,0.5567986361185709,0.9704187278615165,-0.2405067893250834,-0.021070759458936012,0.55913045590985,32.03581532085997,1
9.07999999999985,,,,,14.637799,0.97099984,-0.50060767,-0.7127352,12.295304,9.848431,1.7554914,0.9328049,0.28579554,0.18478289,-0.11853852,11.88602,3.7913892,0.17353085,0.97099984,-0.50060767,-0.7127352,1,-0.10319114685058593,0.11359727223714193,0.448404426574707,0.5567986361185709,0.9704187278615165,-0.2405067893250834,-0.021070759458936012,0.55913045590985,32.03581532085997,1
9.08999999999985,,,,,14.740705,1.2700964,-0.7152155,-0.7373091,12.414367,9.885921,1.7572982,0.9314376,0.28936297,0.1828871,-0.12347266,11.926139,3.706533,0.1877525,0.97099984,-0.50060767,-0.7127352,1,-0.10319114685058593,0.11359727223714193,0.448404426574707,0.5567986361185709,0.9704187278615165,-0.2405067893250834,-0.021070759458936012,0.55913045590985,32.03581532085997,1
9.09999999999985,,,,,14.740705,1.2700964,-0.7152155,-0.7373091,12.533826,9.922554,1.759249,0.92976785,0.2941526,0.17983279,-0.12909847,11.965232,3.6199052,0.20232825,1.2700964,-0.7152155,-0.7373091,1,-0.10319114685058593,0.11359727223714193,0.448404426574707,0.5567986361185709,0.9704187278615165,-0.2405067893250834,-0.021070759458936012,0.55913045590985,32.03581532085997,1
9.10999999999985,,,,,14.740705,1.2700964,-0.7152155,-0.7373091,12.6536665,9.958315,1.7613431,0.9280361,0.29892257,0.17676648,-0.13471568,12.002728,3.5319297,0.2164013,1.2700964,-0.7152155,-0.7373091,1,-0.10319114685058593,0.11359727223714193,0.448404426574707,0.5567986361185709,0.9704187278615165,-0.2405067893250834,-0.021070759458936012,0.55913045590985,32.03581532085997,1
9.11999999999985,,,,,14.740705,1.2700964,-0.7152155,-0.7373091,12.773874,9.993189,1.7635753,0.92624235,0.30367258,0.17368837,-0.14032389,12.038611,3.4426336,0.22995734,1.2700964,-0.7152155,-0.7373091,1,-0.10319114685058593,0.11359727223714193,0.448404426574707,0.5567986361185709,0.9704187278615165,-0.2405067893250834,-0.021070759458936012,0.55913045590985,32.03581532085997,1
9.12999999999985,,,,,14.75643,1.4121323,-0.80234987,-0.7665597,12.894433,10.0271635,1.7659404,0.9243868,0.30840236,0.17059866,-0.14592274,12.072864,3.3520436,0.24298228,1.2700964,-0.7152155,-0.7373091,1,-0.10319114685058593,0.11359727223714193,0.448404426574707,0.5567986361185709,0.9704187278615165,-0.2405067893250834,-0.021070759458936012,0.55913045590985,32.03581532085997,1
9.13999999999985,,,,,14.75643,1.4121323,-0.80234987,-0.7665597,13.015326,10.060225,1.7684336,0.92229706,0.31367737,0.16703516,-0.15190154,12.105429,3.2600377,0.25555828,1.4121323,-0.80234987,-0.7665597,1,-0.14751430511474609,0.08927878061930339,0.42624284744262697,0.5446393903096517,0.9505405964369844,-0.3095076084034003,0.02603103658384708,0.5778483122212914,33.108269489037866,1
9.14999999999985,,,,,14.75643,1.4121323,-0.80234987,-0.7665597,13.136534,10.09236,1.7710494,0.920133,0.31892708,0.16345818,-0.15786809,12.13613,3.1666577,0.26751423,1.4121323,-0.80234987,-0.7665597,1,-0.14751430511474609,0.08927878061930339,0.42624284744262697,0.5446393903096517,0.9505405964369844,-0.3095076084034003,0.02603103658384708,0.5778483122212914,33.108269489037866,1
9.15999999999985,,,,,14.75643,1.4121323,-0.80234987,-0.7665597,13.25804,10.123552,1.7737817,0.9178948,0.32415104,0.15986802,-0.16382192,12.16495,3.0719378,0.27883232,1.4121323,-0.80234987,-0.7665597,1,-0.14751430511474609,0.08927878061930339,0.42624284744262697,0.5446393903096517,0.9505405964369844,-0.3095076084034003,0.02603103658384708,0.5778483122212914,33.108269489037866,1
9.169999999999849,,,,,14.475447,1.4901631,-0.7631841,-0.83682287,13.379827,10.153793,1.7766238,0.9155825,0.3293489,0.15626496,-0.16976252,12.191871,2.975913,0.28949496,1.4121323,-0.80234987,-0.7665597,1,-0.14751430511474609,0.08927878061930339,0.42624284744262697,0.5446393903096517,0.9505405964369844,-0.3095076084034003,0.02603103658384708,0.5778483122212914,33.108269489037866,1
9.179999999999849,,,,,14.475447,1.4901631,-0.7631841,-0.83682287,13.50187,10.183076,1.7795589,0.9129744,0.33485463,0.15287755,-0.17600696,12.216398,2.8804362,0.29739478,1.4901631,-0.7631841,-0.83682287,1,-0.14751430511474609,0.08927878061930339,0.42624284744262697,0.5446393903096517,0.9505405964369844,-0.3095076084034003,0.02603103658384708,0.5778483122212914,33.108269489037866,1
9.189999999999849,,,,,14.475447,1.4901631,-0.7631841,-0.83682287,13.624148,10.211397,1.7825692,0.9102865,0.340331,0.14947675,-0.18223599,12.239029,2.7836566,0.30453256,1.4901631,-0.7631841,-0.83682287,1,-0.14751430511474609,0.08927878061930339,0.42624284744262697,0.5446393903096517,0.9505405964369844,-0.3095076084034003,0.02603103658384708,0.5778483122212914,33.108269489037866,1
9.199999999999848,,,,,14.475447,1.4901631,-0.7631841,-0.83682287,13.746644,10.238744,1.7856469,0.9075188,0.34577757,0.14606285,-0.18844905,12.259746,2.6856124,0.31089115,1.4901631,-0.7631841,-0.83682287,1,-0.14751430511474609,0.08927878061930339,0.42624284744262697,0.5446393903096517,0.9505405964369844,-0.3095076084034003,0.02603103658384708,0.5778483122212914,33.108269489037866,1
9.209999999999848,,,,,14.597075,1.7446685,-0.72523683,-0.9692949,13.869338,10.265105,1.7887843,0.90467167,0.35119385,0.14263615,-0.19464561,12.27853,2.5863419,0.3164537,1.4901631,-0.7631841,-0.83682287,1,-0.15729392051696778,0.12899089813232423,0.4213530397415161,0.5644954490661621,0.9215529130152919,-0.3882524009731135,0.0005492282245253988,0.6063390168695273,34.74066662073554,1
9.219999999999848,,,,,14.597075,1.7446685,-0.72523683,-0.9692949,13.99221,10.290463,1.7919772,0.90113103,0.35766858,0.13935176,-0.20153673,12.295461,2.4849405,0.3219782,1.7446685,-0.72523683,-0.9692949,1,-0.15729392051696778,0.12899089813232423,0.4213530397415161,0.5644954490661621,0.9215529130152919,-0.3882524009731135,0.0005492282245253988,0.6063390168695273,34.74066662073554,1
9.229999999999848,,,,,14.597075,1.7446685,-0.72523683,-0.9692949,14.115241,10.314799,1.79522,0.89748883,0.36410302,0.13605165,-0.20840515,12.310283,2.382124,0.3264253,1.7446685,-0.72523683,-0.9692949,1,-0.15729392051696778,0.12899089813232423,0.4213530397415161,0.5644954490661621,0.9215529130152919,-0.3882524009731135,0.0005492282245253988,0.6063390168695273,34.74066662073554,1
9.239999999999847,,,,,14.597075,1.7446685,-0.72523683,-0.9692949,14.238409,10.338101,1.798502,0.8937454,0.3704964,0.13273622,-0.21525006,12.322976,2.277942,0.3297742,1.7446685,-0.72523683,-0.9692949,1,-0.15729392051696778,0.12899089813232423,0.4213530397415161,0.5644954490661621,0.9215529130152919,-0.3882524009731135,0.0005492282245253988,0.6063390168695273,34.74066662073554,1
9.249999999999847,,,,,14.729081,1.7256184,-0.62440753,-1.0365329,14.361693,10.360354,1.8018118,0.8899013,0.37684795,0.12940581,-0.22207071,12.333518,2.172445,0.3320046,1.7446685,-0.72523683,-0.9692949,1,-0.15729392051696778,0.12899089813232423,0.4213530397415161,0.5644954490661621,0.9215529130152919,-0.3882524009731135,0.0005492282245253988,0.6063390168695273,34.74066662073554,1
9.259999999999847,,,,,14.729081,1.7256184,-0.62440753,-1.0365329,14.485073,10.381541,1.8051426,0.8858536,0.3831411,0.1266574,-0.22896339,12.342018,2.064709,0.33397833,1.7256184,-0.62440753,-1.0365329,1,-0.15729392051696778,0.12899089813232423,0.4213530397415161,0.5644954490661621,0.9215529130152919,-0.3882524009731135,0.0005492282245253988,0.6063390168695273,34.74066662073554,1
9.269999999999847,,,,,14.729081,1.7256184,-0.62440753,-1.0365329,14.608527,10.401645,1.8084872,0.88170743,0.3893917,0.123894915,-0.23583062,12.348449,1.9557216,0.33474404,1.7256184,-0.62440753,-1.0365329,1,-0.08128016471862792,0.03145592371622721,0.45935991764068607,0.5157279618581136,0.8116319304366102,-0.5840596362277027,0.011311535055212756,0.7808403905081553,44.73885884946437,1
9.279999999999847,,,,,14.729081,1.7256184,-0.62440753,-1.0365329,14.732035,10.420652,1.8118333,0.8774634,0.39559904,0.12111869,-0.24267165,12.352791,1.8455336,0.33428493,1.7256184,-0.62440753,-1.0365329,1,-0.08128016471862792,0.03145592371622721,0.45935991764068607,0.5157279618581136,0.8116319304366102,-0.5840596362277027,0.011311535055212756,0.7808403905081553,44.73885884946437,1
9.289999999999846,,,,,14.937642,1.5050124,-0.42781705,-1.052679,14.855575,10.438553,1.8151685,0.87312204,0.40176243,0.118329,-0.24948575,12.355024,1.7341958,0.3325848,1.7256184,-0.62440753,-1.0365329,1,-0.08128016471862792,0.03145592371622721,0.45935991764068607,0.5157279618581136,0.8116319304366102,-0.5840596362277027,0.011311535055212756,0.7808403905081553,44.73885884946437,1
9.299999999999846,,,,,14.937642,1.5050124,-0.42781705,-1.052679,14.979128,10.455326,1.8184874,0.86899996,0.40715832,0.11669332,-0.25581998,12.355292,1.6201974,0.33101034,1.5050124,-0.42781705,-1.052679,1,-0.08128016471862792,0.03145592371622721,0.45935991764068607,0.5157279618581136,0.8116319304366102,-0.5840596362277027,0.011311535055212756,0.7808403905081553,44.73885884946437,1
9.309999999999846,,,,,14.937642,1.5050124,-0.42781705,-1.052679,15.1026745,10.470954,1.8217846,0.86480063,0.412518,0.11504726,-0.26213148,12.353811,1.5052088,0.32824317,1.5050124,-0.42781705,-1.052679,1,-0.08128016471862792,0.03145592371622721,0.45935991764068607,0.5157279618581136,0.8116319304366102,-0.5840596362277027,0.011311535055212756,0.7808403905081553,44.73885884946437,1
9.319999999999846,,,,,14.937642,1.5050124,-0.42781705,-1.052679,15.226198,10.485427,1.8250482,0.8605244,0.417841,0.11339098,-0.26841968,12.350565,1.3892704,0.3242741,1.5050124,-0.42781705,-1.052679,1,-0.08128016471862792,0.03145592371622721,0.45935991764068607,0.5157279618581136,0.8116319304366102,-0.5840596362277027,0.011311535055212756,0.7808403905081553,44.73885884946437,1
9.329999999999846,,,,,15.220908,1.324877,-0.2189888,-1.0671932,15.349681,10.498736,1.828266,0.8561716,0.42312682,0.111724615,-0.274684,12.345539,1.2724224,0.3190944,1.5050124,-0.42781705,-1.052679,1,-0.08128016471862792,0.03145592371622721,0.45935991764068607,0.5157279618581136,0.8116319304366102,-0.5840596362277027,0.011311535055212756,0.7808403905081553,44.73885884946437,1
9.339999999999845,,,,,15.220908,1.324877,-0.2189888,-1.0671932,15.473104,10.510861,1.8314347,0.8519938,0.42788586,0.11122123,-0.28044575,12.338745,1.1524779,0.31445256,1.324877,-0.2189888,-1.0671932,1,-0.0865225887298584,-0.1270504887898763,0.4567387056350708,0.4364747556050619,0.6673641034039447,-0.7400268811061483,0.08357851834147043,0.930114738233725,53.291648963707786,1
9.349999999999845,,,,,15.220908,1.324877,-0.2189888,-1.0671932,15.596452,10.521783,1.834551,0.8477534,0.43261343,0.11070966,-0.28618684,12.330524,1.031696,0.30861008,1.324877,-0.2189888,-1.0671932,1,-0.0865225887298584,-0.1270504887898763,0.4567387056350708,0.4364747556050619,0.6673641034039447,-0.7400268811061483,0.08357851834147043,0.930114738233725,53.291648963707786,1
9.359999999999845,,,,,15.220908,1.324877,-0.2189888,-1.0671932,15.71971,10.531493,1.8376027,0.8434506,0.43730924,0.110189945,-0.2919069,12.320864,0.91010857,0.30156198,1.324877,-0.2189888,-1.0671932,1,-0.0865225887298584,-0.1270504887898763,0.4567387056350708,0.4364747556050619,0.6673641034039447,-0.7400268811061483,0.08357851834147043,0.930114738233725,53.291648963707786,1
9.369999999999845,,,,,15.713164,1.2462716,-0.21962494,-1.1029532,15.842865,10.539984,1.8405781,0.83908576,0.44197282,0.10966213,-0.29760548,12.30975,0.7877475,0.29330358,1.324877,-0.2189888,-1.0671932,1,-0.0865225887298584,-0.1270504887898763,0.4567387056350708,0.4364747556050619,0.6673641034039447,-0.7400268811061483,0.08357851834147043,0.930114738233725,53.291648963707786,1
9.379999999999844,,,,,15.713164,1.2462716,-0.21962494,-1.1029532,15.9658985,10.547226,1.8434793,0.83478135,0.44625428,0.10931974,-0.303391,12.296788,0.66068375,0.28672862,1.2462716,-0.21962494,-1.1029532,1,-0.0865225887298584,-0.1270504887898763,0.4567387056350708,0.4364747556050619,0.6673641034039447,-0.7400268811061483,0.08357851834147043,0.930114738233725,53.291648963707786,1
9.389999999999844,,,,,15.713164,1.2462716,-0.21962494,-1.1029532,16.088795,10.553195,1.8463087,0.83041817,0.4505043,0.10896965,-0.30915514,12.2823715,0.5329395,0.2789813,1.2462716,-0.21962494,-1.1029532,1,-0.0865225887298584,-0.1270504887898763,0.4567387056350708,0.4364747556050619,0.6673641034039447,-0.7400268811061483,0.08357851834147043,0.930114738233725,53.291648963707786,1
9.399999999999844,,,,,15.713164,1.2462716,-0.21962494,-1.1029532,16.21154,10.557883,1.8490547,0.82599646,0.45472258,0.10861188,-0.31489745,12.266488,0.40454555,0.27005956,1.2462716,-0.21962494,-1.1029532,1,-0.0865225887298584,-0.1270504887898763,0.4567387056350708,0.4364747556050619,0.6673641034039447,-0.7400268811061483,0.08357851834147043,0.930114738233725,53.291648963707786,1
9.409999999999844,,,,,16.334536,1.3429008,-0.29229403,-1.1687495,16.33412,10.561284,1.8517057,0.8215165,0.45890883,0.10824647,-0.32061762,12.249125,0.2755331,0.25996163,1.2462716,-0.21962494,-1.1029532,1,-0.05969734191894531,-0.11550547281901041,0.47015132904052737,0.4422472635904948,0.5857522881718876,-0.810456054390069,-0.00743241574991535,0.9674587414982877,55.431302740890004,1
9.419999999999844,,,,,16.334536,1.3429008,-0.29229403,-1.1687495,16.456514,10.563366,1.854267,0.8166864,0.46330503,0.10757041,-0.3268027,12.229454,0.14080603,0.25210017,1.3429008,-0.29229403,-1.1687495,1,-0.05969734191894531,-0.11550547281901041,0.47015132904052737,0.4422472635904948,0.5857522881718876,-0.810456054390069,-0.00743241574991535,0.9674587414982877,55.431302740890004,1
9.429999999999843,,,,,16.334536,1.3429008,-0.29229403,-1.1687495,16.578703,10.564098,1.8567432,0.8117899,0.46766356,0.1068856,-0.33296123,12.208032,0.0054980814,0.24296153,1.3429008,-0.29229403,-1.1687495,1,-0.05969734191894531,-0.11550547281901041,0.47015132904052737,0.4422472635904948,0.5857522881718876,-0.810456054390069,-0.00743241574991535,0.9674587414982877,55.431302740890004,1
9.439999999999843,,,,,16.334536,1.3429008,-0.29229403,-1.1687495,16.70067,10.563475,1.8591217,0.8068273,0.47198403,0.10619209,-0.33909267,12.184846,-0.13035204,0.23254508,1.3429008,-0.29229403,-1.1687495,1,-0.05969734191894531,-0.11550547281901041,0.47015132904052737,0.4422472635904948,0.5857522881718876,-0.810456054390069,-0.00743241574991535,0.9674587414982877,55.431302740890004,1
9.449999999999843,,,,,16.790583,1.2528987,-0.36528185,-1.1575383,16.822395,10.56149,1.8613895,0.80179906,0.4762661,0.10548994,-0.34519652,12.1598835,-0.26670542,0.22085062,1.3429008,-0.29229403,-1.1687495,1,-0.05969734191894531,-0.11550547281901041,0.47015132904052737,0.4422472635904948,0.5857522881718876,-0.810456054390069,-0.00743241574991535,0.9674587414982877,55.431302740890004,1
9.459999999999843,,,,,16.790583,1.2528987,-0.36528185,-1.1575383,16.94386,10.558121,1.8635461,0.79697984,0.48002976,0.104615524,-0.35135457,12.132391,-0.40730497,0.21031724,1.2528987,-0.36528185,-1.1575383,1,-0.05969734191894531,-0.11550547281901041,0.47015132904052737,0.4422472635904948,0.5857522881718876,-0.810456054390069,-0.00743241574991535,0.9674587414982877,55.431302740890004,1
9.469999999999843,,,,,16.790583,1.2528987,-0.36528185,-1.1575383,17.065037,10.553343,1.8655916,0.7921,0.4837569,0.10373315,-0.3574859,12.103061,-0.54824203,0.1986378,1.2528987,-0.36528185,-1.1575383,1,-0.10714607238769532,-0.13586958567301433,0.4464269638061523,0.43206520716349284,0.5283804403441824,-0.848827661728994,-0.017484591655988008,0.9687424702094953,55.504854978081966,1
9.479999999999842,,,,,16.790583,1.2528987,-0.36528185,-1.1575383,17.185913,10.547154,1.8675148,0.78715986,0.48744726,0.1028429,-0.36359003,12.071885,-0.6894793,0.1858148,1.2528987,-0.36528185,-1.1575383,1,-0.10714607238769532,-0.13586958567301433,0.4464269638061523,0.43206520716349284,0.5283804403441824,-0.848827661728994,-0.017484591655988008,0.9687424702094953,55.504854978081966,1
9.489999999999842,,,,,17.341652,1.1443431,-0.3871884,-1.1355658,17.306469,10.539553,1.8693041,0.78215986,0.49110055,0.101944804,-0.3696665,12.038858,-0.8309795,0.1718511,1.2528987,-0.36528185,-1.1575383,1,-0.10714607238769532,-0.13586958567301433,0.4464269638061523,0.43206520716349284,0.5283804403441824,-0.848827661728994,-0.017484591655988008,0.9687424702094953,55.504854978081966,1
9.499999999999842,,,,,17.341652,1.1443431,-0.3871884,-1.1355658,17.426678,10.530512,1.8709618,0.77742153,0.49426442,0.101100355,-0.3756287,12.002865,-0.977333,0.15953042,1.1443431,-0.3871884,-1.1355658,1,-0.10714607238769532,-0.13586958567301433,0.4464269638061523,0.43206520716349284,0.5283804403441824,-0.848827661728994,-0.017484591655988008,0.9687424702094953,55.504854978081966,1
9.509999999999842,,,,,17.341652,1.1443431,-0.3871884,-1.1355658,17.546518,10.520006,1.8724912,0.7726298,0.49739438,0.10024896,-0.38156512,11.965047,-1.1238207,0.14618969,1.1443431,-0.3871884,-1.1355658,1,-0.10714607238769532,-0.13586958567301433,0.4464269638061523,0.43206520716349284,0.5283804403441824,-0.848827661728994,-0.017484591655988008,0.9687424702094953,55.504854978081966,1
9.519999999999841,,,,,17.341652,1.1443431,-0.3871884,-1.1355658,17.665972,10.508036,1.873882,0.767785,0.5004901,0.09939067,-0.3874753,11.9254,-1.2704083,0.13183378,1.1443431,-0.3871884,-1.1355658,1,-0.10714607238769532,-0.13586958567301433,0.4464269638061523,0.43206520716349284,0.5283804403441824,-0.848827661728994,-0.017484591655988008,0.9687424702094953,55.504854978081966,1
9.529999999999841,,,,,17.983974,1.1170218,-0.63789487,-1.0964841,17.785019,10.494598,1.8751243,0.7628874,0.5035515,0.098525554,-0.39335886,11.883918,-1.4170618,0.116467826,1.1443431,-0.3871884,-1.1355658,1,-0.10714607238769532,-0.13586958567301433,0.4464269638061523,0.43206520716349284,0.5283804403441824,-0.848827661728994,-0.017484591655988008,0.9687424702094953,55.504854978081966,1
9.539999999999841,,,,,17.983974,1.1170218,-0.63789487,-1.0964841,17.903635,10.479668,1.8762234,0.7582055,0.5059995,0.096652575,-0.39968354,11.838893,-1.5690919,0.10322969,1.1170218,-0.63789487,-1.0964841,1,-0.12960403442382812,-0.0903105099995931,0.43519798278808597,0.45484474500020344,0.4794245828706448,-0.8729084826783612,-0.0904591079298811,0.9367779931350637,53.673425347374355,1
9.54999999999984,,,,,17.983974,1.1170218,-0.63789487,-1.0964841,18.02179,10.463218,1.8771864,0.75346947,0.50841135,0.0947727,-0.40597966,11.791696,-1.7208822,0.089236684,1.1170218,-0.63789487,-1.0964841,1,-0.12960403442382812,-0.0903105099995931,0.43519798278808597,0.45484474500020344,0.4794245828706448,-0.8729084826783612,-0.0904591079298811,0.9367779931350637,53.673425347374355,1
9.55999999999984,,,,,17.983974,1.1170218,-0.63789487,-1.0964841,18.139462,10.4452505,1.8780057,0.74867964,0.51078695,0.092886046,-0.4122468,11.742326,-1.8723941,0.07449574,1.1170218,-0.63789487,-1.0964841,1,-0.12960403442382812,-0.0903105099995931,0.43519798278808597,0.45484474500020344,0.4794245828706448,-0.8729084826783612,-0.0904591079298811,0.9367779931350637,53.673425347374355,1
9.56999999999984,,,,,18.555077,1.0421032,-0.90793836,-1.067859,18.25663,10.425771,1.8786738,0.7438363,0.513126,0.090992756,-0.4184845,11.690789,-2.0235894,0.059014004,1.1170218,-0.63789487,-1.0964841,1,-0.12960403442382812,-0.0903105099995931,0.43519798278808597,0.45484474500020344,0.4794245828706448,-0.8729084826783612,-0.0904591079298811,0.9367779931350637,53.673425347374355,1
9.57999999999984,,,,,18.555077,1.0421032,-0.90793836,-1.067859,18.37326,10.404756,1.879197,0.739313,0.5145966,0.08817175,-0.4252436,11.635301,-2.1791136,0.045541145,1.0421032,-0.90793836,-1.067859,1,-0.12960403442382812,-0.0903105099995931,0.43519798278808597,0.45484474500020344,0.4794245828706448,-0.8729084826783612,-0.0904591079298811,0.9367779931350637,53.673425347374355,1
9.58999999999984,,,,,18.555077,1.0421032,-0.90793836,-1.067859,18.489325,10.38219,1.8795834,0.73473334,0.5160279,0.08534401,-0.43197024,11.57737,-2.333947,0.031697974,1.0421032,-0.90793836,-1.067859,1,-0.12960403442382812,-0.0903105099995931,0.43519798278808597,0.45484474500020344,0.4794245828706448,-0.8729084826783612,-0.0904591079298811,0.9367779931350637,53.673425347374355,1
9.59999999999984,,,,,18.555077,1.0421032,-0.90793836,-1.067859,18.6048,10.358079,1.8798295,0.73009765,0.5174199,0.082509756,-0.43866393,11.517008,-2.488047,0.01749246,1.0421032,-0.90793836,-1.067859,1,-0.12960403442382812,-0.0903105099995931,0.43519798278808597,0.45484474500020344,0.4794245828706448,-0.8729084826783612,-0.0904591079298811,0.9367779931350637,53.673425347374355,1
9.60999999999984,,,,,18.904757,0.8610763,-1.1177653,-0.9995154,18.719656,10.332431,1.8799319,0.7254063,0.5187724,0.079669215,-0.44532418,11.454228,-2.641371,0.002932712,1.0421032,-0.90793836,-1.067859,1,-0.23704347610473633,-0.17100385030110676,0.38147826194763185,0.4144980748494466,0.3928088473377718,-0.9196185815747404,0.0016952509058065779,0.94047142060946,53.88504315359493,1
9.61999999999984,,,,,18.904757,0.8610763,-1.1177653,-0.9995154,18.833868,10.30524,1.8798954,0.7213654,0.5189892,0.076287426,-0.45217508,11.38782,-2.7966592,-0.010232006,0.8610763,-1.1177653,-0.9995154,1,-0.23704347610473633,-0.17100385030110676,0.38147826194763185,0.4144980748494466,0.3928088473377718,-0.9196185815747404,0.0016952509058065779,0.94047142060946,53.88504315359493,1
9.62999999999984,,,,,18.904757,0.8610763,-1.1177653,-0.9995154,18.947403,10.276502,1.8797278,0.7172706,0.5191672,0.07289994,-0.45899218,11.318995,-2.9508266,-0.023279805,0.8610763,-1.1177653,-0.9995154,1,-0.23704347610473633,-0.17100385030110676,0.38147826194763185,0.4144980748494466,0.3928088473377718,-0.9196185815747404,0.0016952509058065779,0.94047142060946,53.88504315359493,1
9.639999999999839,,,,,18.904757,0.8610763,-1.1177653,-0.9995154,19.060238,10.246227,1.8794304,0.7131222,0.51930636,0.069506995,-0.46577495,11.247772,-3.103832,-0.036203817,0.8610763,-1.1177653,-0.9995154,1,-0.23704347610473633,-0.17100385030110676,0.38147826194763185,0.4144980748494466,0.3928088473377718,-0.9196185815747404,0.0016952509058065779,0.94047142060946,53.88504315359493,1
9.649999999999839,,,,,19.079424,0.5799429,-1.0970232,-0.9309974,19.17235,10.214429,1.8790044,0.7089205,0.51940674,0.06610885,-0.4725229,11.174171,-3.255635,-0.048997235,0.8610763,-1.1177653,-0.9995154,1,-0.23704347610473633,-0.17100385030110676,0.38147826194763185,0.4144980748494466,0.3928088473377718,-0.9196185815747404,0.0016952509058065779,0.94047142060946,53.88504315359493,1
9.659999999999838,,,,,19.079424,0.5799429,-1.0970232,-0.9309974,19.283712,10.181112,1.8784553,0.7055561,0.51854724,0.06326603,-0.47884935,11.097669,-3.4075933,-0.06073707,0.5799429,-1.0970232,-0.9309974,1,-0.23704347610473633,-0.17100385030110676,0.38147826194763185,0.4144980748494466,0.3928088473377718,-0.9196185815747404,0.0016952509058065779,0.94047142060946,53.88504315359493,1
9.669999999999838,,,,,19.079424,0.5799429,-1.0970232,-0.9309974,19.394299,10.146282,1.8777913,0.7021492,0.5176565,0.060419403,-0.48514697,11.019228,-3.5582824,-0.07199397,0.5799429,-1.0970232,-0.9309974,1,-0.2694856643676758,-0.2506733194986979,0.36525716781616213,0.37466334025065107,0.270023814406812,-0.9604291305881517,0.0682863439560431,0.9843767301537243,56.400632088696725,1
9.679999999999838,,,,,19.079424,0.5799429,-1.0970232,-0.9309974,19.504091,10.109951,1.877017,0.69870013,0.5167346,0.057569142,-0.4914154,10.938869,-3.7076728,-0.08276219,0.5799429,-1.0970232,-0.9309974,1,-0.2694856643676758,-0.2506733194986979,0.36525716781616213,0.37466334025065107,0.270023814406812,-0.9604291305881517,0.0682863439560431,0.9843767301537243,56.400632088696725,1
9.689999999999838,,,,,18.95219,0.26381132,-1.0245929,-0.8327596,19.613071,10.072134,1.8761376,0.69520897,0.51578164,0.054715417,-0.4976543,10.856614,-3.8557355,-0.09303611,0.5799429,-1.0970232,-0.9309974,1,-0.2694856643676758,-0.2506733194986979,0.36525716781616213,0.37466334025065107,0.270023814406812,-0.9604291305881517,0.0682863439560431,0.9843767301537243,56.400632088696725,1
9.699999999999838,,,,,18.95219,0.26381132,-1.0245929,-0.8327596,19.72122,10.032847,1.8751553,0.692721,0.5139097,0.05264384,-0.5032522,10.773237,-4.001503,-0.10328094,0.26381132,-1.0245929,-0.8327596,1,-0.2694856643676758,-0.2506733194986979,0.36525716781616213,0.37466334025065107,0.270023814406812,-0.9604291305881517,0.0682863439560431,0.9843767301537243,56.400632088696725,1
9.709999999999837,,,,,18.95219,0.26381132,-1.0245929,-0.8327596,19.82853,9.992109,1.8740748,0.69020176,0.51201445,0.050569877,-0.5088273,10.688536,-4.146006,-0.11270963,0.26381132,-1.0245929,-0.8327596,1,-0.2694856643676758,-0.2506733194986979,0.36525716781616213,0.37466334025065107,0.270023814406812,-0.9604291305881517,0.0682863439560431,0.9843767301537243,56.400632088696725,1
9.719999999999837,,,,,18.95219,0.26381132,-1.0245929,-0.8327596,19.934986,9.949931,1.8729042,0.68765116,0.510096,0.048493616,-0.5143793,10.602528,-4.2892275,-0.12131901,0.26381132,-1.0245929,-0.8327596,1,-0.2694856643676758,-0.2506733194986979,0.36525716781616213,0.37466334025065107,0.270023814406812,-0.9604291305881517,0.0682863439560431,0.9843767301537243,56.400632088696725,1
9.729999999999837,,,,,18.796082,0.044747166,-0.8728149,-0.7151878,20.040577,9.906327,1.8716515,0.6850694,0.50815445,0.04641516,-0.519908,10.515233,-4.431149,-0.12910607,0.26381132,-1.0245929,-0.8327596,1,-0.2694856643676758,-0.2506733194986979,0.36525716781616213,0.37466334025065107,0.270023814406812,-0.9604291305881517,0.0682863439560431,0.9843767301537243,56.400632088696725,1
9.739999999999837,,,,,18.796082,0.044747166,-0.8728149,-0.7151878,20.145292,9.861318,1.8703214,0.6832882,0.5058648,0.04512554,-0.52457744,10.4275675,-4.570675,-0.13678211,0.044747166,-0.8728149,-0.7151878,1,-0.35509357452392576,-0.23130081176757813,0.3224532127380371,0.38434959411621095,0.2546926519154656,-0.960347384959576,0.11342201400774204,0.8984518246069346,51.47749764580544,1
9.749999999999837,,,,,18.796082,0.044747166,-0.8728149,-0.7151878,20.249125,9.8149185,1.8689191,0.68148524,0.50355893,0.04383448,-0.5292302,10.339106,-4.7090955,-0.14354059,0.044747166,-0.8728149,-0.7151878,1,-0.35509357452392576,-0.23130081176757813,0.3224532127380371,0.38434959411621095,0.2546926519154656,-0.960347384959576,0.11342201400774204,0.8984518246069346,51.47749764580544,1
9.759999999999836,,,,,18.796082,0.044747166,-0.8728149,-0.7151878,20.35207,9.767139,1.8674539,0.6796605,0.50123703,0.04254202,-0.53386605,10.249863,-4.8464007,-0.14938058,0.044747166,-0.8728149,-0.7151878,1,-0.35509357452392576,-0.23130081176757813,0.3224532127380371,0.38434959411621095,0.2546926519154656,-0.960347384959576,0.11342201400774204,0.8984518246069346,51.47749764580544,1
9.769999999999836,,,,,18.356936,-0.054921217,-0.8114438,-0.59496677,20.45412,9.717994,1.8659347,0.6778141,0.49889916,0.041248206,-0.53848493,10.159853,-4.982581,-0.15430129,0.044747166,-0.8728149,-0.7151878,1,-0.35509357452392576,-0.23130081176757813,0.3224532127380371,0.38434959411621095,0.2546926519154656,-0.960347384959576,0.11342201400774204,0.8984518246069346,51.47749764580544,1
9.779999999999836,,,,,18.356936,-0.054921217,-0.8114438,-0.59496677,20.555275,9.667507,1.8643601,0.67650807,0.49639922,0.04012966,-0.5425073,10.071283,-5.114505,-0.16048238,-0.054921217,-0.8114438,-0.59496677,1,-0.35509357452392576,-0.23130081176757813,0.3224532127380371,0.38434959411621095,0.2546926519154656,-0.960347384959576,0.11342201400774204,0.8984518246069346,51.47749764580544,1
9.789999999999836,,,,,18.356936,-0.054921217,-0.8114438,-0.59496677,20.655542,9.615707,1.8627284,0.67518485,0.4938867,0.0390101,-0.5465158,9.982182,-5.2454042,-0.16571689,-0.054921217,-0.8114438,-0.59496677,1,-0.35509357452392576,-0.23130081176757813,0.3224532127380371,0.38434959411621095,0.2546926519154656,-0.960347384959576,0.11342201400774204,0.8984518246069346,51.47749764580544,1
9.799999999999836,,,,,18.356936,-0.054921217,-0.8114438,-0.59496677,20.754917,9.562603,1.8610489,0.67384446,0.49136165,0.037889544,-0.5505105,9.892563,-5.3752713,-0.17000575,-0.054921217,-0.8114438,-0.59496677,1,-0.35509357452392576,-0.23130081176757813,0.3224532127380371,0.38434959411621095,0.2546926519154656,-0.960347384959576,0.11342201400774204,0.8984518246069346,51.47749764580544,1
9.809999999999835,,,,,18.299435,-0.106879,-0.56469655,-0.5227835,20.853394,9.508205,1.8593314,0.6724869,0.48882416,0.036768023,-0.5544912,9.802438,-5.504098,-0.17335004,-0.054921217,-0.8114438,-0.59496677,1,-0.3380279541015625,-0.1328640111287435,0.33098602294921875,0.43356799443562827,0.25094149665367915,-0.9666249288105179,0.05161988240274146,0.8051656993662437,46.132596382385024,1
9.819999999999835,,,,,18.299435,-0.106879,-0.56469655,-0.5227835,20.950966,9.452526,1.8575834,0.6713975,0.4867994,0.036443055,-0.5576054,9.712196,-5.631602,-0.17612872,-0.106879,-0.56469655,-0.5227835,1,-0.3380279541015625,-0.1328640111287435,0.33098602294921875,0.43356799443562827,0.25094149665367915,-0.9666249288105179,0.05161988240274146,0.8051656993662437,46.132596382385024,1
9.829999999999835,,,,,18.299435,-0.106879,-0.56469655,-0.5227835,21.047636,9.395575,1.8558114,0.6702979,0.4847673,0.036117535,-0.56071115,9.621719,-5.7583876,-0.17817588,-0.106879,-0.56469655,-0.5227835,1,-0.3380279541015625,-0.1328640111287435,0.33098602294921875,0.43356799443562827,0.25094149665367915,-0.9666249288105179,0.05161988240274146,0.8051656993662437,46.132596382385024,1
9.839999999999835,,,,,18.299435,-0.106879,-0.56469655,-0.5227835,21.1434,9.337359,1.8540224,0.66918826,0.48272786,0.035791475,-0.56380844,9.531014,-5.8844523,-0.179492,-0.106879,-0.56469655,-0.5227835,1,-0.3380279541015625,-0.1328640111287435,0.33098602294921875,0.43356799443562827,0.25094149665367915,-0.9666249288105179,0.05161988240274146,0.8051656993662437,46.132596382385024,1
9.849999999999834,,,,,18.13375,-0.15185392,-0.49426398,-0.46381542,21.238256,9.277888,1.8522239,0.66806847,0.48068115,0.03546487,-0.5668973,9.440089,-6.009793,-0.1800776,-0.106879,-0.56469655,-0.5227835,1,-0.3380279541015625,-0.1328640111287435,0.33098602294921875,0.43356799443562827,0.25094149665367915,-0.9666249288105179,0.05161988240274146,0.8051656993662437,46.132596382385024,1
9.859999999999834,,,,,18.13375,-0.15185392,-0.49426398,-0.46381542,21.332207,9.217172,1.8504188,0.6672024,0.47868776,0.035358813,-0.56960416,9.349817,-6.133317,-0.18083273,-0.15185392,-0.49426398,-0.46381542,1,-0.3380279541015625,-0.1328640111287435,0.33098602294921875,0.43356799443562827,0.25094149665367915,-0.9666249288105179,0.05161988240274146,0.8051656993662437,46.132596382385024,1
9.869999999999834,,,,,18.13375,-0.15185392,-0.49426398,-0.46381542,21.425253,9.155224,1.8486097,0.66632825,0.47668862,0.035252325,-0.5723041,9.259451,-6.25622,-0.18089187,-0.15185392,-0.49426398,-0.46381542,1,-0.2351376533508301,-0.11595687866210938,0.382431173324585,0.4420215606689453,0.15917931461499787,-0.9871707778888177,-0.012482030327088445,0.8167230664200833,46.79478473685358,1
9.879999999999834,,,,,18.13375,-0.15185392,-0.49426398,-0.46381542,21.517395,9.09205,1.8468033,0.6654461,0.47468376,0.035145417,-0.57499725,9.168996,-6.3785,-0.18025595,-0.15185392,-0.49426398,-0.46381542,1,-0.2351376533508301,-0.11595687866210938,0.382431173324585,0.4420215606689453,0.15917931461499787,-0.9871707778888177,-0.012482030327088445,0.8167230664200833,46.79478473685358,1
9.889999999999834,,,,,18.188618,-0.13067168,-0.45550779,-0.44349524,21.608631,9.027656,1.845007,0.6645559,0.47267318,0.035038076,-0.5776834,9.07846,-6.5001545,-0.1789259,-0.15185392,-0.49426398,-0.46381542,1,-0.2351376533508301,-0.11595687866210938,0.382431173324585,0.4420215606689453,0.15917931461499787,-0.9871707778888177,-0.012482030327088445,0.8167230664200833,46.79478473685358,1
9.899999999999833,,,,,18.188618,-0.13067168,-0.45550779,-0.44349524,21.698961,8.962047,1.8432286,0.66366,0.4708431,0.034949917,-0.58020765,8.98757,-6.6215663,-0.17662387,-0.13067168,-0.45550779,-0.44349524,1,-0.2351376533508301,-0.11595687866210938,0.382431173324585,0.4420215606689453,0.15917931461499787,-0.9871707778888177,-0.012482030327088445,0.8167230664200833,46.79478473685358,1
9.909999999999833,,,,,18.188618,-0.13067168,-0.45550779,-0.44349524,21.788382,8.8952265,1.8414766,0.6627571,0.46900806,0.03486139,-0.58272576,8.896603,-6.742396,-0.17369172,-0.13067168,-0.45550779,-0.44349524,1,-0.2351376533508301,-0.11595687866210938,0.382431173324585,0.4420215606689453,0.15917931461499787,-0.9871707778888177,-0.012482030327088445,0.8167230664200833,46.79478473685358,1
9.919999999999833,,,,,18.188618,-0.13067168,-0.45550779,-0.44349524,21.876892,8.827201,1.839757,0.6618473,0.4671681,0.034772493,-0.58523774,8.805561,-6.862641,-0.17013025,-0.13067168,-0.45550779,-0.44349524,1,-0.2351376533508301,-0.11595687866210938,0.382431173324585,0.4420215606689453,0.15917931461499787,-0.9871707778888177,-0.012482030327088445,0.8167230664200833,46.79478473685358,1
9.929999999999833,,,,,18.264214,-0.074183114,-0.5576885,-0.43511978,21.964493,8.757976,1.8380761,0.6609305,0.4653232,0.034683235,-0.5877435,8.714452,-6.9822993,-0.16594021,-0.13067168,-0.45550779,-0.44349524,1,-0.2351376533508301,-0.11595687866210938,0.382431173324585,0.4420215606689453,0.15917931461499787,-0.9871707778888177,-0.012482030327088445,0.8167230664200833,46.79478473685358,1
9.939999999999833,,,,,18.264214,-0.074183114,-0.5576885,-0.43511978,22.051178,8.687554,1.8364425,0.65991694,0.46336076,0.03407041,-0.5904624,8.622848,-7.1018085,-0.1606754,-0.074183114,-0.5576885,-0.43511978,1,-0.211541748046875,-0.11825417836507161,0.3942291259765625,0.4408729108174642,0.10823759951512614,-0.9940234864001471,-0.014210226461949305,0.7733666712103344,44.31064627643375,1
9.949999999999832,,,,,18.264214,-0.074183114,-0.5576885,-0.43511978,22.136948,8.615942,1.834865,0.658895,0.46139246,0.033457156,-0.59317374,8.531047,-7.2205744,-0.15472992,-0.074183114,-0.5576885,-0.43511978,1,-0.211541748046875,-0.11825417836507161,0.3942291259765625,0.4408729108174642,0.10823759951512614,-0.9940234864001471,-0.014210226461949305,0.7733666712103344,44.31064627643375,1
9.959999999999832,,,,,18.264214,-0.074183114,-0.5576885,-0.43511978,22.221798,8.543145,1.8333503,0.65786475,0.45941836,0.032843474,-0.59587765,8.439056,-7.3385935,-0.14810483,-0.074183114,-0.5576885,-0.43511978,1,-0.211541748046875,-0.11825417836507161,0.3942291259765625,0.4408729108174642,0.10823759951512614,-0.9940234864001471,-0.014210226461949305,0.7733666712103344,44.31064627643375,1
9.969999999999832,,,,,18.280375,0.0013587419,-0.54599965,-0.4959472,22.305729,8.4691725,1.8319051,0.6568262,0.4574384,0.03222938,-0.5985739,8.346882,-7.4558625,-0.1408013,-0.074183114,-0.5576885,-0.43511978,1,-0.211541748046875,-0.11825417836507161,0.3942291259765625,0.4408729108174642,0.10823759951512614,-0.9940234864001471,-0.014210226461949305,0.7733666712103344,44.31064627643375,1
9.979999999999832,,,,,18.280375,0.0013587419,-0.54599965,-0.4959472,22.388735,8.394031,1.8305368,0.65542233,0.4557258,0.03156629,-0.6014476,8.254409,-7.5724816,-0.1327604,0.0013587419,-0.54599965,-0.4959472,1,-0.211541748046875,-0.11825417836507161,0.3942291259765625,0.4408729108174642,0.10823759951512614,-0.9940234864001471,-0.014210226461949305,0.7733666712103344,44.31064627643375,1
9.989999999999831,,,,,18.280375,0.0013587419,-0.54599965,-0.4959472,22.470816,8.317725,1.829252,0.6540095,0.45400697,0.03090277,-0.60431314,8.161658,-7.6883426,-0.12413243,0.0013587419,-0.54599965,-0.4959472,1,-0.211541748046875,-0.11825417836507161,0.3942291259765625,0.4408729108174642,0.10823759951512614,-0.9940234864001471,-0.014210226461949305,0.7733666712103344,44.31064627643375,1
9.999999999999831,,,,,18.280375,0.0013587419,-0.54599965,-0.4959472,22.551966,8.240266,1.8280562,0.65258783,0.45228195,0.030238826,-0.6071704,8.068639,-7.8034425,-0.11491777,0.0013587419,-0.54599965,-0.4959472,1,-0.211541748046875,-0.11825417836507161,0.3942291259765625,0.4408729108174642,0.10823759951512614,-0.9940234864001471,-0.014210226461949305,0.7733666712103344,44.31064627643375,1
10.009999999999831,,,,,18.168911,0.07705753,-0.59171504,-0.52297676,22.632185,8.161658,1.8269556,0.65115726,0.45055073,0.029574474,-0.61001945,7.975356,-7.9177785,-0.105116844,0.0013587419,-0.54599965,-0.4959472,1,-0.23452167510986327,-0.08620639801025391,0.38273916244506834,0.45689680099487306,0.10462145907805039,-0.9944118566074469,-0.014121251322401968,0.6841972174140969,39.20161291242254,1
10.01999999999983,,,,,18.168911,0.07705753,-0.59171504,-0.52297676,22.711473,8.081916,1.8259525,0.6494709,0.44891596,0.02859085,-0.61306167,7.8823366,-8.030623,-0.09540169,0.07705753,-0.59171504,-0.52297676,1,-0.23452167510986327,-0.08620639801025391,0.38273916244506834,0.45689680099487306,0.10462145907805039,-0.9944118566074469,-0.014121251322401968,0.6841972174140969,39.20161291242254,1
10.02999999999983,,,,,18.168911,0.07705753,-0.59171504,-0.52297676,22.78983,8.001048,1.8250495,0.64777434,0.44727412,0.027606776,-0.61609435,7.7889357,-8.142619,-0.085131556,0.07705753,-0.59171504,-0.52297676,1,-0.23452167510986327,-0.08620639801025391,0.38273916244506834,0.45689680099487306,0.10462145907805039,-0.9944118566074469,-0.014121251322401968,0.6841972174140969,39.20161291242254,1
10.03999999999983,,,,,18.168911,0.07705753,-0.59171504,-0.52297676,22.86725,7.9190655,1.8242519,0.64606756,0.44562525,0.026622267,-0.61911726,7.6951613,-8.25376,-0.074306786,0.07705753,-0.59171504,-0.52297676,1,-0.23452167510986327,-0.08620639801025391,0.38273916244506834,0.45689680099487306,0.10462145907805039,-0.9944118566074469,-0.014121251322401968,0.6841972174140969,39.20161291242254,1
10.04999999999983,,,,,18.156843,0.21717763,-0.5234779,-0.57760286,22.943731,7.8359756,1.8235654,0.64435065,0.44396934,0.02563734,-0.62213045,7.601022,-8.364046,-0.06292777,0.07705753,-0.59171504,-0.52297676,1,-0.23452167510986327,-0.08620639801025391,0.38273916244506834,0.45689680099487306,0.10462145907805039,-0.9944118566074469,-0.014121251322401968,0.6841972174140969,39.20161291242254,1
10.05999999999983,,,,,18.156843,0.21717763,-0.5234779,-0.57760286,23.019266,7.751787,1.8229947,0.6421337,0.442963,0.024557242,-0.62517613,7.506519,-8.473419,-0.05114661,0.21717763,-0.5234779,-0.57760286,1,-0.23452167510986327,-0.08620639801025391,0.38273916244506834,0.45689680099487306,0.10462145907805039,-0.9944118566074469,-0.014121251322401968,0.6841972174140969,39.20161291242254,1
10.06999999999983,,,,,18.156843,0.21717763,-0.5234779,-0.57760286,23.093855,7.66651,1.8225437,0.6399063,0.44194943,0.023476742,-0.62821156,7.411483,-8.581981,-0.03902137,0.21717763,-0.5234779,-0.57760286,1,-0.30708143234252927,-0.2581134541829427,0.34645928382873536,0.3709432729085287,0.02571805761541658,-0.9866356054170236,0.1608998559224759,0.6862818791146637,39.32105522957758,1
10.07999999999983,,,,,18.156843,0.21717763,-0.5234779,-0.57760286,23.167492,7.5801506,1.8222156,0.6376684,0.44092858,0.022395857,-0.63123673,7.315922,-8.689727,-0.026551291,0.21717763,-0.5234779,-0.57760286,1,-0.30708143234252927,-0.2581134541829427,0.34645928382873536,0.3709432729085287,0.02571805761541658,-0.9866356054170236,0.1608998559224759,0.6862818791146637,39.32105522957758,1
10.08999999999983,,,,,17.91662,0.42763343,-0.57149184,-0.5735965,23.24017,7.492718,1.8220137,0.63541996,0.43990055,0.021314606,-0.6342516,7.2198424,-8.796655,-0.013735663,0.21717763,-0.5234779,-0.57760286,1,-0.30708143234252927,-0.2581134541829427,0.34645928382873536,0.3709432729085287,0.02571805761541658,-0.9866356054170236,0.1608998559224759,0.6862818791146637,39.32105522957758,1
10.09999999999983,,,,,17.91662,0.42763343,-0.57149184,-0.5735965,23.311892,7.4042277,1.8219343,0.6327146,0.43938112,0.019404192,-0.6373699,7.1244073,-8.901303,-0.0021022386,0.42763343,-0.57149184,-0.5735965,1,-0.30708143234252927,-0.2581134541829427,0.34645928382873536,0.3709432729085287,0.02571805761541658,-0.9866356054170236,0.1608998559224759,0.6862818791146637,39.32105522957758,1
10.109999999999829,,,,,17.91662,0.42763343,-0.57149184,-0.5735965,23.382654,7.3146954,1.8219723,0.629996,0.43885246,0.017493375,-0.6404748,7.0281487,-9.004992,0.009722755,0.42763343,-0.57149184,-0.5735965,1,-0.30708143234252927,-0.2581134541829427,0.34645928382873536,0.3709432729085287,0.02571805761541658,-0.9866356054170236,0.1608998559224759,0.6862818791146637,39.32105522957758,1
10.119999999999829,,,,,17.91662,0.42763343,-0.57149184,-0.5735965,23.452452,7.2241306,1.8221294,0.6272642,0.4383146,0.01558219,-0.64356637,6.931076,-9.107713,0.021739412,0.42763343,-0.57149184,-0.5735965,1,-0.30708143234252927,-0.2581134541829427,0.34645928382873536,0.3709432729085287,0.02571805761541658,-0.9866356054170236,0.1608998559224759,0.6862818791146637,39.32105522957758,1
10.129999999999828,,,,,17.638794,0.6241568,-0.631376,-0.5859574,23.521275,7.1325436,1.8224076,0.6245192,0.43776754,0.013670677,-0.64664435,6.8331976,-9.209458,0.03394781,0.42763343,-0.57149184,-0.5735965,1,-0.30708143234252927,-0.2581134541829427,0.34645928382873536,0.3709432729085287,0.02571805761541658,-0.9866356054170236,0.1608998559224759,0.6862818791146637,39.32105522957758,1
10.139999999999828,,,,,17.638794,0.6241568,-0.631376,-0.5859574,23.589123,7.0399523,1.8228002,0.6212928,0.4376289,0.010963492,-0.6498895,6.7359405,-9.3085985,0.044588685,0.6241568,-0.631376,-0.5859574,1,-0.1303718662261963,-0.1558276621500651,0.43481406688690183,0.4220861689249674,-0.12131806211601419,-0.9926124551784427,0.0015625712909488054,0.7480245395572735,42.85864908884847,1
10.149999999999828,,,,,17.638794,0.6241568,-0.631376,-0.5859574,23.655993,6.9463754,1.8232994,0.61804885,0.43747786,0.008255998,-0.65311635,6.6376095,-9.406602,0.05529539,0.6241568,-0.631376,-0.5859574,1,-0.1303718662261963,-0.1558276621500651,0.43481406688690183,0.4220861689249674,-0.12131806211601419,-0.9926124551784427,0.0015625712909488054,0.7480245395572735,42.85864908884847,1
10.159999999999828,,,,,17.638794,0.6241568,-0.631376,-0.5859574,23.721872,6.8518243,1.8239062,0.6147874,0.43731442,0.005548269,-0.6563247,6.5382166,-9.503456,0.06606657,0.6241568,-0.631376,-0.5859574,1,-0.1303718662261963,-0.1558276621500651,0.43481406688690183,0.4220861689249674,-0.12131806211601419,-0.9926124551784427,0.0015625712909488054,0.7480245395572735,42.85864908884847,1
10.169999999999828,,,,,17.15841,0.64226806,-0.7805866,-0.5516195,23.786755,6.7563105,1.824621,0.6115086,0.4371387,0.0028403837,-0.6595145,6.4377747,-9.59915,0.076900855,0.6241568,-0.631376,-0.5859574,1,-0.1303718662261963,-0.1558276621500651,0.43481406688690183,0.4220861689249674,-0.12131806211601419,-0.9926124551784427,0.0015625712909488054,0.7480245395572735,42.85864908884847,1
10.179999999999827,,,,,17.15841,0.64226806,-0.7805866,-0.5516195,23.85064,6.659858,1.8254297,0.60828674,0.43651336,-0.00045857643,-0.6629054,6.339038,-9.691017,0.084877655,0.64226806,-0.7805866,-0.5516195,1,-0.1303718662261963,-0.1558276621500651,0.43481406688690183,0.4220861689249674,-0.12131806211601419,-0.9926124551784427,0.0015625712909488054,0.7480245395572735,42.85864908884847,1
10.189999999999827,,,,,17.15841,0.64226806,-0.7805866,-0.5516195,23.91353,6.5624948,1.8263192,0.6050447,0.43587354,-0.0037575213,-0.66627437,6.2392483,-9.781518,0.09304337,0.64226806,-0.7805866,-0.5516195,1,-0.1303718662261963,-0.1558276621500651,0.43481406688690183,0.4220861689249674,-0.12131806211601419,-0.9926124551784427,0.0015625712909488054,0.7480245395572735,42.85864908884847,1
10.199999999999827,,,,,17.15841,0.64226806,-0.7805866,-0.5516195,23.975416,6.464233,1.8272913,0.60178256,0.43521926,-0.007056341,-0.66962117,6.1384215,-9.870642,0.10139457,0.64226806,-0.7805866,-0.5516195,1,-0.1303718662261963,-0.1558276621500651,0.43481406688690183,0.4220861689249674,-0.12131806211601419,-0.9926124551784427,0.0015625712909488054,0.7480245395572735,42.85864908884847,1
10.209999999999827,,,,,17.013987,0.5646873,-0.90799963,-0.5700127,24.036291,6.365087,1.8283478,0.5985006,0.43455055,-0.010354927,-0.67294574,6.0365734,-9.958376,0.109927826,0.64226806,-0.7805866,-0.5516195,1,-0.1527129077911377,-0.16459884643554687,0.42364354610443117,0.41770057678222655,-0.18381949291355676,-0.982443701051606,0.03185542793663049,0.7299173461719721,41.8211833290435,1
10.219999999999827,,,,,17.013987,0.5646873,-0.90799963,-0.5700127,24.096148,6.2650743,1.8294864,0.5952978,0.43320677,-0.013733431,-0.6765828,5.9346175,-10.043929,0.1178135,0.5646873,-0.90799963,-0.5700127,1,-0.1527129077911377,-0.16459884643554687,0.42364354610443117,0.41770057678222655,-0.18381949291355676,-0.982443701051606,0.03185542793663049,0.7299173461719721,41.8211833290435,1
10.229999999999826,,,,,17.013987,0.5646873,-0.90799963,-0.5700127,24.15498,6.1642137,1.8307055,0.5920731,0.43184707,-0.017111432,-0.68019503,5.8317666,-10.127941,0.12606667,0.5646873,-0.90799963,-0.5700127,1,-0.1527129077911377,-0.16459884643554687,0.42364354610443117,0.41770057678222655,-0.18381949291355676,-0.982443701051606,0.03185542793663049,0.7299173461719721,41.8211833290435,1
10.239999999999826,,,,,17.013987,0.5646873,-0.90799963,-0.5700127,24.21278,6.0625205,1.8320091,0.58882666,0.4304715,-0.020488802,-0.6837822,5.7280397,-10.210401,0.13468297,0.5646873,-0.90799963,-0.5700127,1,-0.1527129077911377,-0.16459884643554687,0.42364354610443117,0.41770057678222655,-0.18381949291355676,-0.982443701051606,0.03185542793663049,0.7299173461719721,41.8211833290435,1
10.249999999999826,,,,,16.950512,0.40011826,-0.98455167,-0.55929065,24.269539,5.960011,1.8334005,0.58555865,0.42908016,-0.023865422,-0.6873443,5.6234546,-10.291297,0.14365806,0.5646873,-0.90799963,-0.5700127,1,-0.1527129077911377,-0.16459884643554687,0.42364354610443117,0.41770057678222655,-0.18381949291355676,-0.982443701051606,0.03185542793663049,0.7299173461719721,41.8211833290435,1
10.259999999999826,,,,,16.950512,0.40011826,-0.98455167,-0.55929065,24.325249,5.856702,1.8348818,0.5826501,0.42692703,-0.02692273,-0.69103384,5.518503,-10.3703165,0.15266995,0.40011826,-0.98455167,-0.55929065,1,-0.1527129077911377,-0.16459884643554687,0.42364354610443117,0.41770057678222655,-0.18381949291355676,-0.982443701051606,0.03185542793663049,0.7299173461719721,41.8211833290435,1
10.269999999999825,,,,,16.950512,0.40011826,-0.98455167,-0.55929065,24.379906,5.7526107,1.836456,0.5797205,0.4247585,-0.029979067,-0.6946985,5.4129457,-10.447738,0.16225216,0.40011826,-0.98455167,-0.55929065,1,-0.12972477912902833,-0.07913398742675781,0.4351376104354858,0.4604330062866211,-0.22426078378427322,-0.9741536346354203,-0.027051746395814674,0.7042891866415786,40.352797951263966,1
10.279999999999825,,,,,16.950512,0.40011826,-0.98455167,-0.55929065,24.433506,5.6477532,1.8381287,0.57677007,0.4225746,-0.03303432,-0.69833815,5.3068023,-10.523552,0.17239963,0.40011826,-0.98455167,-0.55929065,1,-0.12972477912902833,-0.07913398742675781,0.4351376104354858,0.4604330062866211,-0.22426078378427322,-0.9741536346354203,-0.027051746395814674,0.7042891866415786,40.352797951263966,1
10.289999999999825,,,,,16.815672,0.30654797,-0.93515944,-0.58104837,24.486038,5.542145,1.8399057,0.5737988,0.42037553,-0.036088385,-0.7019526,5.2000914,-10.597751,0.1831072,0.40011826,-0.98455167,-0.55929065,1,-0.12972477912902833,-0.07913398742675781,0.4351376104354858,0.4604330062866211,-0.22426078378427322,-0.9741536346354203,-0.027051746395814674,0.7042891866415786,40.352797951263966,1
10.299999999999825,,,,,16.815672,0.30654797,-0.93515944,-0.58104837,24.537508,5.435806,1.8417884,0.57093704,0.41807082,-0.038625363,-0.70551836,5.093732,-10.669794,0.1935142,0.30654797,-0.93515944,-0.58104837,1,-0.12972477912902833,-0.07913398742675781,0.4351376104354858,0.4604330062866211,-0.22426078378427322,-0.9741536346354203,-0.027051746395814674,0.7042891866415786,40.352797951263966,1
10.309999999999825,,,,,16.815672,0.30654797,-0.93515944,-0.58104837,24.587912,5.3287544,1.843778,0.5680566,0.41575244,-0.041161083,-0.70906115,4.9869685,-10.740343,0.20450582,0.30654797,-0.93515944,-0.58104837,1,-0.12972477912902833,-0.07913398742675781,0.4351376104354858,0.4604330062866211,-0.22426078378427322,-0.9741536346354203,-0.027051746395814674,0.7042891866415786,40.352797951263966,1
10.319999999999824,,,,,16.815672,0.30654797,-0.93515944,-0.58104837,24.637247,5.221005,1.8458805,0.56515765,0.4134205,-0.04369546,-0.7125808,4.87982,-10.809391,0.21607798,0.30654797,-0.93515944,-0.58104837,1,-0.12972477912902833,-0.07913398742675781,0.4351376104354858,0.4604330062866211,-0.22426078378427322,-0.9741536346354203,-0.027051746395814674,0.7042891866415786,40.352797951263966,1
10.329999999999824,,,,,16.671837,0.3023607,-0.89313996,-0.588243,24.685507,5.1125717,1.8481016,0.56224024,0.41107506,-0.04622841,-0.71607715,4.7723026,-10.876932,0.22822656,0.30654797,-0.93515944,-0.58104837,1,-0.12972477912902833,-0.07913398742675781,0.4351376104354858,0.4604330062866211,-0.22426078378427322,-0.9741536346354203,-0.027051746395814674,0.7042891866415786,40.352797951263966,1
10.339999999999824,,,,,16.671837,0.3023607,-0.89313996,-0.588243,24.732698,5.0034738,1.8504424,0.5592975,0.4088569,-0.048611987,-0.7194856,4.6653585,-10.942419,0.23998672,0.3023607,-0.89313996,-0.588243,1,-0.07235789775848389,-0.08918661117553711,0.46382105112075805,0.45540669441223147,-0.3462565466662542,-0.9379513136613681,-0.01880789971459884,0.7566612283423182,43.3534949051995,1
10.349999999999824,,,,,16.671837,0.3023607,-0.89313996,-0.588243,24.778814,4.8937283,1.8529034,0.55633754,0.4066261,-0.05099407,-0.72287184,4.5580864,-11.006463,0.2522766,0.3023607,-0.89313996,-0.588243,1,-0.07235789775848389,-0.08918661117553711,0.46382105112075805,0.45540669441223147,-0.3462565466662542,-0.9379513136613681,-0.01880789971459884,0.7566612283423182,43.3534949051995,1
10.359999999999824,,,,,16.671837,0.3023607,-0.89313996,-0.588243,24.823858,4.7833495,1.8554897,0.5533604,0.40438277,-0.053374566,-0.72623575,4.450503,-11.069059,0.26509255,0.3023607,-0.89313996,-0.588243,1,-0.07235789775848389,-0.08918661117553711,0.46382105112075805,0.45540669441223147,-0.3462565466662542,-0.9379513136613681,-0.01880789971459884,0.7566612283423182,43.3534949051995,1
10.369999999999823,,,,,16.540842,0.4183689,-0.8053453,-0.6147932,24.867825,4.672352,1.858207,0.5503661,0.40212697,-0.055753417,-0.72957724,4.3426237,-11.130201,0.27843094,0.3023607,-0.89313996,-0.588243,1,-0.07235789775848389,-0.08918661117553711,0.46382105112075805,0.45540669441223147,-0.3462565466662542,-0.9379513136613681,-0.01880789971459884,0.7566612283423182,43.3534949051995,1
10.379999999999823,,,,,16.540842,0.4183689,-0.8053453,-0.6147932,24.910713,4.560753,1.8610557,0.54704946,0.4005058,-0.05825878,-0.7327607,4.2352576,-11.189435,0.2913421,0.4183689,-0.8053453,-0.6147932,1,-0.07235789775848389,-0.08918661117553711,0.46382105112075805,0.45540669441223147,-0.3462565466662542,-0.9379513136613681,-0.01880789971459884,0.7566612283423182,43.3534949051995,1
10.389999999999823,,,,,16.540842,0.4183689,-0.8053453,-0.6147932,24.952528,4.4485683,1.8640351,0.5437164,0.39887258,-0.06076239,-0.7359222,4.127474,-11.247266,0.30458826,0.4183689,-0.8053453,-0.6147932,1,-0.07235789775848389,-0.08918661117553711,0.46382105112075805,0.45540669441223147,-0.3462565466662542,-0.9379513136613681,-0.01880789971459884,0.7566612283423182,43.3534949051995,1
10.399999999999823,,,,,16.540842,0.4183689,-0.8053453,-0.6147932,24.993261,4.3358126,1.8671488,0.54036695,0.39722744,-0.063264176,-0.73906153,4.0192885,-11.303689,0.31816673,0.4183689,-0.8053453,-0.6147932,1,-0.07235789775848389,-0.08918661117553711,0.46382105112075805,0.45540669441223147,-0.3462565466662542,-0.9379513136613681,-0.01880789971459884,0.7566612283423182,43.3534949051995,1
10.409999999999823,,,,,16.404228,0.58229035,-0.66808987,-0.64282966,25.032911,4.2224994,1.8703997,0.5370013,0.39557037,-0.06576406,-0.7421787,3.9107172,-11.358701,0.3320748,0.4183689,-0.8053453,-0.6147932,1,-0.044481301307678224,-0.10167842229207356,0.4777593493461609,0.4491607888539632,-0.440894855392312,-0.8975580905456971,0.0010957118941652827,0.788177022941893,45.159216923756325,1
10.419999999999822,,,,,16.404228,0.58229035,-0.66808987,-0.64282966,25.071478,4.1086454,1.8737864,0.53323644,0.39486006,-0.068446286,-0.7450235,3.8025906,-11.411882,0.3452857,0.58229035,-0.66808987,-0.64282966,1,-0.044481301307678224,-0.10167842229207356,0.4777593493461609,0.4491607888539632,-0.440894855392312,-0.8975580905456971,0.0010957118941652827,0.788177022941893,45.159216923756325,1
10.429999999999822,,,,,16.404228,0.58229035,-0.66808987,-0.64282966,25.10896,3.9942663,1.8773056,0.5294556,0.39413792,-0.07112645,-0.74784595,3.6938858,-11.463731,0.35856205,0.58229035,-0.66808987,-0.64282966,1,-0.044481301307678224,-0.10167842229207356,0.4777593493461609,0.4491607888539632,-0.440894855392312,-0.8975580905456971,0.0010957118941652827,0.788177022941893,45.159216923756325,1
10.439999999999822,,,,,16.404228,0.58229035,-0.66808987,-0.64282966,25.145351,3.8793755,1.8809577,0.5256589,0.39340398,-0.07380449,-0.750646,3.5846171,-11.514241,0.3719019,0.58229035,-0.66808987,-0.64282966,1,-0.044481301307678224,-0.10167842229207356,0.4777593493461609,0.4491607888539632,-0.440894855392312,-0.8975580905456971,0.0010957118941652827,0.788177022941893,45.159216923756325,1
10.449999999999822,,,,,16.355423,0.82144344,-0.50193083,-0.6992582,25.18065,3.7639863,1.8847437,0.5218465,0.39265823,-0.076480314,-0.7534235,3.4747992,-11.563407,0.3853033,0.58229035,-0.66808987,-0.64282966,1,-0.044481301307678224,-0.10167842229207356,0.4777593493461609,0.4491607888539632,-0.440894855392312,-0.8975580905456971,0.0010957118941652827,0.788177022941893,45.159216923756325,1
10.459999999999821,,,,,16.355423,0.82144344,-0.50193083,-0.6992582,25.214846,3.648113,1.8886619,0.5173984,0.3931712,-0.07951023,-0.7559059,3.364654,-11.6111,0.3983032,0.82144344,-0.50193083,-0.6992582,1,-0.044481301307678224,-0.10167842229207356,0.4777593493461609,0.4491607888539632,-0.440894855392312,-0.8975580905456971,0.0010957118941652827,0.788177022941893,45.159216923756325,1
10.469999999999821,,,,,16.355423,0.82144344,-0.50193083,-0.6992582,25.247938,3.5317688,1.8927088,0.512932,0.39367023,-0.08253732,-0.75836164,3.2536674,-11.657495,0.41101575,0.82144344,-0.50193083,-0.6992582,1,-0.005243434309959411,-0.07702357610066732,0.4973782828450203,0.4614882119496663,-0.5166683092581839,-0.8553502204536102,-0.03781347085696195,0.8155657146280535,46.728473363758376,1
10.479999999999821,,,,,16.355423,0.82144344,-0.50193083,-0.6992582,25.279915,3.4149675,1.8968812,0.50844747,0.39415532,-0.0855615,-0.7607905,3.1418555,-11.7025795,0.42343846,0.82144344,-0.50193083,-0.6992582,1,-0.005243434309959411,-0.07702357610066732,0.4973782828450203,0.4614882119496663,-0.5166683092581839,-0.8553502204536102,-0.03781347085696195,0.8155657146280535,46.728473363758376,1
10.48999999999982,,,,,16.236807,0.98264986,-0.4113818,-0.70927596,25.310772,3.2977219,1.9011765,0.50394493,0.39462647,-0.08858265,-0.7631925,3.0292342,-11.7463455,0.43556902,0.82144344,-0.50193083,-0.6992582,1,-0.005243434309959411,-0.07702357610066732,0.4973782828450203,0.4614882119496663,-0.5166683092581839,-0.8553502204536102,-0.03781347085696195,0.8155657146280535,46.728473363758376,1
10.49999999999982,,,,,16.236807,0.98264986,-0.4113818,-0.70927596,25.3405,3.1800466,1.9055873,0.49910694,0.3958387,-0.09196764,-0.7653405,2.9165637,-11.788476,0.44652694,0.98264986,-0.4113818,-0.70927596,1,-0.005243434309959411,-0.07702357610066732,0.4973782828450203,0.4614882119496663,-0.5166683092581839,-0.8553502204536102,-0.03781347085696195,0.8155657146280535,46.728473363758376,1
10.50999999999982,,,,,16.236807,0.98264986,-0.4113818,-0.70927596,25.369099,3.061957,1.9101052,0.49424854,0.39703473,-0.095348865,-0.7674572,2.8029141,-11.829274,0.45697373,0.98264986,-0.4113818,-0.70927596,1,-0.005243434309959411,-0.07702357610066732,0.4973782828450203,0.4614882119496663,-0.5166683092581839,-0.8553502204536102,-0.03781347085696195,0.8155657146280535,46.728473363758376,1
10.51999999999982,,,,,16.236807,0.98264986,-0.4113818,-0.70927596,25.396555,2.9434657,1.9147251,0.4893699,0.39821455,-0.09872619,-0.7695425,2.6883037,-11.86873,0.46690544,0.98264986,-0.4113818,-0.70927596,1,-0.005243434309959411,-0.07702357610066732,0.4973782828450203,0.4614882119496663,-0.5166683092581839,-0.8553502204536102,-0.03781347085696195,0.8155657146280535,46.728473363758376,1
10.52999999999982,,,,,16.300245,1.0420356,-0.35885257,-0.7452167,25.422861,2.8245869,1.9194416,0.48447123,0.39937803,-0.10209947,-0.7715963,2.572751,-11.906832,0.47631815,0.98264986,-0.4113818,-0.70927596,1,-0.005243434309959411,-0.07702357610066732,0.4973782828450203,0.4614882119496663,-0.5166683092581839,-0.8553502204536102,-0.03781347085696195,0.8155657146280535,46.728473363758376,1
10.53999999999982,,,,,16.300245,1.0420356,-0.35885257,-0.7452167,25.448004,2.7053332,1.9242516,0.47932148,0.40088934,-0.10549849,-0.773569,2.4557884,-11.943718,0.4855897,1.0420356,-0.35885257,-0.7452167,1,0.0009558580815792084,-0.10634880701700847,0.5004779290407896,0.4468255964914958,-0.6024294650650203,-0.7974613977118448,-0.03367578924011662,0.8497570529586502,48.68749274600544,1
10.54999999999982,,,,,16.300245,1.0420356,-0.35885257,-0.7452167,25.471973,2.5857174,1.9291512,0.47415054,0.4023829,-0.10889285,-0.77550757,2.3378356,-11.979243,0.49423546,1.0420356,-0.35885257,-0.7452167,1,0.0009558580815792084,-0.10634880701700847,0.5004779290407896,0.4468255964914958,-0.6024294650650203,-0.7974613977118448,-0.03367578924011662,0.8497570529586502,48.68749274600544,1
10.55999999999982,,,,,16.300245,1.0420356,-0.35885257,-0.7452167,25.494759,2.4657533,1.9341341,0.46895862,0.4038587,-0.11228239,-0.7774118,2.2189124,-12.013394,0.5022514,1.0420356,-0.35885257,-0.7452167,1,0.0009558580815792084,-0.10634880701700847,0.5004779290407896,0.4468255964914958,-0.6024294650650203,-0.7974613977118448,-0.03367578924011662,0.8497570529586502,48.68749274600544,1
10.569999999999819,,,,,16.242102,0.99390924,-0.4865007,-0.7576742,25.51635,2.3454545,1.939194,0.46374592,0.4053166,-0.11566696,-0.7792816,2.099039,-12.046159,0.50963354,1.0420356,-0.35885257,-0.7452167,1,0.0009558580815792084,-0.10634880701700847,0.5004779290407896,0.4468255964914958,-0.6024294650650203,-0.7974613977118448,-0.03367578924011662,0.8497570529586502,48.68749274600544,1
10.579999999999819,,,,,16.242102,0.99390924,-0.4865007,-0.7576742,25.53674,2.2248356,1.9443227,0.45848772,0.40615466,-0.11912959,-0.78143203,1.9787043,-12.077365,0.51606137,0.99390924,-0.4865007,-0.7576742,1,0.0009558580815792084,-0.10634880701700847,0.5004779290407896,0.4468255964914958,-0.6024294650650203,-0.7974613977118448,-0.03367578924011662,0.8497570529586502,48.68749274600544,1
10.589999999999819,,,,,16.242102,0.99390924,-0.4865007,-0.7576742,25.555922,2.1039124,1.9495134,0.45320895,0.4069745,-0.12258686,-0.78354734,1.8575637,-12.10704,0.52200305,0.99390924,-0.4865007,-0.7576742,1,0.0009558580815792084,-0.10634880701700847,0.5004779290407896,0.4468255964914958,-0.6024294650650203,-0.7974613977118448,-0.03367578924011662,0.8497570529586502,48.68749274600544,1
10.599999999999818,,,,,16.242102,0.99390924,-0.4865007,-0.7576742,25.573889,1.9827,1.9547611,0.44790977,0.407776,-0.12603863,-0.7856274,1.7356387,-12.135175,0.5274556,0.99390924,-0.4865007,-0.7576742,1,0.0009558580815792084,-0.10634880701700847,0.5004779290407896,0.4468255964914958,-0.6024294650650203,-0.7974613977118448,-0.03367578924011662,0.8497570529586502,48.68749274600544,1
10.609999999999818,,,,,16.183874,0.9814725,-0.51471305,-0.798146,25.590633,1.8612142,1.960061,0.44259042,0.40855917,-0.12948473,-0.7876722,1.6129512,-12.1617565,0.5324162,0.99390924,-0.4865007,-0.7576742,1,-0.08136117935180665,-0.10509997049967448,0.4593194103240967,0.4474500147501628,-0.6177881358749788,-0.7862767940650223,-0.010325806842512414,0.7978239538375997,45.711945349334684,1
10.619999999999818,,,,,16.183874,0.9814725,-0.51471305,-0.798146,25.606148,1.7394708,1.9654061,0.43709856,0.40921125,-0.13285565,-0.7898361,1.4899746,-12.186678,0.53652775,0.9814725,-0.51471305,-0.798146,1,-0.08136117935180665,-0.10509997049967448,0.4593194103240967,0.4474500147501628,-0.6177881358749788,-0.7862767940650223,-0.010325806842512414,0.7978239538375997,45.711945349334684,1
10.629999999999818,,,,,16.183874,0.9814725,-0.51471305,-0.798146,25.62043,1.6174861,1.97079,0.43158633,0.40984422,-0.13622038,-0.7919632,1.3663069,-12.210011,0.54017967,0.9814725,-0.51471305,-0.798146,1,-0.08136117935180665,-0.10509997049967448,0.4593194103240967,0.4474500147501628,-0.6177881358749788,-0.7862767940650223,-0.010325806842512414,0.7978239538375997,45.711945349334684,1
10.639999999999818,,,,,16.183874,0.9814725,-0.51471305,-0.798146,25.633472,1.4952761,1.9762081,0.42605394,0.41045803,-0.13957877,-0.7940534,1.2419707,-12.231745,0.54337,0.9814725,-0.51471305,-0.798146,1,-0.08136117935180665,-0.10509997049967448,0.4593194103240967,0.4474500147501628,-0.6177881358749788,-0.7862767940650223,-0.010325806842512414,0.7978239538375997,45.711945349334684,1
10.649999999999817,,,,,15.881338,0.98295224,-0.55764043,-0.7931931,25.64527,1.3728567,1.9816558,0.42050174,0.41105273,-0.14293066,-0.7961065,1.1169888,-12.25187,0.54609686,0.9814725,-0.51471305,-0.798146,1,-0.08136117935180665,-0.10509997049967448,0.4593194103240967,0.4474500147501628,-0.6177881358749788,-0.7862767940650223,-0.010325806842512414,0.7978239538375997,45.711945349334684,1
10.659999999999817,,,,,15.881338,0.98295224,-0.55764043,-0.7931931,25.655825,1.2502459,1.9871192,0.41491568,0.4114568,-0.14638211,-0.7981989,0.99373955,-12.270013,0.5464954,0.98295224,-0.55764043,-0.7931931,1,-0.08136117935180665,-0.10509997049967448,0.4593194103240967,0.4474500147501628,-0.6177881358749788,-0.7862767940650223,-0.010325806842512414,0.7978239538375997,45.711945349334684,1
10.669999999999817,,,,,15.881338,0.98295224,-0.55764043,-0.7931931,25.665144,1.127462,1.9925843,0.40930983,0.41184118,-0.14982659,-0.8002531,0.86992234,-12.286507,0.54647046,0.98295224,-0.55764043,-0.7931931,1,-0.09228098869323731,-0.11810417175292968,0.45385950565338135,0.4409479141235352,-0.6770737094187056,-0.7358640810025907,-0.008674462761841695,0.8144986491778616,46.66733501699815,1
10.679999999999817,,,,,15.881338,0.98295224,-0.55764043,-0.7931931,25.673222,1.0045215,1.9980471,0.4036845,0.41220596,-0.15326393,-0.80226916,0.7455607,-12.301344,0.5460203,0.98295224,-0.55764043,-0.7931931,1,-0.09228098869323731,-0.11810417175292968,0.45385950565338135,0.4409479141235352,-0.6770737094187056,-0.7358640810025907,-0.008674462761841695,0.8144986491778616,46.66733501699815,1
10.689999999999817,,,,,15.535259,0.9729969,-0.42680687,-0.81442297,25.680054,0.8814408,2.0035033,0.39803994,0.4125511,-0.15669397,-0.8042471,0.6206783,-12.314517,0.5451432,0.98295224,-0.55764043,-0.7931931,1,-0.09228098869323731,-0.11810417175292968,0.45385950565338135,0.4409479141235352,-0.6770737094187056,-0.7358640810025907,-0.008674462761841695,0.8144986491778616,46.66733501699815,1
10.699999999999816,,,,,15.535259,0.9729969,-0.42680687,-0.81442297,25.685646,0.7582379,2.0089378,0.39241463,0.41340008,-0.15977256,-0.805968,0.49800748,-12.325831,0.54169035,0.9729969,-0.42680687,-0.81442297,1,-0.09228098869323731,-0.11810417175292968,0.45385950565338135,0.4409479141235352,-0.6770737094187056,-0.7358640810025907,-0.008674462761841695,0.8144986491778616,46.66733501699815,1
10.709999999999816,,,,,15.535259,0.9729969,-0.42680687,-0.81442297,25.69001,0.63492924,2.0143354,0.38677174,0.41423056,-0.16284399,-0.80765283,0.3748098,-12.335671,0.5377166,0.9729969,-0.42680687,-0.81442297,1,-0.09228098869323731,-0.11810417175292968,0.45385950565338135,0.4409479141235352,-0.6770737094187056,-0.7358640810025907,-0.008674462761841695,0.8144986491778616,46.66733501699815,1
10.719999999999816,,,,,15.535259,0.9729969,-0.42680687,-0.81442297,25.69314,0.5115296,2.0196905,0.38111156,0.41504243,-0.16590811,-0.8093015,0.25110623,-12.344029,0.5332212,0.9729969,-0.42680687,-0.81442297,1,-0.09228098869323731,-0.11810417175292968,0.45385950565338135,0.4409479141235352,-0.6770737094187056,-0.7358640810025907,-0.008674462761841695,0.8144986491778616,46.66733501699815,1
10.729999999999816,,,,,15.265296,0.8867997,-0.41067758,-0.77713406,25.69503,0.38805383,2.024998,0.37543428,0.4158357,-0.16896482,-0.8109139,0.12691782,-12.350899,0.5282033,0.9729969,-0.42680687,-0.81442297,1,-0.09228098869323731,-0.11810417175292968,0.45385950565338135,0.4409479141235352,-0.6770737094187056,-0.7358640810025907,-0.008674462761841695,0.8144986491778616,46.66733501699815,1
10.739999999999815,,,,,15.265296,0.8867997,-0.41067758,-0.77713406,25.695686,0.2645172,2.0302444,0.3700853,0.41648373,-0.17171222,-0.8124616,0.0044511165,-12.356218,0.5210778,0.8867997,-0.41067758,-0.77713406,1,-0.13865578651428223,-0.06536392211914062,0.4306721067428589,0.46731803894042967,-0.691765829443293,-0.7206930215194399,-0.04540491105390518,0.7652812081167291,43.84738336576138,1
10.749999999999815,,,,,15.265296,0.8867997,-0.41067758,-0.77713406,25.695118,0.14093418,2.0354178,0.36472186,0.4171155,-0.17445293,-0.8139776,-0.1184006,-12.360169,0.51350194,0.8867997,-0.41067758,-0.77713406,1,-0.13865578651428223,-0.06536392211914062,0.4306721067428589,0.46731803894042967,-0.691765829443293,-0.7206930215194399,-0.04540491105390518,0.7652812081167291,43.84738336576138,1
10.759999999999815,,,,,15.265296,0.8867997,-0.41067758,-0.77713406,25.69332,0.017318528,2.0405128,0.35934424,0.417731,-0.17718683,-0.81546193,-0.24161935,-12.362746,0.50547564,0.8867997,-0.41067758,-0.77713406,1,-0.13865578651428223,-0.06536392211914062,0.4306721067428589,0.46731803894042967,-0.691765829443293,-0.7206930215194399,-0.04540491105390518,0.7652812081167291,43.84738336576138,1
10.769999999999815,,,,,15.205923,0.7724649,-0.36886653,-0.76120806,25.690287,-0.10631601,2.0455253,0.3539526,0.41833022,-0.17991383,-0.81691444,-0.3651871,-12.363944,0.49699897,0.8867997,-0.41067758,-0.77713406,1,-0.13865578651428223,-0.06536392211914062,0.4306721067428589,0.46731803894042967,-0.691765829443293,-0.7206930215194399,-0.04540491105390518,0.7652812081167291,43.84738336576138,1
10.779999999999815,,,,,15.205923,0.7724649,-0.36886653,-0.76120806,25.686018,-0.22995578,2.0504491,0.34889004,0.4188685,-0.18212669,-0.81832486,-0.48858592,-12.363822,0.48775056,0.7724649,-0.36886653,-0.76120806,1,-0.13865578651428223,-0.06536392211914062,0.4306721067428589,0.46731803894042967,-0.691765829443293,-0.7206930215194399,-0.04540491105390518,0.7652812081167291,43.84738336576138,1
10.789999999999814,,,,,15.205923,0.7724649,-0.36886653,-0.76120806,25.680513,-0.35358828,2.0552788,0.34381604,0.4193931,-0.18433356,-0.8197084,-0.6122505,-12.362483,0.47812185,0.7724649,-0.36886653,-0.76120806,1,-0.13865578651428223,-0.06536392211914062,0.4306721067428589,0.46731803894042967,-0.691765829443293,-0.7206930215194399,-0.04540491105390518,0.7652812081167291,43.84738336576138,1
10.799999999999814,,,,,15.205923,0.7724649,-0.36886653,-0.76120806,25.67377,-0.47720125,2.0600104,0.33873078,0.4199039,-0.18653439,-0.82106507,-0.7361664,-12.359923,0.46811384,0.7724649,-0.36886653,-0.76120806,1,-0.13865578651428223,-0.06536392211914062,0.4306721067428589,0.46731803894042967,-0.691765829443293,-0.7206930215194399,-0.04540491105390518,0.7652812081167291,43.84738336576138,1
10.809999999999814,,,,,15.136882,0.64817494,-0.44160712,-0.728876,25.665789,-0.6007825,2.0646398,0.3336344,0.42040095,-0.18872909,-0.8223948,-0.8603191,-12.356143,0.45772764,0.7724649,-0.36886653,-0.76120806,1,-0.14623318672180174,-0.11530899047851563,0.4268834066390991,0.4423455047607422,-0.7628418280136057,-0.6460930099722808,-0.02522236899696287,0.7985579073804208,45.753997789697,1
10.819999999999814,,,,,15.136882,0.64817494,-0.44160712,-0.728876,25.656567,-0.72432,2.0691617,0.32885334,0.4203481,-0.19059624,-0.8239155,-0.9840845,-12.35118,0.4466329,0.64817494,-0.44160712,-0.728876,1,-0.14623318672180174,-0.11530899047851563,0.4268834066390991,0.4423455047607422,-0.7628418280136057,-0.6460930099722808,-0.02522236899696287,0.7985579073804208,45.753997789697,1
10.829999999999814,,,,,15.136882,0.64817494,-0.44160712,-0.728876,25.646107,-0.84780204,2.0735717,0.32406285,0.42028323,-0.1924579,-0.8254126,-1.1079382,-12.34505,0.4353378,0.64817494,-0.44160712,-0.728876,1,-0.14623318672180174,-0.11530899047851563,0.4268834066390991,0.4423455047607422,-0.7628418280136057,-0.6460930099722808,-0.02522236899696287,0.7985579073804208,45.753997789697,1
10.839999999999813,,,,,15.136882,0.64817494,-0.44160712,-0.728876,25.634409,-0.9712169,2.0778677,0.3192631,0.4202063,-0.19431406,-0.826886,-1.2318678,-12.337752,0.42384395,0.64817494,-0.44160712,-0.728876,1,-0.14623318672180174,-0.11530899047851563,0.4268834066390991,0.4423455047607422,-0.7628418280136057,-0.6460930099722808,-0.02522236899696287,0.7985579073804208,45.753997789697,1
10.849999999999813,,,,,15.214779,0.4544495,-0.4270614,-0.7210336,25.62147,-1.094553,2.082048,0.31445414,0.42011735,-0.19616467,-0.8283357,-1.3558607,-12.329285,0.41215292,0.64817494,-0.44160712,-0.728876,1,-0.14623318672180174,-0.11530899047851563,0.4268834066390991,0.4423455047607422,-0.7628418280136057,-0.6460930099722808,-0.02522236899696287,0.7985579073804208,45.753997789697,1
10.859999999999813,,,,,15.214779,0.4544495,-0.4270614,-0.7210336,25.607288,-1.2177987,2.0861125,0.31009078,0.41976556,-0.19720148,-0.8299113,-1.4805074,-12.319683,0.4007705,0.4544495,-0.4270614,-0.7210336,1,-0.14623318672180174,-0.11530899047851563,0.4268834066390991,0.4423455047607422,-0.7628418280136057,-0.6460930099722808,-0.02522236899696287,0.7985579073804208,45.753997789697,1
10.869999999999813,,,,,15.214779,0.4544495,-0.4270614,-0.7210336,25.59186,-1.3409436,2.0900633,0.30572042,0.41940424,-0.1982338,-0.83146805,-1.6051008,-12.309135,0.3893547,0.4544495,-0.4270614,-0.7210336,1,-0.18865217208862306,-0.08223662694295247,0.40567391395568847,0.4588816865285238,-0.7675090834882429,-0.6398752971472312,-0.03859288618100942,0.7461719649805305,42.75250438436786,1
10.879999999999812,,,,,15.214779,0.4544495,-0.4270614,-0.7210336,25.575186,-1.4639782,2.0939,0.3013431,0.41903338,-0.19926165,-0.83300585,-1.729632,-12.297642,0.37790778,0.4544495,-0.4270614,-0.7210336,1,-0.18865217208862306,-0.08223662694295247,0.40567391395568847,0.4588816865285238,-0.7675090834882429,-0.6398752971472312,-0.03859288618100942,0.7461719649805305,42.75250438436786,1
10.889999999999812,,,,,15.246985,0.25649536,-0.5036527,-0.654896,25.557268,-1.5868932,2.0976217,0.29695895,0.41865298,-0.20028497,-0.8345248,-1.8540925,-12.285202,0.36643204,0.4544495,-0.4270614,-0.7210336,1,-0.18865217208862306,-0.08223662694295247,0.40567391395568847,0.4588816865285238,-0.7675090834882429,-0.6398752971472312,-0.03859288618100942,0.7461719649805305,42.75250438436786,1
10.899999999999812,,,,,15.246985,0.25649536,-0.5036527,-0.654896,25.538105,-1.709679,2.1012294,0.29318228,0.4175842,-0.20073031,-0.83628684,-1.9786791,-12.271845,0.3552043,0.25649536,-0.5036527,-0.654896,1,-0.18865217208862306,-0.08223662694295247,0.40567391395568847,0.4588816865285238,-0.7675090834882429,-0.6398752971472312,-0.03859288618100942,0.7461719649805305,42.75250438436786,1
10.909999999999812,,,,,15.246985,0.25649536,-0.5036527,-0.654896,25.517696,-1.8323274,2.104726,0.28940013,0.4165076,-0.20117189,-0.8380332,-2.1030245,-12.257689,0.34419525,0.25649536,-0.5036527,-0.654896,1,-0.18865217208862306,-0.08223662694295247,0.40567391395568847,0.4588816865285238,-0.7675090834882429,-0.6398752971472312,-0.03859288618100942,0.7461719649805305,42.75250438436786,1
10.919999999999812,,,,,15.246985,0.25649536,-0.5036527,-0.654896,25.496044,-1.9548302,2.1081138,0.28561255,0.4154232,-0.2016097,-0.8397639,-2.227122,-12.24274,0.3334065,0.25649536,-0.5036527,-0.654896,1,-0.18865217208862306,-0.08223662694295247,0.40567391395568847,0.4588816865285238,-0.7675090834882429,-0.6398752971472312,-0.03859288618100942,0.7461719649805305,42.75250438436786,1
10.929999999999811,,,,,15.325541,0.10041963,-0.53071195,-0.612936,25.473154,-2.0771792,2.111395,0.2818196,0.41433105,-0.20204374,-0.8414788,-2.350965,-12.226996,0.32283968,0.25649536,-0.5036527,-0.654896,1,-0.18865217208862306,-0.08223662694295247,0.40567391395568847,0.4588816865285238,-0.7675090834882429,-0.6398752971472312,-0.03859288618100942,0.7461719649805305,42.75250438436786,1
10.939999999999811,,,,,15.325541,0.10041963,-0.53071195,-0.612936,25.449022,-2.199367,2.1145737,0.27849424,0.4128554,-0.2019426,-0.8433335,-2.4751484,-12.210436,0.31300893,0.10041963,-0.53071195,-0.612936,1,-0.2578192329406738,-0.06515982945760092,0.37109038352966306,0.46742008527119955,-0.7653843856876027,-0.6433340725245069,-0.017550306967213547,0.6718238972881405,38.492673890640965,1
10.949999999999811,,,,,15.325541,0.10041963,-0.53071195,-0.612936,25.42365,-2.3213859,2.1176565,0.27516422,0.41137284,-0.20183808,-0.8451741,-2.598969,-12.193239,0.3035652,0.10041963,-0.53071195,-0.612936,1,-0.2578192329406738,-0.06515982945760092,0.37109038352966306,0.46742008527119955,-0.7653843856876027,-0.6433340725245069,-0.017550306967213547,0.6718238972881405,38.492673890640965,1
10.95999999999981,,,,,15.325541,0.10041963,-0.53071195,-0.612936,25.397043,-2.4432294,2.1206465,0.2718296,0.4098834,-0.20173019,-0.84700054,-2.7224214,-12.175411,0.29450923,0.10041963,-0.53071195,-0.612936,1,-0.2578192329406738,-0.06515982945760092,0.37109038352966306,0.46742008527119955,-0.7653843856876027,-0.6433340725245069,-0.017550306967213547,0.6718238972881405,38.492673890640965,1
10.96999999999981,,,,,15.323177,-0.00993461,-0.56490767,-0.5536599,25.369202,-2.5648918,2.123548,0.26849043,0.40838715,-0.20161894,-0.8488129,-2.8455,-12.156954,0.2858418,0.10041963,-0.53071195,-0.612936,1,-0.2578192329406738,-0.06515982945760092,0.37109038352966306,0.46742008527119955,-0.7653843856876027,-0.6433340725245069,-0.017550306967213547,0.6718238972881405,38.492673890640965,1
10.97999999999981,,,,,15.323177,-0.00993461,-0.56490767,-0.5536599,25.340134,-2.6863666,2.1263647,0.2655894,0.40653127,-0.20120302,-0.8507131,-2.9681518,-12.137913,0.27759683,-0.00993461,-0.56490767,-0.5536599,1,-0.2578192329406738,-0.06515982945760092,0.37109038352966306,0.46742008527119955,-0.7653843856876027,-0.6433340725245069,-0.017550306967213547,0.6718238972881405,38.492673890640965,1
10.98999999999981,,,,,15.323177,-0.00993461,-0.56490767,-0.5536599,25.30984,-2.8076484,2.1291018,0.26268417,0.40466902,-0.20078397,-0.8525999,-3.0903425,-12.118351,0.26986662,-0.00993461,-0.56490767,-0.5536599,1,-0.2578192329406738,-0.06515982945760092,0.37109038352966306,0.46742008527119955,-0.7653843856876027,-0.6433340725245069,-0.017550306967213547,0.6718238972881405,38.492673890640965,1
10.99999999999981,,,,,15.323177,-0.00993461,-0.56490767,-0.5536599,25.278328,-2.928732,2.131764,0.25977486,0.40280044,-0.20036176,-0.8544734,-3.212067,-12.098271,0.26265088,-0.00993461,-0.56490767,-0.5536599,1,-0.2578192329406738,-0.06515982945760092,0.37109038352966306,0.46742008527119955,-0.7653843856876027,-0.6433340725245069,-0.017550306967213547,0.6718238972881405,38.492673890640965,1
11.00999999999981,,,,,15.420231,0.10923227,-0.4973561,-0.5658709,25.2456,-3.049612,2.1343565,0.25686148,0.40092558,-0.19993642,-0.85633355,-3.3333197,-12.07768,0.2559493,-0.00993461,-0.56490767,-0.5536599,1,-0.2961163330078125,-0.042320416768391926,0.35194183349609376,0.47883979161580403,-0.7689265032472866,-0.6392690622999708,-0.009332662536312042,0.6079263181322063,34.831612283902835,1
11.01999999999981,,,,,15.420231,0.10923227,-0.4973561,-0.5658709,25.211657,-3.170283,2.1368873,0.25372058,0.39949912,-0.19990706,-0.8579418,-3.4549012,-12.056415,0.25028327,0.10923227,-0.4973561,-0.5658709,1,-0.2961163330078125,-0.042320416768391926,0.35194183349609376,0.47883979161580403,-0.7689265032472866,-0.6392690622999708,-0.009332662536312042,0.6079263181322063,34.831612283902835,1
11.02999999999981,,,,,15.420231,0.10923227,-0.4973561,-0.5658709,25.176502,-3.290738,2.1393633,0.25057602,0.3980669,-0.19987482,-0.85953766,-3.5761065,-12.03456,0.24497317,0.10923227,-0.4973561,-0.5658709,1,-0.2961163330078125,-0.042320416768391926,0.35194183349609376,0.47883979161580403,-0.7689265032472866,-0.6392690622999708,-0.009332662536312042,0.6079263181322063,34.831612283902835,1
11.039999999999809,,,,,15.420231,0.10923227,-0.4973561,-0.5658709,25.140137,-3.4109719,2.141788,0.24742782,0.3966289,-0.19983967,-0.8611211,-3.6969306,-12.012119,0.24001953,0.10923227,-0.4973561,-0.5658709,1,-0.2961163330078125,-0.042320416768391926,0.35194183349609376,0.47883979161580403,-0.7689265032472866,-0.6392690622999708,-0.009332662536312042,0.6079263181322063,34.831612283902835,1
11.049999999999809,,,,,15.193118,0.2684284,-0.5081154,-0.55810034,25.102566,-3.5309782,2.1441648,0.24427602,0.39518514,-0.19980164,-0.8626922,-3.817369,-11.989094,0.23542283,0.10923227,-0.4973561,-0.5658709,1,-0.2961163330078125,-0.042320416768391926,0.35194183349609376,0.47883979161580403,-0.7689265032472866,-0.6392690622999708,-0.009332662536312042,0.6079263181322063,34.831612283902835,1
11.059999999999809,,,,,15.193118,0.2684284,-0.5081154,-0.55810034,25.0638,-3.6507533,2.1464903,0.24082871,0.39387563,-0.20047574,-0.8641028,-3.9356682,-11.965761,0.22975597,0.2684284,-0.5081154,-0.55810034,1,-0.2961163330078125,-0.042320416768391926,0.35194183349609376,0.47883979161580403,-0.7689265032472866,-0.6392690622999708,-0.009332662536312042,0.6079263181322063,34.831612283902835,1
11.069999999999808,,,,,15.193118,0.2684284,-0.5081154,-0.55810034,25.023853,-3.7702909,2.1487606,0.23737754,0.3925598,-0.20114662,-0.86549944,-4.0536304,-11.941657,0.22432132,0.2684284,-0.5081154,-0.55810034,1,-0.2124858283996582,-0.09091148376464844,0.3937570858001709,0.4545442581176758,-0.8476188247641225,-0.5304742942038847,-0.011804706450329744,0.6843447251909525,39.21006448548172,1
11.079999999999808,,,,,15.193118,0.2684284,-0.5081154,-0.55810034,24.982729,-3.8895836,2.1509774,0.23392256,0.39123768,-0.20181426,-0.86688226,-4.1712494,-11.916784,0.21911946,0.2684284,-0.5081154,-0.55810034,1,-0.2124858283996582,-0.09091148376464844,0.3937570858001709,0.4545442581176758,-0.8476188247641225,-0.5304742942038847,-0.011804706450329744,0.6843447251909525,39.21006448548172,1
11.089999999999808,,,,,15.172792,0.76373917,-0.5360521,-0.6757345,24.94043,-4.0086236,2.1531436,0.23046383,0.38990927,-0.20247866,-0.8682512,-4.288519,-11.891146,0.21415095,0.2684284,-0.5081154,-0.55810034,1,-0.2124858283996582,-0.09091148376464844,0.3937570858001709,0.4545442581176758,-0.8476188247641225,-0.5304742942038847,-0.011804706450329744,0.6843447251909525,39.21006448548172,1
11.099999999999808,,,,,15.172792,0.76373917,-0.5360521,-0.6757345,24.896961,-4.127403,2.1552603,0.22549486,0.38913983,-0.20509121,-0.8692873,-4.405335,-11.864543,0.20915084,0.76373917,-0.5360521,-0.6757345,1,-0.2124858283996582,-0.09091148376464844,0.3937570858001709,0.4545442581176758,-0.8476188247641225,-0.5304742942038847,-0.011804706450329744,0.6843447251909525,39.21006448548172,1
11.109999999999808,,,,,15.172792,0.76373917,-0.5360521,-0.6757345,24.852324,-4.2459087,2.1573262,0.2205184,0.38835752,-0.20769694,-0.8702946,-4.521938,-11.836549,0.20400926,0.76373917,-0.5360521,-0.6757345,1,-0.2124858283996582,-0.09091148376464844,0.3937570858001709,0.4545442581176758,-0.8476188247641225,-0.5304742942038847,-0.011804706450329744,0.6843447251909525,39.21006448548172,1
11.119999999999807,,,,,15.172792,0.76373917,-0.5360521,-0.6757345,24.806524,-4.3641286,2.1593401,0.21553463,0.38756233,-0.2102958,-0.8712729,-4.638312,-11.807162,0.19872566,0.76373917,-0.5360521,-0.6757345,1,-0.2124858283996582,-0.09091148376464844,0.3937570858001709,0.4545442581176758,-0.8476188247641225,-0.5304742942038847,-0.011804706450329744,0.6843447251909525,39.21006448548172,1
11.129999999999807,,,,,15.00644,1.0853479,-0.68551606,-0.7301786,24.759558,-4.4820476,2.1613004,0.2105437,0.38675427,-0.21288766,-0.8722224,-4.754441,-11.776391,0.19329944,0.76373917,-0.5360521,-0.6757345,1,-0.2124858283996582,-0.09091148376464844,0.3937570858001709,0.4545442581176758,-0.8476188247641225,-0.5304742942038847,-0.011804706450329744,0.6843447251909525,39.21006448548172,1
11.139999999999807,,,,,15.00644,1.0853479,-0.68551606,-0.7301786,24.71144,-4.599653,2.1632004,0.20452513,0.3856739,-0.21692482,-0.8731377,-4.869022,-11.744394,0.18666768,1.0853479,-0.68551606,-0.7301786,1,-0.22329923629760742,-0.15741324106852214,0.3883503818511963,0.4212933794657389,-0.8969914203249029,-0.43976007306027465,0.044916255470994204,0.7219560846056154,41.36503664169155,1
11.149999999999807,,,,,15.00644,1.0853479,-0.68551606,-0.7301786,24.662176,-4.7169294,2.1650326,0.1984954,0.38457254,-0.22095014,-0.8740053,-4.983279,-11.710518,0.17976405,1.0853479,-0.68551606,-0.7301786,1,-0.22329923629760742,-0.15741324106852214,0.3883503818511963,0.4212933794657389,-0.8969914203249029,-0.43976007306027465,0.044916255470994204,0.7219560846056154,41.36503664169155,1
11.159999999999807,,,,,15.00644,1.0853479,-0.68551606,-0.7301786,24.611774,-4.8338575,2.1667945,0.19245484,0.38345018,-0.22496341,-0.87482524,-5.097185,-11.674768,0.17258452,1.0853479,-0.68551606,-0.7301786,1,-0.22329923629760742,-0.15741324106852214,0.3883503818511963,0.4212933794657389,-0.8969914203249029,-0.43976007306027465,0.044916255470994204,0.7219560846056154,41.36503664169155,1
11.169999999999806,,,,,15.320857,1.2717531,-0.81656384,-0.7850454,24.560234,-4.9504185,2.1684833,0.18640378,0.38230693,-0.22896442,-0.8755975,-5.2107115,-11.637152,0.16512512,1.0853479,-0.68551606,-0.7301786,1,-0.22329923629760742,-0.15741324106852214,0.3883503818511963,0.4212933794657389,-0.8969914203249029,-0.43976007306027465,0.044916255470994204,0.7219560846056154,41.36503664169155,1
11.179999999999806,,,,,15.320857,1.2717531,-0.81656384,-0.7850454,24.50755,-5.0665894,2.1701055,0.17959438,0.38080227,-0.2337842,-0.8764024,-5.326168,-11.596721,0.15926054,1.2717531,-0.81656384,-0.7850454,1,-0.22329923629760742,-0.15741324106852214,0.3883503818511963,0.4212933794657389,-0.8969914203249029,-0.43976007306027465,0.044916255470994204,0.7219560846056154,41.36503664169155,1
11.189999999999806,,,,,15.320857,1.2717531,-0.81656384,-0.7850454,24.453712,-5.1823454,2.1716673,0.17277193,0.37926996,-0.23858702,-0.8771437,-5.441089,-11.554062,0.15306187,1.2717531,-0.81656384,-0.7850454,1,-0.22329923629760742,-0.15741324106852214,0.3883503818511963,0.4212933794657389,-0.8969914203249029,-0.43976007306027465,0.044916255470994204,0.7219560846056154,41.36503664169155,1
11.199999999999806,,,,,15.320857,1.2717531,-0.81656384,-0.7850454,24.398727,-5.2976637,2.1731658,0.16593696,0.37771013,-0.24337254,-0.87782145,-5.5554366,-11.509185,0.1465224,1.2717531,-0.81656384,-0.7850454,1,-0.22329923629760742,-0.15741324106852214,0.3883503818511963,0.4212933794657389,-0.8969914203249029,-0.43976007306027465,0.044916255470994204,0.7219560846056154,41.36503664169155,1
11.209999999999805,,,,,15.593676,1.3992089,-1.100991,-0.79181945,24.342604,-5.412522,2.174597,0.15908997,0.37612292,-0.24814041,-0.8784355,-5.669173,-11.462102,0.13963555,1.2717531,-0.81656384,-0.7850454,1,-0.19650396347045898,-0.012287135124206544,0.4017480182647705,0.49385643243789673,-0.9150016581715789,-0.3941331759308674,-0.0862032782085996,0.7047494522314399,40.379169227018124,1
11.219999999999805,,,,,15.593676,1.3992089,-1.100991,-0.79181945,24.285336,-5.526893,2.1759658,0.15160735,0.37336478,-0.2536608,-0.8793582,-5.784169,-11.411809,0.13406754,1.3992089,-1.100991,-0.79181945,1,-0.19650396347045898,-0.012287135124206544,0.4017480182647705,0.49385643243789673,-0.9150016581715789,-0.3941331759308674,-0.0862032782085996,0.7047494522314399,40.379169227018124,1
11.229999999999805,,,,,15.593676,1.3992089,-1.100991,-0.79181945,24.226923,-5.640749,2.1772776,0.14411034,0.37057123,-0.25915712,-0.8801974,-5.898181,-11.358929,0.12827592,1.3992089,-1.100991,-0.79181945,1,-0.19650396347045898,-0.012287135124206544,0.4017480182647705,0.49385643243789673,-0.9150016581715789,-0.3941331759308674,-0.0862032782085996,0.7047494522314399,40.379169227018124,1
11.239999999999805,,,,,15.593676,1.3992089,-1.100991,-0.79181945,24.167374,-5.754063,2.1785305,0.13659965,0.36774245,-0.26462883,-0.8809531,-6.011159,-11.303483,0.12224904,1.3992089,-1.100991,-0.79181945,1,-0.19650396347045898,-0.012287135124206544,0.4017480182647705,0.49385643243789673,-0.9150016581715789,-0.3941331759308674,-0.0862032782085996,0.7047494522314399,40.379169227018124,1
11.249999999999805,,,,,15.988447,1.5289253,-1.1422073,-0.81914926,24.106703,-5.8668094,2.1797216,0.12907599,0.36487877,-0.2700754,-0.8816251,-6.123055,-11.245493,0.11597537,1.3992089,-1.100991,-0.79181945,1,-0.19650396347045898,-0.012287135124206544,0.4017480182647705,0.49385643243789673,-0.9150016581715789,-0.3941331759308674,-0.0862032782085996,0.7047494522314399,40.379169227018124,1
11.259999999999804,,,,,15.988447,1.5289253,-1.1422073,-0.81914926,24.044903,-5.9789557,2.1808605,0.12112649,0.36191705,-0.27604312,-0.88212544,-6.23661,-11.183375,0.11173116,1.5289253,-1.1422073,-0.81914926,1,-0.19650396347045898,-0.012287135124206544,0.4017480182647705,0.49385643243789673,-0.9150016581715789,-0.3941331759308674,-0.0862032782085996,0.7047494522314399,40.379169227018124,1
11.269999999999804,,,,,15.988447,1.5289253,-1.1422073,-0.81914926,23.981974,-6.090467,2.1819553,0.11316393,0.3589163,-0.28198108,-0.8825306,-6.3489113,-11.118498,0.10712782,1.5289253,-1.1422073,-0.81914926,1,-0.30940311431884765,0.01828377882639567,0.3452984428405762,0.5091418894131978,-0.9224322972583178,-0.3845368252913398,-0.035356568973819724,0.6569896815989358,37.642735939262785,1
11.279999999999804,,,,,15.988447,1.5289253,-1.1422073,-0.81914926,23.917929,-6.201316,2.183002,0.10518917,0.3558769,-0.28788865,-0.8828407,-6.4599047,-11.05089,0.10215137,1.5289253,-1.1422073,-0.81914926,1,-0.30940311431884765,0.01828377882639567,0.3452984428405762,0.5091418894131978,-0.9224322972583178,-0.3845368252913398,-0.035356568973819724,0.6569896815989358,37.642735939262785,1
11.289999999999804,,,,,16.145649,1.6337934,-1.0250719,-0.8075119,23.852781,-6.3114758,2.1839967,0.09720306,0.35279906,-0.29376516,-0.8830555,-6.5695343,-10.980579,0.09678796,1.5289253,-1.1422073,-0.81914926,1,-0.30940311431884765,0.01828377882639567,0.3452984428405762,0.5091418894131978,-0.9224322972583178,-0.3845368252913398,-0.035356568973819724,0.6569896815989358,37.642735939262785,1
11.299999999999804,,,,,16.145649,1.6337934,-1.0250719,-0.8075119,23.786537,-6.4209146,2.1849403,0.08924484,0.350234,-0.3000364,-0.88280815,-6.6788597,-10.906854,0.09185424,1.6337934,-1.0250719,-0.8075119,1,-0.30940311431884765,0.01828377882639567,0.3452984428405762,0.5091418894131978,-0.9224322972583178,-0.3845368252913398,-0.035356568973819724,0.6569896815989358,37.642735939262785,1
11.309999999999803,,,,,16.145649,1.6337934,-1.0250719,-0.8075119,23.719208,-6.529603,2.1858313,0.08127688,0.34763065,-0.30627483,-0.8824643,-6.786831,-10.830396,0.08629485,1.6337934,-1.0250719,-0.8075119,1,-0.30940311431884765,0.01828377882639567,0.3452984428405762,0.5091418894131978,-0.9224322972583178,-0.3845368252913398,-0.035356568973819724,0.6569896815989358,37.642735939262785,1
11.319999999999803,,,,,16.145649,1.6337934,-1.0250719,-0.8075119,23.650806,-6.637513,2.1866636,0.07330003,0.3449893,-0.3124798,-0.88202405,-6.893393,-10.751235,0.08009536,1.6337934,-1.0250719,-0.8075119,1,-0.30940311431884765,0.01828377882639567,0.3452984428405762,0.5091418894131978,-0.9224322972583178,-0.3845368252913398,-0.035356568973819724,0.6569896815989358,37.642735939262785,1
11.329999999999803,,,,,16.677942,2.0519135,-1.0357087,-0.8160192,23.581345,-6.7446184,2.1874309,0.065315165,0.34231025,-0.31865063,-0.88148737,-6.998491,-10.669406,0.07324156,1.6337934,-1.0250719,-0.8075119,1,-0.30940311431884765,0.01828377882639567,0.3452984428405762,0.5091418894131978,-0.9224322972583178,-0.3845368252913398,-0.035356568973819724,0.6569896815989358,37.642735939262785,1
11.339999999999803,,,,,16.677942,2.0519135,-1.0357087,-0.8160192,23.510822,-6.850878,2.1881406,0.056551874,0.3396903,-0.326612,-0.8801918,-7.105451,-10.581949,0.06854969,2.0519135,-1.0357087,-0.8160192,1,-0.03624923229217529,0.10856981913248698,0.4818753838539124,0.5542849095662434,-0.9579799055817775,-0.10560173859239393,-0.26668853238898904,0.8696858662703537,49.82932963947018,1
11.349999999999802,,,,,16.677942,2.0519135,-1.0357087,-0.8160192,23.43924,-6.9562464,2.188798,0.047780167,0.3370198,-0.33452478,-0.8787653,-7.210684,-10.491261,0.062730975,2.0519135,-1.0357087,-0.8160192,1,-0.03624923229217529,0.10856981913248698,0.4818753838539124,0.5542849095662434,-0.9579799055817775,-0.10560173859239393,-0.26668853238898904,0.8696858662703537,49.82932963947018,1
11.359999999999802,,,,,16.677942,2.0519135,-1.0357087,-0.8160192,23.366615,-7.060693,2.1893911,0.039001353,0.33429918,-0.3423878,-0.87720805,-7.314115,-10.397391,0.055761013,2.0519135,-1.0357087,-0.8160192,1,-0.03624923229217529,0.10856981913248698,0.4818753838539124,0.5542849095662434,-0.9579799055817775,-0.10560173859239393,-0.26668853238898904,0.8696858662703537,49.82932963947018,1
11.369999999999802,,,,,17.0271,1.9916928,-1.0464671,-0.8033874,23.292965,-7.1641836,2.1899092,0.030216742,0.33152887,-0.3501999,-0.87552047,-7.4156704,-10.300392,0.047616076,2.0519135,-1.0357087,-0.8160192,1,-0.03624923229217529,0.10856981913248698,0.4818753838539124,0.5542849095662434,-0.9579799055817775,-0.10560173859239393,-0.26668853238898904,0.8696858662703537,49.82932963947018,1
11.379999999999802,,,,,17.0271,1.9916928,-1.0464671,-0.8033874,23.218298,-7.26668,2.1903489,0.021564,0.32863194,-0.35771996,-0.8738266,-7.5173635,-10.198249,0.040159624,1.9916928,-1.0464671,-0.8033874,1,-0.03624923229217529,0.10856981913248698,0.4818753838539124,0.5542849095662434,-0.9579799055817775,-0.10560173859239393,-0.26668853238898904,0.8696858662703537,49.82932963947018,1
11.389999999999802,,,,,17.0271,1.9916928,-1.0464671,-0.8033874,23.142624,-7.368139,2.1907084,0.012908179,0.32568806,-0.365189,-0.87200814,-7.6170015,-10.093093,0.031533554,1.9916928,-1.0464671,-0.8033874,1,-0.03624923229217529,0.10856981913248698,0.4818753838539124,0.5542849095662434,-0.9579799055817775,-0.10560173859239393,-0.26668853238898904,0.8696858662703537,49.82932963947018,1
11.399999999999801,,,,,17.0271,1.9916928,-1.0464671,-0.8033874,23.065964,-7.4685316,2.1909754,0.004250517,0.32269776,-0.37260592,-0.8700652,-7.714514,-9.98498,0.021716991,1.9916928,-1.0464671,-0.8033874,1,-0.03624923229217529,0.10856981913248698,0.4818753838539124,0.5542849095662434,-0.9579799055817775,-0.10560173859239393,-0.26668853238898904,0.8696858662703537,49.82932963947018,1
11.409999999999801,,,,,17.660322,1.8377244,-0.9793466,-0.9124683,22.98834,-7.567828,2.1911385,-0.004407751,0.31966138,-0.37996963,-0.8679981,-7.8098335,-9.87397,0.010689728,1.9916928,-1.0464671,-0.8033874,1,-0.05868123054504395,0.03563969294230143,0.47065938472747804,0.5178198464711508,-0.9743587639374341,0.060954092719970834,-0.21658623621781856,0.9640739187851448,55.23736668502689,1
11.419999999999801,,,,,17.660322,1.8377244,-0.9793466,-0.9124683,22.90976,-7.66598,2.1912012,-0.013165239,0.31708348,-0.38644063,-0.8659959,-7.9064164,-9.755968,0.0016676919,1.8377244,-0.9793466,-0.9124683,1,-0.05868123054504395,0.03563969294230143,0.47065938472747804,0.5178198464711508,-0.9743587639374341,0.060954092719970834,-0.21658623621781856,0.9640739187851448,55.23736668502689,1
11.4299999999998,,,,,17.660322,1.8377244,-0.9793466,-0.9124683,22.830221,-7.762938,2.1911678,-0.021921026,0.3144646,-0.3928617,-0.8638817,-8.000757,-9.635301,-0.008530572,1.8377244,-0.9793466,-0.9124683,1,-0.05868123054504395,0.03563969294230143,0.47065938472747804,0.5178198464711508,-0.9743587639374341,0.060954092719970834,-0.21658623621781856,0.9640739187851448,55.23736668502689,1
11.4399999999998,,,,,17.660322,1.8377244,-0.9793466,-0.9124683,22.749754,-7.858677,2.1910264,-0.030673979,0.3118051,-0.39923203,-0.86165595,-8.092794,-9.512023,-0.019916145,1.8377244,-0.9793466,-0.9124683,1,-0.05868123054504395,0.03563969294230143,0.47065938472747804,0.5178198464711508,-0.9743587639374341,0.060954092719970834,-0.21658623621781856,0.9640739187851448,55.23736668502689,1
11.4499999999998,,,,,17.963076,1.3116822,-0.84867567,-0.95644045,22.668377,-7.9531703,2.1907651,-0.039422967,0.30910528,-0.40555078,-0.8593188,-8.182469,-9.386194,-0.0324995,1.8377244,-0.9793466,-0.9124683,1,-0.05868123054504395,0.03563969294230143,0.47065938472747804,0.5178198464711508,-0.9743587639374341,0.060954092719970834,-0.21658623621781856,0.9640739187851448,55.23736668502689,1
11.4599999999998,,,,,17.963076,1.3116822,-0.84867567,-0.95644045,22.586105,-8.046383,2.1903799,-0.047278784,0.3071268,-0.409524,-0.85774606,-8.271406,-9.255923,-0.04465519,1.3116822,-0.84867567,-0.95644045,1,-0.05868123054504395,0.03563969294230143,0.47065938472747804,0.5178198464711508,-0.9743587639374341,0.060954092719970834,-0.21658623621781856,0.9640739187851448,55.23736668502689,1
11.4699999999998,,,,,17.963076,1.3116822,-0.84867567,-0.95644045,22.502954,-8.138284,2.1898694,-0.055130634,0.30512252,-0.41346285,-0.85610145,-8.358334,-9.123834,-0.057535708,1.3116822,-0.84867567,-0.95644045,1,-0.18017547607421874,0.003337153196334839,0.40991226196289066,0.5016685765981674,-0.9845089301780086,0.11233215688367204,-0.13462411719159115,0.9427661123772708,54.0165193071739,1
11.4799999999998,,,,,17.963076,1.3116822,-0.84867567,-0.95644045,22.418947,-8.228854,2.1892264,-0.06297786,0.3030927,-0.417367,-0.854385,-8.443218,-8.989962,-0.07113925,1.3116822,-0.84867567,-0.95644045,1,-0.18017547607421874,0.003337153196334839,0.40991226196289066,0.5016685765981674,-0.9845089301780086,0.11233215688367204,-0.13462411719159115,0.9427661123772708,54.0165193071739,1
11.4899999999998,,,,,18.129519,0.92811286,-0.68936855,-0.9511043,22.334099,-8.318077,2.1884441,-0.0708198,0.30103746,-0.42123616,-0.852597,-8.526025,-8.854346,-0.0854638,1.3116822,-0.84867567,-0.95644045,1,-0.18017547607421874,0.003337153196334839,0.40991226196289066,0.5016685765981674,-0.9845089301780086,0.11233215688367204,-0.13462411719159115,0.9427661123772708,54.0165193071739,1
11.4999999999998,,,,,18.129519,0.92811286,-0.68936855,-0.9511043,22.248428,-8.40593,2.187519,-0.077721216,0.2997648,-0.42350516,-0.8513192,-8.607656,-8.715935,-0.09962297,0.92811286,-0.68936855,-0.9511043,1,-0.18017547607421874,0.003337153196334839,0.40991226196289066,0.5016685765981674,-0.9845089301780086,0.11233215688367204,-0.13462411719159115,0.9427661123772708,54.0165193071739,1
11.509999999999799,,,,,18.129519,0.92811286,-0.68936855,-0.9511043,22.161951,-8.492392,2.1864502,-0.08461827,0.29847538,-0.42575046,-0.8499936,-8.687628,-8.576308,-0.11419763,0.92811286,-0.68936855,-0.9511043,1,-0.18017547607421874,0.003337153196334839,0.40991226196289066,0.5016685765981674,-0.9845089301780086,0.11233215688367204,-0.13462411719159115,0.9427661123772708,54.0165193071739,1
11.519999999999799,,,,,18.129519,0.92811286,-0.68936855,-0.9511043,22.074682,-8.577451,2.1852336,-0.09151059,0.29716927,-0.4279719,-0.84862053,-8.7659235,-8.435492,-0.12918168,0.92811286,-0.68936855,-0.9511043,1,-0.18017547607421874,0.003337153196334839,0.40991226196289066,0.5016685765981674,-0.9845089301780086,0.11233215688367204,-0.13462411719159115,0.9427661123772708,54.0165193071739,1
11.529999999999799,,,,,18.220638,0.6889617,-0.60719645,-0.90578246,21.986637,-8.661098,2.1838648,-0.09839777,0.29584646,-0.43016934,-0.84719986,-8.842525,-8.29351,-0.14456896,0.92811286,-0.68936855,-0.9511043,1,-0.18017547607421874,0.003337153196334839,0.40991226196289066,0.5016685765981674,-0.9845089301780086,0.11233215688367204,-0.13462411719159115,0.9427661123772708,54.0165193071739,1
11.539999999999798,,,,,18.220638,0.6889617,-0.60719645,-0.90578246,21.897833,-8.743315,2.1823428,-0.10455769,0.29487747,-0.43144023,-0.8461529,-8.917903,-8.149774,-0.15986277,0.6889617,-0.60719645,-0.90578246,1,-0.14782567024230958,-0.19334782918294272,0.42608716487884524,0.40332608540852866,-0.9282604956171542,0.36853285695493443,-0.05015960148595211,1.1183535973044396,64.07694112881764,1
11.549999999999798,,,,,18.220638,0.6889617,-0.60719645,-0.90578246,21.808283,-8.82409,2.180667,-0.110713266,0.2938962,-0.43269318,-0.84507084,-8.991851,-8.005188,-0.17534462,0.6889617,-0.60719645,-0.90578246,1,-0.14782567024230958,-0.19334782918294272,0.42608716487884524,0.40332608540852866,-0.9282604956171542,0.36853285695493443,-0.05015960148595211,1.1183535973044396,64.07694112881764,1
11.559999999999798,,,,,18.220638,0.6889617,-0.60719645,-0.90578246,21.718,-8.903416,2.1788354,-0.11686424,0.2929027,-0.43392813,-0.84395355,-9.064358,-7.859772,-0.19100806,0.6889617,-0.60719645,-0.90578246,1,-0.14782567024230958,-0.19334782918294272,0.42608716487884524,0.40332608540852866,-0.9282604956171542,0.36853285695493443,-0.05015960148595211,1.1183535973044396,64.07694112881764,1
11.569999999999798,,,,,18.254333,0.7919355,-0.69647133,-0.8606031,21.627,-8.981283,2.1768463,-0.12301035,0.29189706,-0.43514502,-0.84280115,-9.135414,-7.713543,-0.20684664,0.6889617,-0.60719645,-0.90578246,1,-0.14782567024230958,-0.19334782918294272,0.42608716487884524,0.40332608540852866,-0.9282604956171542,0.36853285695493443,-0.05015960148595211,1.1183535973044396,64.07694112881764,1
11.579999999999798,,,,,18.254333,0.7919355,-0.69647133,-0.8606031,21.5353,-9.057682,2.1746986,-0.1293052,0.29034072,-0.43678775,-0.84154576,-9.205055,-7.5662017,-0.22271219,0.7919355,-0.69647133,-0.8606031,1,-0.14782567024230958,-0.19334782918294272,0.42608716487884524,0.40332608540852866,-0.9282604956171542,0.36853285695493443,-0.05015960148595211,1.1183535973044396,64.07694112881764,1
11.589999999999797,,,,,18.254333,0.7919355,-0.69647133,-0.8606031,21.44291,-9.132604,2.1723914,-0.13559406,0.28877097,-0.43841025,-0.84025145,-9.273003,-7.4179664,-0.23876776,0.7919355,-0.69647133,-0.8606031,1,-0.14782567024230958,-0.19334782918294272,0.42608716487884524,0.40332608540852866,-0.9282604956171542,0.36853285695493443,-0.05015960148595211,1.1183535973044396,64.07694112881764,1
11.599999999999797,,,,,18.254333,0.7919355,-0.69647133,-0.8606031,21.349848,-9.206038,2.1699226,-0.14187662,0.28718787,-0.44001243,-0.83891815,-9.339243,-7.268859,-0.25500774,0.7919355,-0.69647133,-0.8606031,1,-0.14782567024230958,-0.19334782918294272,0.42608716487884524,0.40332608540852866,-0.9282604956171542,0.36853285695493443,-0.05015960148595211,1.1183535973044396,64.07694112881764,1
11.609999999999797,,,,,18.485224,0.70223397,-0.63193536,-0.78683317,21.256132,-9.277978,2.1672907,-0.14815262,0.28559142,-0.44159424,-0.837546,-9.403765,-7.118902,-0.27142656,0.7919355,-0.69647133,-0.8606031,1,-0.1383993721008301,-0.1537939961751302,0.43080031394958496,0.4231030019124349,-0.8960987802322139,0.4312730077372878,-0.10493125780038898,1.0965417123634076,62.827212178471534,1
11.619999999999797,,,,,18.485224,0.70223397,-0.63193536,-0.78683317,21.161776,-9.348405,2.1644988,-0.1538429,0.28415677,-0.44293493,-0.8362992,-9.467417,-6.9662466,-0.2869742,0.70223397,-0.63193536,-0.78683317,1,-0.1383993721008301,-0.1537939961751302,0.43080031394958496,0.4231030019124349,-0.8960987802322139,0.4312730077372878,-0.10493125780038898,1.0965417123634076,62.827212178471534,1
11.629999999999797,,,,,18.485224,0.70223397,-0.63193536,-0.78683317,21.066792,-9.417301,2.1615505,-0.15952735,0.2827114,-0.44425893,-0.8350207,-9.529486,-6.8128686,-0.3026562,0.70223397,-0.63193536,-0.78683317,1,-0.1383993721008301,-0.1537939961751302,0.43080031394958496,0.4231030019124349,-0.8960987802322139,0.4312730077372878,-0.10493125780038898,1.0965417123634076,62.827212178471534,1
11.639999999999796,,,,,18.485224,0.70223397,-0.63193536,-0.78683317,20.971195,-9.484659,2.158445,-0.16520576,0.2812553,-0.44556615,-0.83371073,-9.589961,-6.6587863,-0.31846777,0.70223397,-0.63193536,-0.78683317,1,-0.1383993721008301,-0.1537939961751302,0.43080031394958496,0.4231030019124349,-0.8960987802322139,0.4312730077372878,-0.10493125780038898,1.0965417123634076,62.827212178471534,1
11.649999999999796,,,,,18.784557,0.6947255,-0.68054867,-0.7511115,20.875002,-9.550474,2.1551805,-0.17087793,0.2797886,-0.4468565,-0.83236927,-9.648835,-6.504019,-0.33440393,0.70223397,-0.63193536,-0.78683317,1,-0.1383993721008301,-0.1537939961751302,0.43080031394958496,0.4231030019124349,-0.8960987802322139,0.4312730077372878,-0.10493125780038898,1.0965417123634076,62.827212178471534,1
11.659999999999796,,,,,18.784557,0.6947255,-0.68054867,-0.7511115,20.77822,-9.614725,2.151763,-0.17649311,0.27803564,-0.44810718,-0.8311117,-9.707004,-6.346072,-0.34910664,0.6947255,-0.68054867,-0.7511115,1,-0.1383993721008301,-0.1537939961751302,0.43080031394958496,0.4231030019124349,-0.8960987802322139,0.4312730077372878,-0.10493125780038898,1.0965417123634076,62.827212178471534,1
11.669999999999796,,,,,18.784557,0.6947255,-0.68054867,-0.7511115,20.680864,-9.677393,2.1481981,-0.1821016,0.27627218,-0.44934094,-0.8298227,-9.763464,-6.1874795,-0.36386085,0.6947255,-0.68054867,-0.7511115,1,-0.21834732055664063,-0.1218493398030599,0.3908263397216797,0.43907533009847005,-0.8998477654637973,0.42708189992198653,-0.08874147704899399,1.0079928668571014,57.75373705020423,1
11.679999999999795,,,,,18.784557,0.6947255,-0.68054867,-0.7511115,20.582956,-9.738472,2.1444855,-0.18770325,0.27449825,-0.45055777,-0.8285024,-9.818209,-6.0282626,-0.3786621,0.6947255,-0.68054867,-0.7511115,1,-0.21834732055664063,-0.1218493398030599,0.3908263397216797,0.43907533009847005,-0.8998477654637973,0.42708189992198653,-0.08874147704899399,1.0079928668571014,57.75373705020423,1
11.689999999999795,,,,,18.884237,0.5151812,-0.587456,-0.7254213,20.484507,-9.7979555,2.1406245,-0.1932978,0.272714,-0.45175755,-0.8271508,-9.871229,-5.868441,-0.39350608,0.6947255,-0.68054867,-0.7511115,1,-0.21834732055664063,-0.1218493398030599,0.3908263397216797,0.43907533009847005,-0.8998477654637973,0.42708189992198653,-0.08874147704899399,1.0079928668571014,57.75373705020423,1
11.699999999999795,,,,,18.884237,0.5151812,-0.587456,-0.7254213,20.385534,-9.855834,2.1366174,-0.19832462,0.2714212,-0.45232484,-0.8260753,-9.9229145,-5.707245,-0.40790632,0.5151812,-0.587456,-0.7254213,1,-0.21834732055664063,-0.1218493398030599,0.3908263397216797,0.43907533009847005,-0.8998477654637973,0.42708189992198653,-0.08874147704899399,1.0079928668571014,57.75373705020423,1
11.709999999999795,,,,,18.884237,0.5151812,-0.587456,-0.7254213,20.286053,-9.912099,2.1324666,-0.20334579,0.2701207,-0.45287934,-0.8249763,-9.973184,-5.54564,-0.42223293,0.5151812,-0.587456,-0.7254213,1,-0.21834732055664063,-0.1218493398030599,0.3908263397216797,0.43907533009847005,-0.8998477654637973,0.42708189992198653,-0.08874147704899399,1.0079928668571014,57.75373705020423,1
11.719999999999795,,,,,18.884237,0.5151812,-0.587456,-0.7254213,20.186077,-9.966745,2.1281729,-0.2083612,0.2688125,-0.45342097,-0.82385385,-10.022033,-5.383641,-0.43648145,0.5151812,-0.587456,-0.7254213,1,-0.21834732055664063,-0.1218493398030599,0.3908263397216797,0.43907533009847005,-0.8998477654637973,0.42708189992198653,-0.08874147704899399,1.0079928668571014,57.75373705020423,1
11.729999999999794,,,,,19.17908,0.5080729,-0.69503,-0.662712,20.085617,-10.01977,2.123737,-0.21337068,0.26749668,-0.4539497,-0.822708,-10.069459,-5.2212615,-0.4506474,0.5151812,-0.587456,-0.7254213,1,-0.21834732055664063,-0.1218493398030599,0.3908263397216797,0.43907533009847005,-0.8998477654637973,0.42708189992198653,-0.08874147704899399,1.0079928668571014,57.75373705020423,1
11.739999999999794,,,,,19.17908,0.5080729,-0.69503,-0.662712,19.984688,-10.0711565,2.1191669,-0.21835068,0.26559585,-0.45440507,-0.8217653,-10.116121,-5.055987,-0.4633624,0.5080729,-0.69503,-0.662712,1,-0.16872507095336914,-0.1076611073811849,0.4156374645233154,0.4461694463094076,-0.845897114455942,0.5141232619903051,-0.14189906002352387,1.0096073220938067,57.84623852148023,1
11.749999999999794,,,,,19.17908,0.5080729,-0.69503,-0.662712,19.883299,-10.120889,2.1144707,-0.22332422,0.2636872,-0.4548471,-0.8207983,-10.161181,-4.890388,-0.4758461,0.5080729,-0.69503,-0.662712,1,-0.16872507095336914,-0.1076611073811849,0.4156374645233154,0.4461694463094076,-0.845897114455942,0.5141232619903051,-0.14189906002352387,1.0096073220938067,57.84623852148023,1
11.759999999999794,,,,,19.17908,0.5080729,-0.69503,-0.662712,19.78147,-10.168963,2.1096509,-0.2282912,0.26177076,-0.45527565,-0.81980705,-10.204636,-4.724482,-0.48809522,0.5080729,-0.69503,-0.662712,1,-0.16872507095336914,-0.1076611073811849,0.4156374645233154,0.4461694463094076,-0.845897114455942,0.5141232619903051,-0.14189906002352387,1.0096073220938067,57.84623852148023,1
11.769999999999794,,,,,19.233854,0.18412638,-0.48260707,-0.6036043,19.679213,-10.215379,2.1047096,-0.23325144,0.2598466,-0.4556908,-0.8187916,-10.246481,-4.558286,-0.50010645,0.5080729,-0.69503,-0.662712,1,-0.16872507095336914,-0.1076611073811849,0.4156374645233154,0.4461694463094076,-0.845897114455942,0.5141232619903051,-0.14189906002352387,1.0096073220938067,57.84623852148023,1
11.779999999999793,,,,,19.233854,0.18412638,-0.48260707,-0.6036043,19.576544,-10.260128,2.0996509,-0.23705955,0.2590293,-0.45509398,-0.8182887,-10.287091,-4.39143,-0.5115818,0.18412638,-0.48260707,-0.6036043,1,-0.16872507095336914,-0.1076611073811849,0.4156374645233154,0.4461694463094076,-0.845897114455942,0.5141232619903051,-0.14189906002352387,1.0096073220938067,57.84623852148023,1
11.789999999999793,,,,,19.233854,0.18412638,-0.48260707,-0.6036043,19.473475,-10.303207,2.0944793,-0.24086392,0.25820795,-0.45448995,-0.81777287,-10.326782,-4.2245464,-0.522684,0.18412638,-0.48260707,-0.6036043,1,-0.16872507095336914,-0.1076611073811849,0.4156374645233154,0.4461694463094076,-0.845897114455942,0.5141232619903051,-0.14189906002352387,1.0096073220938067,57.84623852148023,1
11.799999999999793,,,,,19.233854,0.18412638,-0.48260707,-0.6036043,19.370012,-10.344619,2.0891988,-0.24466449,0.2573825,-0.4538787,-0.8172442,-10.365554,-4.0576434,-0.5334105,0.18412638,-0.48260707,-0.6036043,1,-0.16872507095336914,-0.1076611073811849,0.4156374645233154,0.4461694463094076,-0.845897114455942,0.5141232619903051,-0.14189906002352387,1.0096073220938067,57.84623852148023,1
11.809999999999793,,,,,19.207148,0.04723572,-0.48383653,-0.5277463,19.266167,-10.38436,2.083813,-0.2484612,0.256553,-0.4532603,-0.81670254,-10.403407,-3.8907278,-0.5437587,0.18412638,-0.48260707,-0.6036043,1,-0.1867801284790039,-0.11766921997070312,0.40660993576049803,0.44116539001464844,-0.817493073020719,0.5617216038534426,-0.127176709060494,0.9599152725119282,54.999093805083774,1
11.819999999999792,,,,,19.207148,0.04723572,-0.48383653,-0.5277463,19.16195,-10.422434,2.0783248,-0.25177178,0.255713,-0.45217222,-0.8165553,-10.440354,-3.7240849,-0.55378777,0.04723572,-0.48383653,-0.5277463,1,-0.1867801284790039,-0.11766921997070312,0.40660993576049803,0.44116539001464844,-0.817493073020719,0.5617216038534426,-0.127176709060494,0.9599152725119282,54.999093805083774,1
11.829999999999792,,,,,19.207148,0.04723572,-0.48383653,-0.5277463,19.057365,-10.458842,2.072739,-0.2550791,0.25486964,-0.45107833,-0.8163976,-10.476552,-3.5575664,-0.5632726,0.04723572,-0.48383653,-0.5277463,1,-0.1867801284790039,-0.11766921997070312,0.40660993576049803,0.44116539001464844,-0.817493073020719,0.5617216038534426,-0.127176709060494,0.9599152725119282,54.999093805083774,1
11.839999999999792,,,,,19.207148,0.04723572,-0.48383653,-0.5277463,18.952421,-10.493585,2.067061,-0.25838315,0.25402302,-0.44997862,-0.8162294,-10.512004,-3.3911784,-0.572212,0.04723572,-0.48383653,-0.5277463,1,-0.1867801284790039,-0.11766921997070312,0.40660993576049803,0.44116539001464844,-0.817493073020719,0.5617216038534426,-0.127176709060494,0.9599152725119282,54.999093805083774,1
11.849999999999792,,,,,19.347946,0.011883194,-0.5013947,-0.53468,18.847128,-10.526664,2.0612965,-0.26168388,0.2531731,-0.44887313,-0.8160507,-10.54671,-3.224927,-0.58060473,0.04723572,-0.48383653,-0.5277463,1,-0.1867801284790039,-0.11766921997070312,0.40660993576049803,0.44116539001464844,-0.817493073020719,0.5617216038534426,-0.127176709060494,0.9599152725119282,54.999093805083774,1
11.859999999999792,,,,,19.347946,0.011883194,-0.5013947,-0.53468,18.74149,-10.558076,2.055454,-0.2650041,0.2523101,-0.44758576,-0.8159537,-10.580931,-3.0576155,-0.58776456,0.011883194,-0.5013947,-0.53468,1,-0.1867801284790039,-0.11766921997070312,0.40660993576049803,0.44116539001464844,-0.817493073020719,0.5617216038534426,-0.127176709060494,0.9599152725119282,54.999093805083774,1
11.869999999999791,,,,,19.347946,0.011883194,-0.5013947,-0.53468,18.635513,-10.587816,2.049543,-0.26832074,0.25144362,-0.44629234,-0.81584567,-10.614426,-2.8904932,-0.5943087,0.011883194,-0.5013947,-0.53468,1,-0.30244829177856447,-0.23059494018554688,0.34877585411071776,0.38470252990722653,-0.8108294591341225,0.5848478790318024,0.02255097763444497,0.8907464072164997,51.03600974994681,1
11.879999999999791,,,,,19.347946,0.011883194,-0.5013947,-0.53468,18.529205,-10.615887,2.0435698,-0.27163377,0.2505738,-0.44499296,-0.8157267,-10.647197,-2.7235665,-0.6002361,0.011883194,-0.5013947,-0.53468,1,-0.30244829177856447,-0.23059494018554688,0.34877585411071776,0.38470252990722653,-0.8108294591341225,0.5848478790318024,0.02255097763444497,0.8907464072164997,51.03600974994681,1
11.889999999999791,,,,,19.589893,0.15202057,-0.411135,-0.5934838,18.422573,-10.642288,2.0375404,-0.27494317,0.24970064,-0.44368756,-0.81559676,-10.679247,-2.556842,-0.6055462,0.011883194,-0.5013947,-0.53468,1,-0.30244829177856447,-0.23059494018554688,0.34877585411071776,0.38470252990722653,-0.8108294591341225,0.5848478790318024,0.02255097763444497,0.8907464072164997,51.03600974994681,1
11.89999999999979,,,,,19.589893,0.15202057,-0.411135,-0.5934838,18.31562,-10.667013,2.0314665,-0.27846342,0.24912995,-0.44299832,-0.8149514,-10.71095,-2.3881824,-0.6091734,0.15202057,-0.411135,-0.5934838,1,-0.30244829177856447,-0.23059494018554688,0.34877585411071776,0.38470252990722653,-0.8108294591341225,0.5848478790318024,0.02255097763444497,0.8907464072164997,51.03600974994681,1
11.90999999999979,,,,,19.589893,0.15202057,-0.411135,-0.5934838,18.208357,-10.690052,2.025358,-0.28197986,0.24855588,-0.44230306,-0.81429493,-10.741872,-2.219575,-0.6124488,0.15202057,-0.411135,-0.5934838,1,-0.30244829177856447,-0.23059494018554688,0.34877585411071776,0.38470252990722653,-0.8108294591341225,0.5848478790318024,0.02255097763444497,0.8907464072164997,51.03600974994681,1
11.91999999999979,,,,,19.589893,0.15202057,-0.411135,-0.5934838,18.100786,-10.711405,2.0192184,-0.28549248,0.24797843,-0.44160175,-0.8136274,-10.772014,-2.0510254,-0.61537033,0.15202057,-0.411135,-0.5934838,1,-0.30244829177856447,-0.23059494018554688,0.34877585411071776,0.38470252990722653,-0.8108294591341225,0.5848478790318024,0.02255097763444497,0.8907464072164997,51.03600974994681,1
11.92999999999979,,,,,19.722782,0.19534051,-0.37486538,-0.55017483,17.992918,-10.731072,2.0130517,-0.28900117,0.2473976,-0.44089445,-0.8129488,-10.801377,-1.8825397,-0.6179359,0.15202057,-0.411135,-0.5934838,1,-0.30244829177856447,-0.23059494018554688,0.34877585411071776,0.38470252990722653,-0.8108294591341225,0.5848478790318024,0.02255097763444497,0.8907464072164997,51.03600974994681,1
11.93999999999979,,,,,19.722782,0.19534051,-0.37486538,-0.55017483,17.88476,-10.749049,2.0068643,-0.29230374,0.24680296,-0.44046357,-0.812182,-10.830153,-1.7129606,-0.61952895,0.19534051,-0.37486538,-0.55017483,1,-0.21587797164916991,-0.22973101298014323,0.39206101417541506,0.3851344935099284,-0.7448222333602447,0.666703099592779,-0.027327965267072207,0.8869772572792218,50.82005336618879,1
11.94999999999979,,,,,19.722782,0.19534051,-0.37486538,-0.55017483,17.77632,-10.765331,2.000662,-0.2956028,0.24620534,-0.4400274,-0.8114054,-10.85814,-1.5434011,-0.62085545,0.19534051,-0.37486538,-0.55017483,1,-0.21587797164916991,-0.22973101298014323,0.39206101417541506,0.3851344935099284,-0.7448222333602447,0.666703099592779,-0.027327965267072207,0.8869772572792218,50.82005336618879,1
11.95999999999979,,,,,19.722782,0.19534051,-0.37486538,-0.55017483,17.667604,-10.779917,1.9944481,-0.29889834,0.24560477,-0.4395859,-0.81061906,-10.885337,-1.3738666,-0.6219135,0.19534051,-0.37486538,-0.55017483,1,-0.21587797164916991,-0.22973101298014323,0.39206101417541506,0.3851344935099284,-0.7448222333602447,0.666703099592779,-0.027327965267072207,0.8869772572792218,50.82005336618879,1
11.96999999999979,,,,,19.77144,0.29623455,-0.41847512,-0.498637,17.558619,-10.792809,1.9882249,-0.30219024,0.24500124,-0.43913916,-0.809823,-10.911747,-1.2043624,-0.6227011,0.19534051,-0.37486538,-0.55017483,1,-0.21587797164916991,-0.22973101298014323,0.39206101417541506,0.3851344935099284,-0.7448222333602447,0.666703099592779,-0.027327965267072207,0.8869772572792218,50.82005336618879,1
11.979999999999789,,,,,19.77144,0.29623455,-0.41847512,-0.498637,17.449371,-10.804002,1.9819962,-0.3054891,0.24395247,-0.4390927,-0.80892664,-10.937357,-1.0344527,-0.62299633,0.29623455,-0.41847512,-0.498637,1,-0.21587797164916991,-0.22973101298014323,0.39206101417541506,0.3851344935099284,-0.7448222333602447,0.666703099592779,-0.027327965267072207,0.8869772572792218,50.82005336618879,1
11.989999999999789,,,,,19.77144,0.29623455,-0.41847512,-0.498637,17.339874,-10.813497,1.9757656,-0.308784,0.2429006,-0.43904063,-0.8080199,-10.961978,-0.8645233,-0.623072,0.29623455,-0.41847512,-0.498637,1,-0.21587797164916991,-0.22973101298014323,0.39206101417541506,0.3851344935099284,-0.7448222333602447,0.666703099592779,-0.027327965267072207,0.8869772572792218,50.82005336618879,1
11.999999999999789,,,,,19.77144,0.29623455,-0.41847512,-0.498637,17.230135,-10.821292,1.9695355,-0.312075,0.24184562,-0.43898293,-0.8071028,-10.985609,-0.69458115,-0.62292653,0.29623455,-0.41847512,-0.498637,1,-0.21587797164916991,-0.22973101298014323,0.39206101417541506,0.3851344935099284,-0.7448222333602447,0.666703099592779,-0.027327965267072207,0.8869772572792218,50.82005336618879,1
12.009999999999788,,,,,19.63537,0.14109981,-0.42550334,-0.4258329,17.120165,-10.827388,1.963308,-0.31536198,0.24078755,-0.43891963,-0.8061754,-11.008251,-0.5246334,-0.6225582,0.29623455,-0.41847512,-0.498637,1,-0.4232610321044922,-0.21796656290690103,0.2883694839477539,0.3910167185465495,-0.8126848618487814,0.5787248872571202,0.06797661503091079,0.666432603582142,38.1837755151718,1
12.019999999999788,,,,,19.63537,0.14109981,-0.42550334,-0.4258329,17.009974,-10.83179,1.957082,-0.31818062,0.2397833,-0.43830267,-0.8057027,-11.029835,-0.35590553,-0.62257767,0.14109981,-0.42550334,-0.4258329,1,-0.4232610321044922,-0.21796656290690103,0.2883694839477539,0.3910167185465495,-0.8126848618487814,0.5787248872571202,0.06797661503091079,0.666432603582142,38.1837755151718,1
12.029999999999788,,,,,19.63537,0.14109981,-0.42550334,-0.4258329,16.899572,-10.834506,1.9508579,-0.32099622,0.23877676,-0.43768153,-0.8052223,-11.050648,-0.18731524,-0.6221948,0.14109981,-0.42550334,-0.4258329,1,-0.4232610321044922,-0.21796656290690103,0.2883694839477539,0.3910167185465495,-0.8126848618487814,0.5787248872571202,0.06797661503091079,0.666432603582142,38.1837755151718,1
12.039999999999788,,,,,19.63537,0.14109981,-0.42550334,-0.4258329,16.788965,-10.835537,1.9446396,-0.3238088,0.23776792,-0.4370562,-0.80473423,-11.070692,-0.018867746,-0.6214089,0.14109981,-0.42550334,-0.4258329,1,-0.4232610321044922,-0.21796656290690103,0.2883694839477539,0.3910167185465495,-0.8126848618487814,0.5787248872571202,0.06797661503091079,0.666432603582142,38.1837755151718,1
12.049999999999788,,,,,19.294247,0.16900903,-0.5018793,-0.3899819,16.678162,-10.834884,1.9384313,-0.32661825,0.23675682,-0.4364267,-0.8042385,-11.089968,0.14943174,-0.62021893,0.14109981,-0.42550334,-0.4258329,1,-0.4232610321044922,-0.21796656290690103,0.2883694839477539,0.3910167185465495,-0.8126848618487814,0.5787248872571202,0.06797661503091079,0.666432603582142,38.1837755151718,1
12.059999999999787,,,,,19.294247,0.16900903,-0.5018793,-0.3899819,16.56717,-10.832563,1.9322282,-0.3294799,0.23531237,-0.43582267,-0.8038226,-11.108104,0.31464723,-0.62033063,0.16900903,-0.5018793,-0.3899819,1,-0.4232610321044922,-0.21796656290690103,0.2883694839477539,0.3910167185465495,-0.8126848618487814,0.5787248872571202,0.06797661503091079,0.666432603582142,38.1837755151718,1
12.069999999999787,,,,,19.294247,0.16900903,-0.5018793,-0.3899819,16.456003,-10.828592,1.9260262,-0.332338,0.2338654,-0.43521395,-0.803398,-11.125349,0.47968066,-0.6199759,0.16900903,-0.5018793,-0.3899819,1,-0.23413692474365233,-0.2072946802775065,0.38293153762817383,0.39635265986124674,-0.7082237391748657,0.7053309034571881,-0.03045409492069745,0.7402623666058301,42.41390933888015,1
12.079999999999787,,,,,19.294247,0.16900903,-0.5018793,-0.3899819,16.344667,-10.82297,1.9198303,-0.33519253,0.23241587,-0.4346005,-0.8029647,-11.141705,0.6445254,-0.6191546,0.16900903,-0.5018793,-0.3899819,1,-0.23413692474365233,-0.2072946802775065,0.38293153762817383,0.39635265986124674,-0.7082237391748657,0.7053309034571881,-0.03045409492069745,0.7402623666058301,42.41390933888015,1
12.089999999999787,,,,,18.281874,-0.5581467,-0.81658024,-0.28599033,16.233175,-10.815702,1.9136448,-0.3380434,0.23096384,-0.4339824,-0.8025228,-11.157173,0.8091751,-0.6178665,0.16900903,-0.5018793,-0.3899819,1,-0.23413692474365233,-0.2072946802775065,0.38293153762817383,0.39635265986124674,-0.7082237391748657,0.7053309034571881,-0.03045409492069745,0.7402623666058301,42.41390933888015,1
12.099999999999786,,,,,18.281874,-0.5581467,-0.81658024,-0.28599033,16.121534,-10.806833,1.9074497,-0.3403138,0.22924814,-0.43002656,-0.8041828,-11.171217,0.9647227,-0.6209393,-0.5581467,-0.81658024,-0.28599033,1,-0.23413692474365233,-0.2072946802775065,0.38293153762817383,0.39635265986124674,-0.7082237391748657,0.7053309034571881,-0.03045409492069745,0.7402623666058301,42.41390933888015,1
12.109999999999786,,,,,18.281874,-0.5581467,-0.81658024,-0.28599033,16.009752,-10.7964115,1.9012313,-0.34257525,0.22752634,-0.42605934,-0.8058216,-11.185031,1.1193428,-0.62247705,-0.5581467,-0.81658024,-0.28599033,1,-0.23413692474365233,-0.2072946802775065,0.38293153762817383,0.39635265986124674,-0.7082237391748657,0.7053309034571881,-0.03045409492069745,0.7402623666058301,42.41390933888015,1
12.119999999999786,,,,,18.281874,-0.5581467,-0.81658024,-0.28599033,15.897835,-10.784449,1.8950052,-0.34482756,0.22579852,-0.4220808,-0.807439,-11.198617,1.2730198,-0.6224889,-0.5581467,-0.81658024,-0.28599033,1,-0.23413692474365233,-0.2072946802775065,0.38293153762817383,0.39635265986124674,-0.7082237391748657,0.7053309034571881,-0.03045409492069745,0.7402623666058301,42.41390933888015,1
12.129999999999786,,,,,18.155281,-0.06919677,-0.86108327,-0.37385765,15.785782,-10.770953,1.8887868,-0.34707075,0.22406471,-0.41809112,-0.80903506,-11.21198,1.4257376,-0.620984,-0.5581467,-0.81658024,-0.28599033,1,-0.23413692474365233,-0.2072946802775065,0.38293153762817383,0.39635265986124674,-0.7082237391748657,0.7053309034571881,-0.03045409492069745,0.7402623666058301,42.41390933888015,1
12.139999999999786,,,,,18.155281,-0.06919677,-0.86108327,-0.37385765,15.673597,-10.75594,1.8825871,-0.35030174,0.22148061,-0.41589347,-0.8094867,-11.224762,1.5765556,-0.61882514,-0.06919677,-0.86108327,-0.37385765,1,-0.2876423454284668,-0.2566661834716797,0.3561788272857666,0.37166690826416016,-0.6987992345822642,0.7122315327231266,0.06637675453129394,0.6553767844246243,37.55032373838616,1
12.149999999999785,,,,,18.155281,-0.06919677,-0.86108327,-0.37385765,15.56129,-10.739424,1.8764142,-0.35352498,0.21889162,-0.4136866,-0.8099204,-11.236612,1.7267252,-0.6155845,-0.06919677,-0.86108327,-0.37385765,1,-0.2876423454284668,-0.2566661834716797,0.3561788272857666,0.37166690826416016,-0.6987992345822642,0.7122315327231266,0.06637675453129394,0.6553767844246243,37.55032373838616,1
12.159999999999785,,,,,18.155281,-0.06919677,-0.86108327,-0.37385765,15.448869,-10.721407,1.8702791,-0.35674042,0.21629778,-0.41147056,-0.8103361,-11.247534,1.8762331,-0.61126703,-0.06919677,-0.86108327,-0.37385765,1,-0.2876423454284668,-0.2566661834716797,0.3561788272857666,0.37166690826416016,-0.6987992345822642,0.7122315327231266,0.06637675453129394,0.6553767844246243,37.55032373838616,1
12.169999999999785,,,,,18.11125,-0.110941,-0.6619674,-0.33870587,15.336343,-10.7019005,1.8641926,-0.35994792,0.21369913,-0.40924543,-0.8107339,-11.25753,2.025066,-0.60587746,-0.06919677,-0.86108327,-0.37385765,1,-0.2876423454284668,-0.2566661834716797,0.3561788272857666,0.37166690826416016,-0.6987992345822642,0.7122315327231266,0.06637675453129394,0.6553767844246243,37.55032373838616,1
12.179999999999785,,,,,18.11125,-0.110941,-0.6619674,-0.33870587,15.2237215,-10.68091,1.8581637,-0.36255437,0.21190695,-0.40723956,-0.8110529,-11.266695,2.1728954,-0.5997466,-0.110941,-0.6619674,-0.33870587,1,-0.2876423454284668,-0.2566661834716797,0.3561788272857666,0.37166690826416016,-0.6987992345822642,0.7122315327231266,0.06637675453129394,0.6553767844246243,37.55032373838616,1
12.189999999999785,,,,,18.11125,-0.110941,-0.6619674,-0.33870587,15.111011,-10.658444,1.8522005,-0.3651557,0.21011178,-0.4052279,-0.8113605,-11.275235,2.3201468,-0.59274733,-0.110941,-0.6619674,-0.33870587,1,-0.2876423454284668,-0.2566661834716797,0.3561788272857666,0.37166690826416016,-0.6987992345822642,0.7122315327231266,0.06637675453129394,0.6553767844246243,37.55032373838616,1
12.199999999999784,,,,,18.11125,-0.110941,-0.6619674,-0.33870587,14.998218,-10.634509,1.8463117,-0.36775187,0.20831366,-0.40321052,-0.8116566,-11.2831545,2.4668112,-0.58488286,-0.110941,-0.6619674,-0.33870587,1,-0.2876423454284668,-0.2566661834716797,0.3561788272857666,0.37166690826416016,-0.6987992345822642,0.7122315327231266,0.06637675453129394,0.6553767844246243,37.55032373838616,1
12.209999999999784,,,,,18.121212,-0.06397898,-0.5552256,-0.3065394,14.885349,-10.60911,1.8405058,-0.37034282,0.20651259,-0.40118742,-0.81194127,-11.290457,2.612881,-0.57615626,-0.110941,-0.6619674,-0.33870587,1,-0.26737663269042966,-0.12688470204671223,0.36631168365478517,0.4365576489766439,-0.7118506611589279,0.7022235448359748,-0.012277185573050853,0.5511699558525964,31.579712264765682,1
12.219999999999784,,,,,18.121212,-0.06397898,-0.5552256,-0.3065394,14.77241,-10.5822525,1.8347917,-0.37263307,0.20499085,-0.39958102,-0.81207114,-11.297172,2.7584732,-0.5665732,-0.06397898,-0.5552256,-0.3065394,1,-0.26737663269042966,-0.12688470204671223,0.36631168365478517,0.4365576489766439,-0.7118506611589279,0.7022235448359748,-0.012277185573050853,0.5511699558525964,31.579712264765682,1
12.229999999999784,,,,,18.121212,-0.06397898,-0.5552256,-0.3065394,14.659408,-10.553942,1.8291767,-0.3749195,0.20346704,-0.39797056,-0.8121928,-11.303332,2.903575,-0.5562977,-0.06397898,-0.5552256,-0.3065394,1,-0.26737663269042966,-0.12688470204671223,0.36631168365478517,0.4365576489766439,-0.7118506611589279,0.7022235448359748,-0.012277185573050853,0.5511699558525964,31.579712264765682,1
12.239999999999783,,,,,18.121212,-0.06397898,-0.5552256,-0.3065394,14.546346,-10.524182,1.823668,-0.37720212,0.20194116,-0.39635605,-0.8123062,-11.308944,3.048181,-0.54533195,-0.06397898,-0.5552256,-0.3065394,1,-0.26737663269042966,-0.12688470204671223,0.36631168365478517,0.4365576489766439,-0.7118506611589279,0.7022235448359748,-0.012277185573050853,0.5511699558525964,31.579712264765682,1
12.249999999999783,,,,,17.618402,-0.056804903,-0.5915461,-0.27080294,14.433231,-10.49298,1.8182725,-0.37948093,0.20041323,-0.39473748,-0.81241137,-11.314006,3.192286,-0.533678,-0.06397898,-0.5552256,-0.3065394,1,-0.26737663269042966,-0.12688470204671223,0.36631168365478517,0.4365576489766439,-0.7118506611589279,0.7022235448359748,-0.012277185573050853,0.5511699558525964,31.579712264765682,1
12.259999999999783,,,,,17.618402,-0.056804903,-0.5915461,-0.27080294,14.32007,-10.460359,1.8129816,-0.38168952,0.19865152,-0.39311087,-0.81259817,-11.3183775,3.3318903,-0.52438974,-0.056804903,-0.5915461,-0.27080294,1,-0.26737663269042966,-0.12688470204671223,0.36631168365478517,0.4365576489766439,-0.7118506611589279,0.7022235448359748,-0.012277185573050853,0.5511699558525964,31.579712264765682,1
12.269999999999783,,,,,17.618402,-0.056804903,-0.5915461,-0.27080294,14.206867,-10.426345,1.8077871,-0.38389406,0.19688772,-0.39148006,-0.81277615,-11.322169,3.470972,-0.5144031,-0.056804903,-0.5915461,-0.27080294,1,-0.33269485473632815,-0.15733500162760417,0.3336525726318359,0.4213324991861979,-0.7184278853024599,0.6929481585038617,0.060697802645095444,0.4698789163919983,26.92207879144198,1
12.279999999999783,,,,,17.618402,-0.056804903,-0.5915461,-0.27080294,14.093628,-10.390943,1.8026961,-0.38609448,0.1951218,-0.38984507,-0.81294554,-11.325385,3.6095247,-0.5037208,-0.056804903,-0.5915461,-0.27080294,1,-0.33269485473632815,-0.15733500162760417,0.3336525726318359,0.4213324991861979,-0.7184278853024599,0.6929481585038617,0.060697802645095444,0.4698789163919983,26.92207879144198,1
12.289999999999782,,,,,17.12163,0.011057312,-0.55897874,-0.30705348,13.98036,-10.354157,1.7977152,-0.3882908,0.1933538,-0.38820595,-0.81310636,-11.328027,3.7475426,-0.49234545,-0.056804903,-0.5915461,-0.27080294,1,-0.33269485473632815,-0.15733500162760417,0.3336525726318359,0.4213324991861979,-0.7184278853024599,0.6929481585038617,0.060697802645095444,0.4698789163919983,26.92207879144198,1
12.299999999999782,,,,,17.12163,0.011057312,-0.55897874,-0.30705348,13.86707,-10.316013,1.792836,-0.39063284,0.19165482,-0.38686684,-0.81302506,-11.330018,3.8811707,-0.48341975,0.011057312,-0.55897874,-0.30705348,1,-0.33269485473632815,-0.15733500162760417,0.3336525726318359,0.4213324991861979,-0.7184278853024599,0.6929481585038617,0.060697802645095444,0.4698789163919983,26.92207879144198,1
12.309999999999782,,,,,17.12163,0.011057312,-0.55897874,-0.30705348,13.753764,-10.276535,1.7880487,-0.39297092,0.18995388,-0.3855238,-0.8129355,-11.331399,4.0143414,-0.4739153,0.011057312,-0.55897874,-0.30705348,1,-0.33269485473632815,-0.15733500162760417,0.3336525726318359,0.4213324991861979,-0.7184278853024599,0.6929481585038617,0.060697802645095444,0.4698789163919983,26.92207879144198,1
12.319999999999782,,,,,17.12163,0.011057312,-0.55897874,-0.30705348,13.640446,-10.235727,1.7833595,-0.39530498,0.188251,-0.38417685,-0.81283766,-11.332171,4.147048,-0.46383414,0.011057312,-0.55897874,-0.30705348,1,-0.33269485473632815,-0.15733500162760417,0.3336525726318359,0.4213324991861979,-0.7184278853024599,0.6929481585038617,0.060697802645095444,0.4698789163919983,26.92207879144198,1
12.329999999999782,,,,,16.76825,-0.20874679,-0.6693358,-0.30369857,13.5271225,-10.193595,1.778774,-0.39763504,0.18654619,-0.38282597,-0.81273156,-11.332338,4.2792864,-0.45317814,0.011057312,-0.55897874,-0.30705348,1,-0.33269485473632815,-0.15733500162760417,0.3336525726318359,0.4213324991861979,-0.7184278853024599,0.6929481585038617,0.060697802645095444,0.4698789163919983,26.92207879144198,1
12.339999999999781,,,,,16.76825,-0.20874679,-0.6693358,-0.30369857,13.4138,-10.150157,1.774287,-0.39995274,0.18482123,-0.38036087,-0.8131457,-11.331978,4.4082427,-0.44409832,-0.20874679,-0.6693358,-0.30369857,1,-0.36470516204833986,-0.10501100540161133,0.31764741897583004,0.4474944972991943,-0.7329848193681507,0.6779876341389025,0.055371676248537754,0.37544399947915297,21.511356613667346,0
12.349999999999781,,,,,16.76825,-0.20874679,-0.6693358,-0.30369857,13.300485,-10.105433,1.7698951,-0.40226462,0.18309358,-0.37789023,-0.81354797,-11.331207,4.536491,-0.4341744,-0.20874679,-0.6693358,-0.30369857,1,-0.36470516204833986,-0.10501100540161133,0.31764741897583004,0.4474944972991943,-0.7329848193681507,0.6779876341389025,0.055371676248537754,0.37544399947915297,21.511356613667346,0
12.359999999999781,,,,,16.76825,-0.20874679,-0.6693358,-0.30369857,13.187179,-10.05943,1.7656064,-0.40457064,0.18136324,-0.37541407,-0.8139384,-11.33003,4.664024,-0.42341065,-0.20874679,-0.6693358,-0.30369857,1,-0.36470516204833986,-0.10501100540161133,0.31764741897583004,0.4474944972991943,-0.7329848193681507,0.6779876341389025,0.055371676248537754,0.37544399947915297,21.511356613667346,0
12.36999999999978,,,,,16.706867,-0.28536758,-1.320658,-0.05311536,13.073885,-10.0121565,1.7614297,-0.40687072,0.17963026,-0.37293243,-0.81431687,-11.32845,4.7908344,-0.41181156,-0.20874679,-0.6693358,-0.30369857,1,-0.36470516204833986,-0.10501100540161133,0.31764741897583004,0.4474944972991943,-0.7329848193681507,0.6779876341389025,0.055371676248537754,0.37544399947915297,21.511356613667346,0
12.37999999999978,,,,,16.706867,-0.28536758,-1.320658,-0.05311536,12.96061,-9.963619,1.7573718,-0.40928394,0.17492859,-0.36902764,-0.81590843,-11.326268,4.916218,-0.39952242,-0.28536758,-1.320658,-0.05311536,1,-0.36470516204833986,-0.10501100540161133,0.31764741897583004,0.4474944972991943,-0.7329848193681507,0.6779876341389025,0.055371676248537754,0.37544399947915297,21.511356613667346,0
12.38999999999978,,,,,16.706867,-0.28536758,-1.320658,-0.05311536,12.847363,-9.9138365,1.7534444,-0.41167846,0.17021894,-0.365106,-0.81746274,-11.323134,5.0402284,-0.38571563,-0.28536758,-1.320658,-0.05311536,1,-0.36470516204833986,-0.10501100540161133,0.31764741897583004,0.4474944972991943,-0.7329848193681507,0.6779876341389025,0.055371676248537754,0.37544399947915297,21.511356613667346,0
12.39999999999978,,,,,16.706867,-0.28536758,-1.320658,-0.05311536,12.734152,-9.86282,1.7496626,-0.41405416,0.1655015,-0.36116764,-0.8189797,-11.31905,5.1628428,-0.37041128,-0.28536758,-1.320658,-0.05311536,1,-0.36470516204833986,-0.10501100540161133,0.31764741897583004,0.4474944972991943,-0.7329848193681507,0.6779876341389025,0.055371676248537754,0.37544399947915297,21.511356613667346,0
12.40999999999978,,,,,16.467915,-0.42658892,-1.431995,0.03263975,12.620985,-9.810584,1.7460413,-0.41641092,0.16077651,-0.35721278,-0.8204591,-11.314016,5.2840385,-0.35362968,-0.28536758,-1.320658,-0.05311536,1,-0.42971023559570315,-0.03118886947631836,0.2851448822021484,0.4844055652618408,-0.7684801670251626,0.635399193649354,0.07553871589277442,0.25395604889771706,14.55060978365715,0
12.41999999999978,,,,,16.467915,-0.42658892,-1.431995,0.03263975,12.507874,-9.757152,1.742587,-0.4184801,0.15572749,-0.3524976,-0.82241726,-11.308149,5.402006,-0.33697787,-0.42658892,-1.431995,0.03263975,1,-0.42971023559570315,-0.03118886947631836,0.2851448822021484,0.4844055652618408,-0.7684801670251626,0.635399193649354,0.07553871589277442,0.25395604889771706,14.55060978365715,0
12.42999999999978,,,,,16.467915,-0.42658892,-1.431995,0.03263975,12.394825,-9.702549,1.7393073,-0.4205259,0.15066977,-0.3477628,-0.82432944,-11.301425,5.5183315,-0.31870732,-0.42658892,-1.431995,0.03263975,1,-0.42971023559570315,-0.03118886947631836,0.2851448822021484,0.4844055652618408,-0.7684801670251626,0.635399193649354,0.07553871589277442,0.25395604889771706,14.55060978365715,0
12.43999999999978,,,,,16.467915,-0.42658892,-1.431995,0.03263975,12.281847,-9.646791,1.7362183,-0.4225482,0.14560364,-0.34300852,-0.8261956,-11.293845,5.6329875,-0.29884422,-0.42658892,-1.431995,0.03263975,1,-0.42971023559570315,-0.03118886947631836,0.2851448822021484,0.4844055652618408,-0.7684801670251626,0.635399193649354,0.07553871589277442,0.25395604889771706,14.55060978365715,0
12.449999999999779,,,,,16.105757,-0.37136224,-1.106156,-0.04823231,12.16895,-9.589895,1.7333357,-0.42454693,0.14052938,-0.33823508,-0.82801557,-11.285408,5.7459497,-0.27741516,-0.42658892,-1.431995,0.03263975,1,-0.42971023559570315,-0.03118886947631836,0.2851448822021484,0.4844055652618408,-0.7684801670251626,0.635399193649354,0.07553871589277442,0.25395604889771706,14.55060978365715,0
12.459999999999779,,,,,16.105757,-0.37136224,-1.106156,-0.04823231,12.056142,-9.531889,1.7306616,-0.42634913,0.13681732,-0.33430988,-0.82930434,-11.276413,5.8548803,-0.25722533,-0.37136224,-1.106156,-0.04823231,1,-0.42971023559570315,-0.03118886947631836,0.2851448822021484,0.4844055652618408,-0.7684801670251626,0.635399193649354,0.07553871589277442,0.25395604889771706,14.55060978365715,0
12.469999999999779,,,,,16.105757,-0.37136224,-1.106156,-0.04823231,11.943425,-9.472801,1.7281953,-0.4281368,0.13310058,-0.3303733,-0.8305648,-11.266829,5.962469,-0.23585951,-0.37136224,-1.106156,-0.04823231,1,-0.2688747024536133,-0.005397241910298665,0.36556264877319333,0.49730137904485067,-0.6759078038624418,0.7348227348659124,0.05642861864366598,0.3403977942846934,19.503356968075348,0
12.479999999999778,,,,,16.105757,-0.37136224,-1.106156,-0.04823231,11.830808,-9.412644,1.7259485,-0.42990988,0.12937932,-0.32642543,-0.831797,-11.256657,6.0687013,-0.21333376,-0.37136224,-1.106156,-0.04823231,1,-0.2688747024536133,-0.005397241910298665,0.36556264877319333,0.49730137904485067,-0.6759078038624418,0.7348227348659124,0.05642861864366598,0.3403977942846934,19.503356968075348,0
12.489999999999778,,,,,15.141705,-0.35667697,-0.7296251,-0.06322121,11.718295,-9.351433,1.7239326,-0.43166828,0.12565362,-0.32246646,-0.83300084,-11.245899,6.173562,-0.18966421,-0.37136224,-1.106156,-0.04823231,1,-0.2688747024536133,-0.005397241910298665,0.36556264877319333,0.49730137904485067,-0.6759078038624418,0.7348227348659124,0.05642861864366598,0.3403977942846934,19.503356968075348,0
12.499999999999778,,,,,15.141705,-0.35667697,-0.7296251,-0.06322121,11.605889,-9.289208,1.7221221,-0.43288034,0.12348546,-0.31936374,-0.833891,-11.235358,6.2709837,-0.17233059,-0.35667697,-0.7296251,-0.06322121,1,-0.2688747024536133,-0.005397241910298665,0.36556264877319333,0.49730137904485067,-0.6759078038624418,0.7348227348659124,0.05642861864366598,0.3403977942846934,19.503356968075348,0
12.509999999999778,,,,,15.141705,-0.35667697,-0.7296251,-0.06322121,11.49359,-9.226016,1.7204887,-0.43408522,0.12131524,-0.31625572,-0.8347673,-11.224592,6.367468,-0.15423313,-0.35667697,-0.7296251,-0.06322121,1,-0.2688747024536133,-0.005397241910298665,0.36556264877319333,0.49730137904485067,-0.6759078038624418,0.7348227348659124,0.05642861864366598,0.3403977942846934,19.503356968075348,0
12.519999999999778,,,,,15.141705,-0.35667697,-0.7296251,-0.06322121,11.381399,-9.161863,1.71904,-0.43528286,0.11914302,-0.31314242,-0.83562976,-11.213603,6.463009,-0.13537933,-0.35667697,-0.7296251,-0.06322121,1,-0.2688747024536133,-0.005397241910298665,0.36556264877319333,0.49730137904485067,-0.6759078038624418,0.7348227348659124,0.05642861864366598,0.3403977942846934,19.503356968075348,0
12.529999999999777,,,,,14.277623,-0.36039677,-0.40732923,-0.06972634,11.26932,-9.096759,1.7177837,-0.4364733,0.11696882,-0.31002396,-0.8364783,-11.202392,6.5575995,-0.11577682,-0.35667697,-0.7296251,-0.06322121,1,-0.2688747024536133,-0.005397241910298665,0.36556264877319333,0.49730137904485067,-0.6759078038624418,0.7348227348659124,0.05642861864366598,0.3403977942846934,19.503356968075348,0
12.539999999999777,,,,,14.277623,-0.36039677,-0.40732923,-0.06972634,11.157349,-9.030742,1.716693,-0.43718395,0.11615937,-0.30758575,-0.8371199,-11.191716,6.646004,-0.10227156,-0.36039677,-0.40732923,-0.06972634,1,-0.2731542205810547,0.3075635528564453,0.3634228897094727,0.6537817764282227,-0.7440235947288014,0.6478968206694953,-0.16327461607118401,0.18057496924410055,10.346183623391607,0
12.549999999999777,,,,,14.277623,-0.36039677,-0.40732923,-0.06972634,11.045485,-8.963841,1.7157397,-0.43789127,0.115349054,-0.30514523,-0.83775514,-11.181111,6.733804,-0.08828365,-0.36039677,-0.40732923,-0.06972634,1,-0.2731542205810547,0.3075635528564453,0.3634228897094727,0.6537817764282227,-0.7440235947288014,0.6478968206694953,-0.16327461607118401,0.18057496924410055,10.346183623391607,0
12.559999999999777,,,,,14.277623,-0.36039677,-0.40732923,-0.06972634,10.933727,-8.896068,1.7149289,-0.4385953,0.114537865,-0.30270243,-0.8383841,-11.170576,6.8209977,-0.07381641,-0.36039677,-0.40732923,-0.06972634,1,-0.2731542205810547,0.3075635528564453,0.3634228897094727,0.6537817764282227,-0.7440235947288014,0.6478968206694953,-0.16327461607118401,0.18057496924410055,10.346183623391607,0
12.569999999999776,,,,,13.661233,-0.5055958,-0.20907286,-0.02129745,10.822073,-8.827424,1.7142651,-0.43929607,0.11372582,-0.30025735,-0.8390068,-11.160112,6.907582,-0.058873165,-0.36039677,-0.40732923,-0.06972634,1,-0.2731542205810547,0.3075635528564453,0.3634228897094727,0.6537817764282227,-0.7440235947288014,0.6478968206694953,-0.16327461607118401,0.18057496924410055,10.346183623391607,0
12.579999999999776,,,,,13.661233,-0.5055958,-0.20907286,-0.02129745,10.710522,-8.757936,1.7137285,-0.43941015,0.113990836,-0.29766393,-0.8398348,-11.15029,6.9898777,-0.04837408,-0.5055958,-0.20907286,-0.02129745,1,-0.2731542205810547,0.3075635528564453,0.3634228897094727,0.6537817764282227,-0.7440235947288014,0.6478968206694953,-0.16327461607118401,0.18057496924410055,10.346183623391607,0
12.589999999999776,,,,,13.661233,-0.5055958,-0.20907286,-0.02129745,10.599067,-8.687628,1.713299,-0.43952096,0.11425499,-0.29506826,-0.8406565,-11.140856,7.071681,-0.03746904,-0.5055958,-0.20907286,-0.02129745,1,-0.2731542205810547,0.3075635528564453,0.3634228897094727,0.6537817764282227,-0.7440235947288014,0.6478968206694953,-0.16327461607118401,0.18057496924410055,10.346183623391607,0
12.599999999999776,,,,,13.661233,-0.5055958,-0.20907286,-0.02129745,10.487704,-8.616504,1.7129805,-0.43962842,0.114518285,-0.29247037,-0.8414719,-11.131811,7.152989,-0.026161348,-0.5055958,-0.20907286,-0.02129745,1,-0.2731542205810547,0.3075635528564453,0.3634228897094727,0.6537817764282227,-0.7440235947288014,0.6478968206694953,-0.16327461607118401,0.18057496924410055,10.346183623391607,0
12.609999999999776,,,,,13.377036,-0.6032769,-0.012988128,0.11444057,10.3764305,-8.544568,1.7127773,-0.43973264,0.114780724,-0.2898703,-0.84228104,-11.123156,7.2338,-0.014454324,-0.5055958,-0.20907286,-0.02129745,1,-0.3903160858154297,0.18063814798990885,0.3048419570922851,0.5903190739949544,-0.7856627547684896,0.6186546395553539,-0.0006875508877103951,0.09041719716920937,5.180523793197912,0
12.619999999999775,,,,,13.377036,-0.6032769,-0.012988128,0.11444057,10.26524,-8.471836,1.7126813,-0.4389212,0.11588602,-0.2873654,-0.8434105,-11.11516,7.3124847,-0.004669003,-0.6032769,-0.012988128,0.11444057,1,-0.3903160858154297,0.18063814798990885,0.3048419570922851,0.5903190739949544,-0.7856627547684896,0.6186546395553539,-0.0006875508877103951,0.09041719716920937,5.180523793197912,0
12.629999999999775,,,,,13.377036,-0.6032769,-0.012988128,0.11444057,10.154126,-8.398319,1.7126849,-0.43810567,0.11699022,-0.2848578,-0.84453195,-11.107805,7.390795,0.0054336237,-0.6032769,-0.012988128,0.11444057,1,-0.3903160858154297,0.18063814798990885,0.3048419570922851,0.5903190739949544,-0.7856627547684896,0.6186546395553539,-0.0006875508877103951,0.09041719716920937,5.180523793197912,0
12.639999999999775,,,,,13.377036,-0.6032769,-0.012988128,0.11444057,10.043082,-8.324022,1.7127911,-0.437286,0.11809333,-0.28234753,-0.8456455,-11.101091,7.4687285,0.015850022,-0.6032769,-0.012988128,0.11444057,1,-0.3903160858154297,0.18063814798990885,0.3048419570922851,0.5903190739949544,-0.7856627547684896,0.6186546395553539,-0.0006875508877103951,0.09041719716920937,5.180523793197912,0
12.649999999999775,,,,,13.094655,-0.6995068,0.03231021,0.24676836,9.932101,-8.248947,1.7130029,-0.43646216,0.11919531,-0.2798346,-0.8467511,-11.095018,7.546281,0.026576651,-0.6032769,-0.012988128,0.11444057,1,-0.3903160858154297,0.18063814798990885,0.3048419570922851,0.5903190739949544,-0.7856627547684896,0.6186546395553539,-0.0006875508877103951,0.09041719716920937,5.180523793197912,0
12.659999999999775,,,,,13.094655,-0.6995068,0.03231021,0.24676836,9.8211775,-8.173107,1.713312,-0.43495232,0.120512545,-0.27708873,-0.84824324,-11.08975,7.621812,0.03531368,-0.6995068,0.03231021,0.24676836,1,-0.3903160858154297,0.18063814798990885,0.3048419570922851,0.5903190739949544,-0.7856627547684896,0.6186546395553539,-0.0006875508877103951,0.09041719716920937,5.180523793197912,0
12.669999999999774,,,,,13.094655,-0.6995068,0.03231021,0.24676836,9.710302,-8.096513,1.7137102,-0.43343645,0.12182811,-0.27433905,-0.8497237,-11.085245,7.696944,0.044366937,-0.6995068,0.03231021,0.24676836,1,-0.4112923812866211,0.2493641153971354,0.2943538093566894,0.6246820576985677,-0.8207618845192581,0.5687444231907197,-0.05366292956829208,-0.0009413541714260454,-0.053935621049746994,0
12.679999999999774,,,,,13.094655,-0.6995068,0.03231021,0.24676836,9.599469,-8.019168,1.7142004,-0.43191463,0.123142004,-0.27158555,-0.8511925,-11.0815,7.7716713,0.053732216,-0.6995068,0.03231021,0.24676836,1,-0.4112923812866211,0.2493641153971354,0.2943538093566894,0.6246820576985677,-0.8207618845192581,0.5687444231907197,-0.05366292956829208,-0.0009413541714260454,-0.053935621049746994,0
12.689999999999774,,,,,12.709575,-0.6507912,-0.30558398,0.24557745,9.48867,-7.941079,1.7147858,-0.43038684,0.12445421,-0.26882833,-0.8526495,-11.078515,7.8459883,0.06340529,-0.6995068,0.03231021,0.24676836,1,-0.4112923812866211,0.2493641153971354,0.2943538093566894,0.6246820576985677,-0.8207618845192581,0.5687444231907197,-0.05366292956829208,-0.0009413541714260454,-0.053935621049746994,0
12.699999999999774,,,,,12.709575,-0.6507912,-0.30558398,0.24557745,9.377897,-7.8622603,1.7154539,-0.4293425,0.1242209,-0.2655471,-0.8542368,-11.076241,7.9176207,0.07026687,-0.6507912,-0.30558398,0.24557745,1,-0.4112923812866211,0.2493641153971354,0.2943538093566894,0.6246820576985677,-0.8207618845192581,0.5687444231907197,-0.05366292956829208,-0.0009413541714260454,-0.053935621049746994,0
12.709999999999773,,,,,12.709575,-0.6507912,-0.30558398,0.24557745,9.267144,-7.7827287,1.7161927,-0.428292,0.123985805,-0.26226205,-0.85581166,-11.074394,7.9885883,0.077587076,-0.6507912,-0.30558398,0.24557745,1,-0.4112923812866211,0.2493641153971354,0.2943538093566894,0.6246820576985677,-0.8207618845192581,0.5687444231907197,-0.05366292956829208,-0.0009413541714260454,-0.053935621049746994,0
12.719999999999773,,,,,12.709575,-0.6507912,-0.30558398,0.24557745,9.156408,-7.702491,1.717007,-0.4272354,0.12374892,-0.2589732,-0.85737413,-11.072974,8.0588875,0.085361004,-0.6507912,-0.30558398,0.24557745,1,-0.4112923812866211,0.2493641153971354,0.2943538093566894,0.6246820576985677,-0.8207618845192581,0.5687444231907197,-0.05366292956829208,-0.0009413541714260454,-0.053935621049746994,0
12.729999999999773,,,,,12.5519285,-0.4313344,-0.8816536,0.1800524,9.045684,-7.6215534,1.7179015,-0.42617258,0.12351025,-0.25568065,-0.8589242,-11.071979,8.128513,0.093583755,-0.6507912,-0.30558398,0.24557745,1,-0.4112923812866211,0.2493641153971354,0.2943538093566894,0.6246820576985677,-0.8207618845192581,0.5687444231907197,-0.05366292956829208,-0.0009413541714260454,-0.053935621049746994,0
12.739999999999773,,,,,12.5519285,-0.4313344,-0.8816536,0.1800524,8.934968,-7.5399275,1.7188737,-0.42625475,0.12041129,-0.25205758,-0.86039305,-11.071166,8.196477,0.1010076,-0.4313344,-0.8816536,0.1800524,1,-0.3362373733520508,0.18961110432942707,0.33188131332397464,0.5948055521647135,-0.7913624629920593,0.6112635933104195,-0.010112945188010626,0.020402933643074217,1.1690019874336297,0
12.749999999999773,,,,,12.5519285,-0.4313344,-0.8816536,0.1800524,8.824262,-7.457628,1.7199237,-0.4263263,0.11730934,-0.2484282,-0.8618405,-11.070109,8.263419,0.1090791,-0.4313344,-0.8816536,0.1800524,1,-0.3362373733520508,0.18961110432942707,0.33188131332397464,0.5948055521647135,-0.7913624629920593,0.6112635933104195,-0.010112945188010626,0.020402933643074217,1.1690019874336297,0
12.759999999999772,,,,,12.5519285,-0.4313344,-0.8816536,0.1800524,8.713567,-7.374663,1.7210577,-0.42638725,0.11420446,-0.24479266,-0.86326647,-11.068809,8.329337,0.11778777,-0.4313344,-0.8816536,0.1800524,1,-0.3362373733520508,0.18961110432942707,0.33188131332397464,0.5948055521647135,-0.7913624629920593,0.6112635933104195,-0.010112945188010626,0.020402933643074217,1.1690019874336297,0
12.769999999999772,,,,,12.417384,-0.037833177,-1.2369696,0.16097605,8.602885,-7.291044,1.7222817,-0.4264376,0.11109674,-0.24115103,-0.864671,-11.067264,8.394224,0.12712309,-0.4313344,-0.8816536,0.1800524,1,-0.3362373733520508,0.18961110432942707,0.33188131332397464,0.5948055521647135,-0.7913624629920593,0.6112635933104195,-0.010112945188010626,0.020402933643074217,1.1690019874336297,0
12.779999999999772,,,,,12.417384,-0.037833177,-1.2369696,0.16097605,8.492222,-7.206785,1.7235965,-0.4272038,0.105633326,-0.23843476,-0.8657301,-11.065243,8.45737,0.13592227,-0.037833177,-1.2369696,0.16097605,1,-0.3362373733520508,0.18961110432942707,0.33188131332397464,0.5948055521647135,-0.7913624629920593,0.6112635933104195,-0.010112945188010626,0.020402933643074217,1.1690019874336297,0
12.789999999999772,,,,,12.417384,-0.037833177,-1.2369696,0.16097605,8.381584,-7.1219,1.7250023,-0.42795333,0.1001658,-0.2357092,-0.86675555,-11.062318,8.519433,0.14533259,-0.037833177,-1.2369696,0.16097605,1,-0.3362373733520508,0.18961110432942707,0.33188131332397464,0.5948055521647135,-0.7913624629920593,0.6112635933104195,-0.010112945188010626,0.020402933643074217,1.1690019874336297,0
12.799999999999772,,,,,12.417384,-0.037833177,-1.2369696,0.16097605,8.270979,-7.0364,1.7265052,-0.4286863,0.09469437,-0.23297447,-0.8677472,-11.058488,8.580406,0.15533683,-0.037833177,-1.2369696,0.16097605,1,-0.3362373733520508,0.18961110432942707,0.33188131332397464,0.5948055521647135,-0.7913624629920593,0.6112635933104195,-0.010112945188010626,0.020402933643074217,1.1690019874336297,0
12.809999999999771,,,,,12.401691,0.0755016,-1.5226626,0.25870728,8.160417,-6.9502954,1.728111,-0.42940253,0.08921925,-0.23023066,-0.86870503,-11.053752,8.640281,0.16591765,-0.037833177,-1.2369696,0.16097605,1,-0.2559511375427246,0.07575417836507162,0.3720244312286377,0.5378770891825359,-0.7140885755898572,0.6858227228988963,0.14044464734404286,0.10175194947926292,5.82995726239014,0
12.819999999999771,,,,,12.401691,0.0755016,-1.5226626,0.25870728,8.049907,-6.8635983,1.7298249,-0.43005246,0.082143016,-0.227398,-0.8698268,-11.04799,8.698908,0.17694835,0.0755016,-1.5226626,0.25870728,1,-0.2559511375427246,0.07575417836507162,0.3720244312286377,0.5378770891825359,-0.7140885755898572,0.6858227228988963,0.14044464734404286,0.10175194947926292,5.82995726239014,0
12.829999999999771,,,,,12.401691,0.0755016,-1.5226626,0.25870728,7.9394608,-6.7763214,1.7316521,-0.43067673,0.07506187,-0.22455174,-0.8708966,-11.040992,8.756245,0.18859118,0.0755016,-1.5226626,0.25870728,1,-0.2559511375427246,0.07575417836507162,0.3720244312286377,0.5378770891825359,-0.7140885755898572,0.6858227228988963,0.14044464734404286,0.10175194947926292,5.82995726239014,0
12.83999999999977,,,,,12.401691,0.0755016,-1.5226626,0.25870728,7.829091,-6.688478,1.7335988,-0.43127528,0.06797624,-0.22169203,-0.8719143,-11.032753,8.812278,0.20081897,0.0755016,-1.5226626,0.25870728,1,-0.2559511375427246,0.07575417836507162,0.3720244312286377,0.5378770891825359,-0.7140885755898572,0.6858227228988963,0.14044464734404286,0.10175194947926292,5.82995726239014,0
12.84999999999977,,,,,12.5079365,-0.14031455,-1.5753903,0.3501637,7.7188106,-6.6000805,1.7356706,-0.43184796,0.060886543,-0.21881907,-0.87288,-11.023273,8.866999,0.2136044,0.0755016,-1.5226626,0.25870728,1,-0.2559511375427246,0.07575417836507162,0.3720244312286377,0.5378770891825359,-0.7140885755898572,0.6858227228988963,0.14044464734404286,0.10175194947926292,5.82995726239014,0
12.85999999999977,,,,,12.5079365,-0.14031455,-1.5753903,0.3501637,7.6086307,-6.5111403,1.7378778,-0.43198645,0.05392885,-0.21490449,-0.8742406,-11.012522,8.920784,0.22791491,-0.14031455,-1.5753903,0.3501637,1,-0.2559511375427246,0.07575417836507162,0.3720244312286377,0.5378770891825359,-0.7140885755898572,0.6858227228988963,0.14044464734404286,0.10175194947926292,5.82995726239014,0
12.86999999999977,,,,,12.5079365,-0.14031455,-1.5753903,0.3501637,7.498564,-6.42167,1.7402312,-0.4320966,0.046967614,-0.21097581,-0.8755438,-11.000685,8.973035,0.24283864,-0.14031455,-1.5753903,0.3501637,1,-0.22135881423950196,0.22788670857747395,0.389320592880249,0.6139433542887369,-0.7160308836381815,0.6930244974398683,0.0837664588277641,0.08484327994236196,4.861161860744291,0
12.87999999999977,,,,,12.5079365,-0.14031455,-1.5753903,0.3501637,7.388621,-6.3316846,1.7427367,-0.43217838,0.040003303,-0.2070333,-0.87678957,-10.987759,9.02374,0.25834522,-0.14031455,-1.5753903,0.3501637,1,-0.22135881423950196,0.22788670857747395,0.389320592880249,0.6139433542887369,-0.7160308836381815,0.6930244974398683,0.0837664588277641,0.08484327994236196,4.861161860744291,0
12.88999999999977,,,,,12.478496,-0.48284265,-1.791877,0.4754901,7.2788124,-6.2412004,1.7454,-0.43223184,0.033036366,-0.20307721,-0.8779778,-10.973741,9.07289,0.2744041,-0.14031455,-1.5753903,0.3501637,1,-0.22135881423950196,0.22788670857747395,0.389320592880249,0.6139433542887369,-0.7160308836381815,0.6930244974398683,0.0837664588277641,0.08484327994236196,4.861161860744291,0
12.89999999999977,,,,,12.478496,-0.48284265,-1.791877,0.4754901,7.16915,-6.1502333,1.7482255,-0.43186438,0.025729515,-0.19715436,-0.8797514,-10.958724,9.120202,0.29078966,-0.48284265,-1.791877,0.4754901,1,-0.22135881423950196,0.22788670857747395,0.389320592880249,0.6139433542887369,-0.7160308836381815,0.6930244974398683,0.0837664588277641,0.08484327994236196,4.861161860744291,0
12.90999999999977,,,,,12.478496,-0.48284265,-1.791877,0.4754901,7.059642,-6.0588036,1.7512182,-0.43145725,0.018420301,-0.19121343,-0.8814442,-10.942772,9.165508,0.30785814,-0.48284265,-1.791877,0.4754901,1,-0.22135881423950196,0.22788670857747395,0.389320592880249,0.6139433542887369,-0.7160308836381815,0.6930244974398683,0.0837664588277641,0.08484327994236196,4.861161860744291,0
12.919999999999769,,,,,12.478496,-0.48284265,-1.791877,0.4754901,6.950298,-5.96693,1.7543849,-0.4310105,0.011109399,-0.18525495,-0.8830562,-10.925882,9.208797,0.325567,-0.48284265,-1.791877,0.4754901,1,-0.22135881423950196,0.22788670857747395,0.389320592880249,0.6139433542887369,-0.7160308836381815,0.6930244974398683,0.0837664588277641,0.08484327994236196,4.861161860744291,0
12.929999999999769,,,,,12.193957,-0.68479854,-2.075479,0.655511,6.841127,-5.8746343,1.7577316,-0.4305243,0.003797476,-0.17927948,-0.8845872,-10.908049,9.250057,0.34387347,-0.48284265,-1.791877,0.4754901,1,-0.22135881423950196,0.22788670857747395,0.389320592880249,0.6139433542887369,-0.7160308836381815,0.6930244974398683,0.0837664588277641,0.08484327994236196,4.861161860744291,0
12.939999999999769,,,,,12.193957,-0.68479854,-2.075479,0.655511,6.732137,-5.781941,1.761251,-0.42944446,-0.004495789,-0.17178386,-0.8865939,-10.889686,9.288232,0.3601157,-0.68479854,-2.075479,0.655511,1,-0.07832404613494873,0.21991345723470052,0.46083797693252565,0.6099567286173503,-0.6109133800866664,0.7722232943954584,0.17451654828155969,0.19530241113797686,11.190003886934875,0
12.949999999999768,,,,,12.193957,-0.68479854,-2.075479,0.655511,6.623336,-5.6888776,1.764936,-0.42830873,-0.012788467,-0.16426592,-0.88848513,-10.87036,9.323999,0.3769761,-0.68479854,-2.075479,0.655511,1,-0.07832404613494873,0.21991345723470052,0.46083797693252565,0.6099567286173503,-0.6109133800866664,0.7722232943954584,0.17451654828155969,0.19530241113797686,11.190003886934875,0
12.959999999999768,,,,,12.193957,-0.68479854,-2.075479,0.655511,6.514733,-5.595469,1.7687925,-0.42711726,-0.02107948,-0.15672658,-0.8902608,-10.850067,9.357348,0.39439544,-0.68479854,-2.075479,0.655511,1,-0.07832404613494873,0.21991345723470052,0.46083797693252565,0.6099567286173503,-0.6109133800866664,0.7722232943954584,0.17451654828155969,0.19530241113797686,11.190003886934875,0
12.969999999999768,,,,,12.134875,-0.58113056,-2.4186287,0.55569863,6.406338,-5.501739,1.7728257,-0.4258702,-0.02936775,-0.14916684,-0.8919206,-10.828799,9.388268,0.41231412,-0.68479854,-2.075479,0.655511,1,-0.07832404613494873,0.21991345723470052,0.46083797693252565,0.6099567286173503,-0.6109133800866664,0.7722232943954584,0.17451654828155969,0.19530241113797686,11.190003886934875,0
12.979999999999768,,,,,12.134875,-0.58113056,-2.4186287,0.55569863,6.2981606,-5.4077125,1.7770375,-0.4252467,-0.039328247,-0.14133163,-0.8931096,-10.806523,9.416519,0.4301042,-0.58113056,-2.4186287,0.55569863,1,-0.07832404613494873,0.21991345723470052,0.46083797693252565,0.6099567286173503,-0.6109133800866664,0.7722232943954584,0.17451654828155969,0.19530241113797686,11.190003886934875,0
12.989999999999768,,,,,12.134875,-0.58113056,-2.4186287,0.55569863,6.1902122,-5.3134174,1.781429,-0.42455408,-0.049282357,-0.13347346,-0.89415365,-10.782911,9.442088,0.448252,-0.58113056,-2.4186287,0.55569863,1,-0.07832404613494873,0.21991345723470052,0.46083797693252565,0.6099567286173503,-0.6109133800866664,0.7722232943954584,0.17451654828155969,0.19530241113797686,11.190003886934875,0
12.999999999999767,,,,,12.134875,-0.58113056,-2.4186287,0.55569863,6.082507,-5.2188807,1.7860036,-0.4237925,-0.05922846,-0.12559359,-0.89505243,-10.757962,9.464965,0.46668115,-0.58113056,-2.4186287,0.55569863,1,-0.07832404613494873,0.21991345723470052,0.46083797693252565,0.6099567286173503,-0.6109133800866664,0.7722232943954584,0.17451654828155969,0.19530241113797686,11.190003886934875,0
13.009999999999767,,,,,12.157386,-0.48421177,-2.702841,0.5728631,5.975058,-5.124128,1.7907635,-0.42296213,-0.06916495,-0.11769335,-0.89580595,-10.731677,9.485143,0.48531505,-0.58113056,-2.4186287,0.55569863,1,-0.0806464672088623,0.16521447499593098,0.45967676639556887,0.5826072374979655,-0.5706150739833453,0.7269393361723042,0.38204402739520915,0.18147864170824457,10.397960241649246,0
13.019999999999767,,,,,12.157386,-0.48421177,-2.702841,0.5728631,5.867879,-5.029187,1.7957114,-0.42211267,-0.08057697,-0.109599136,-0.8962796,-10.703893,9.502575,0.504277,-0.48421177,-2.702841,0.5728631,1,-0.0806464672088623,0.16521447499593098,0.45967676639556887,0.5826072374979655,-0.5706150739833453,0.7269393361723042,0.38204402739520915,0.18147864170824457,10.397960241649246,0
13.029999999999767,,,,,12.157386,-0.48421177,-2.702841,0.5728631,5.760986,-4.934087,1.800849,-0.42118022,-0.09197314,-0.10148336,-0.8965769,-10.674471,9.517098,0.52323574,-0.48421177,-2.702841,0.5728631,1,-0.0806464672088623,0.16521447499593098,0.45967676639556887,0.5826072374979655,-0.5706150739833453,0.7269393361723042,0.38204402739520915,0.18147864170824457,10.397960241649246,0
13.039999999999766,,,,,12.157386,-0.48421177,-2.702841,0.5728631,5.654395,-4.8388553,1.8061758,-0.4201649,-0.10335123,-0.09334763,-0.8966979,-10.643417,9.528711,0.5420978,-0.48421177,-2.702841,0.5728631,1,-0.0806464672088623,0.16521447499593098,0.45967676639556887,0.5826072374979655,-0.5706150739833453,0.7269393361723042,0.38204402739520915,0.18147864170824457,10.397960241649246,0
13.049999999999766,,,,,12.286318,-0.40316972,-2.35602,0.49676514,5.548123,-4.743522,1.8116903,-0.41906694,-0.11470898,-0.085193545,-0.89664245,-10.610739,9.537414,0.56077,-0.48421177,-2.702841,0.5728631,1,-0.0806464672088623,0.16521447499593098,0.45967676639556887,0.5826072374979655,-0.5706150739833453,0.7269393361723042,0.38204402739520915,0.18147864170824457,10.397960241649246,0
13.059999999999766,,,,,12.286318,-0.40316972,-2.35602,0.49676514,5.442187,-4.6481156,1.8173964,-0.41804346,-0.12462956,-0.07815832,-0.8964369,-10.576154,9.543417,0.580409,-0.40316972,-2.35602,0.49676514,1,-0.0806464672088623,0.16521447499593098,0.45967676639556887,0.5826072374979655,-0.5706150739833453,0.7269393361723042,0.38204402739520915,0.18147864170824457,10.397960241649246,0
13.069999999999766,,,,,12.286318,-0.40316972,-2.35602,0.49676514,5.336604,-4.5526624,1.8232974,-0.4169577,-0.13453156,-0.07111143,-0.8960979,-10.540136,9.546879,0.59972036,-0.40316972,-2.35602,0.49676514,1,-0.014319694042205811,-0.15217451731363932,0.4928401529788971,0.42391274134318035,-0.3037822774382363,0.5988991475576846,0.7409697287805468,0.36538724919357035,20.93514726668647,0
13.079999999999766,,,,,12.286318,-0.40316972,-2.35602,0.49676514,5.231389,-4.457187,1.8293896,-0.41580984,-0.14441352,-0.06405395,-0.89562535,-10.502694,9.547802,0.618633,-0.40316972,-2.35602,0.49676514,1,-0.014319694042205811,-0.15217451731363932,0.4928401529788971,0.42391274134318035,-0.3037822774382363,0.5988991475576846,0.7409697287805468,0.36538724919357035,20.93514726668647,0
13.089999999999765,,,,,13.269051,-0.51842993,-2.2641234,0.43682742,5.1265554,-4.3617153,1.8356687,-0.41459998,-0.15427396,-0.056986928,-0.8950193,-10.463839,9.546196,0.63707614,-0.40316972,-2.35602,0.49676514,1,-0.014319694042205811,-0.15217451731363932,0.4928401529788971,0.42391274134318035,-0.3037822774382363,0.5988991475576846,0.7409697287805468,0.36538724919357035,20.93514726668647,0
13.099999999999765,,,,,13.269051,-0.51842993,-2.2641234,0.43682742,5.022133,-4.2662735,1.8421758,-0.41366124,-0.1634449,-0.049632616,-0.8942636,-10.420428,9.541736,0.6642822,-0.51842993,-2.2641234,0.43682742,1,-0.014319694042205811,-0.15217451731363932,0.4928401529788971,0.42391274134318035,-0.3037822774382363,0.5988991475576846,0.7409697287805468,0.36538724919357035,20.93514726668647,0
13.109999999999765,,,,,13.269051,-0.51842993,-2.2641234,0.43682742,4.9181514,-4.17089,1.8489522,-0.4126647,-0.17259304,-0.042271372,-0.893383,-10.375697,9.534553,0.6908965,-0.51842993,-2.2641234,0.43682742,1,-0.014319694042205811,-0.15217451731363932,0.4928401529788971,0.42391274134318035,-0.3037822774382363,0.5988991475576846,0.7409697287805468,0.36538724919357035,20.93514726668647,0
13.119999999999765,,,,,13.269051,-0.51842993,-2.2641234,0.43682742,4.8146234,-4.075591,1.8559915,-0.41161057,-0.18171705,-0.034904227,-0.8923777,-10.32966,9.524658,0.7168479,-0.51842993,-2.2641234,0.43682742,1,-0.014319694042205811,-0.15217451731363932,0.4928401529788971,0.42391274134318035,-0.3037822774382363,0.5988991475576846,0.7409697287805468,0.36538724919357035,20.93514726668647,0
13.129999999999765,,,,,13.769832,-0.6255749,-2.043957,0.73221064,4.7115626,-3.9804056,1.8632866,-0.41049898,-0.1908157,-0.027532205,-0.89124775,-10.282331,9.512064,0.7420659,-0.51842993,-2.2641234,0.43682742,1,-0.014319694042205811,-0.15217451731363932,0.4928401529788971,0.42391274134318035,-0.3037822774382363,0.5988991475576846,0.7409697287805468,0.36538724919357035,20.93514726668647,0
13.139999999999764,,,,,13.769832,-0.6255749,-2.043957,0.73221064,4.60899,-3.885362,1.8708533,-0.40808815,-0.19872853,-0.019849103,-0.89082974,-10.231994,9.496255,0.7711524,-0.6255749,-2.043957,0.73221064,1,0.030717885494232176,-0.15134858449300131,0.5153589427471161,0.4243257077534993,-0.20647644898982398,0.515192881962412,0.8318315757338244,0.44150033749296735,25.29610599194849,1
13.149999999999764,,,,,13.769832,-0.6255749,-2.043957,0.73221064,4.506926,-3.7904894,1.878707,-0.40562522,-0.20661598,-0.012163468,-0.89029807,-10.180621,9.477802,0.79946613,-0.6255749,-2.043957,0.73221064,1,0.030717885494232176,-0.15134858449300131,0.5153589427471161,0.4243257077534993,-0.20647644898982398,0.515192881962412,0.8318315757338244,0.44150033749296735,25.29610599194849,1
13.159999999999764,,,,,13.769832,-0.6255749,-2.043957,0.73221064,4.4053807,-3.6958146,1.8868397,-0.40311053,-0.21447708,-0.004476279,-0.8896528,-10.128218,9.456721,0.8269432,-0.6255749,-2.043957,0.73221064,1,0.030717885494232176,-0.15134858449300131,0.5153589427471161,0.4243257077534993,-0.20647644898982398,0.515192881962412,0.8318315757338244,0.44150033749296735,25.29610599194849,1
13.169999999999764,,,,,14.338227,-0.6656258,-1.4017473,-0.22759196,4.3043647,-3.6013637,1.8952428,-0.40054438,-0.2223108,0.0032114806,-0.888894,-10.074787,9.433033,0.8535202,-0.6255749,-2.043957,0.73221064,1,0.030717885494232176,-0.15134858449300131,0.5153589427471161,0.4243257077534993,-0.20647644898982398,0.515192881962412,0.8318315757338244,0.44150033749296735,25.29610599194849,1
13.179999999999763,,,,,14.338227,-0.6656258,-1.4017473,-0.22759196,4.203899,-3.5071673,1.9039329,-0.40226093,-0.22720452,0.008724009,-0.88684213,-10.01831,9.405903,0.88438565,-0.6656258,-1.4017473,-0.22759196,1,0.030717885494232176,-0.15134858449300131,0.5153589427471161,0.4243257077534993,-0.20647644898982398,0.515192881962412,0.8318315757338244,0.44150033749296735,25.29610599194849,1
13.189999999999763,,,,,14.338227,-0.6656258,-1.4017473,-0.22759196,4.104,-3.4132526,1.9129283,-0.40395275,-0.23208427,0.014236,-0.88473564,-9.961361,9.376699,0.9145904,-0.6656258,-1.4017473,-0.22759196,1,0.030717885494232176,-0.15134858449300131,0.5153589427471161,0.4243257077534993,-0.20647644898982398,0.515192881962412,0.8318315757338244,0.44150033749296735,25.29610599194849,1
13.199999999999763,,,,,14.338227,-0.6656258,-1.4017473,-0.22759196,4.004673,-3.3196404,1.9222224,-0.40561974,-0.23694976,0.019747114,-0.88257474,-9.903961,9.345429,0.9441052,-0.6656258,-1.4017473,-0.22759196,1,0.030717885494232176,-0.15134858449300131,0.5153589427471161,0.4243257077534993,-0.20647644898982398,0.515192881962412,0.8318315757338244,0.44150033749296735,25.29610599194849,1
13.209999999999763,,,,,16.437164,-0.51919717,-1.5838611,-0.6938958,3.9059222,-3.2263513,1.9318079,-0.4072618,-0.24180067,0.025257016,-0.8803596,-9.846128,9.3120985,0.97290105,-0.6656258,-1.4017473,-0.22759196,1,0.0352120304107666,-0.18254491170247397,0.5176060152053833,0.408727544148763,-0.13256386064764653,0.4037818076250728,0.9052000191566616,0.4960468633577002,28.421391711098867,1
13.219999999999763,,,,,16.437164,-0.51919717,-1.5838611,-0.6938958,3.8077946,-3.1334314,1.94177,-0.4107272,-0.24779294,0.029927632,-0.8769303,-9.779229,9.271514,1.0193515,-0.51919717,-1.5838611,-0.6938958,1,0.0352120304107666,-0.18254491170247397,0.5176060152053833,0.408727544148763,-0.13256386064764653,0.4037818076250728,0.9052000191566616,0.4960468633577002,28.421391711098867,1
13.229999999999762,,,,,16.437164,-0.51919717,-1.5838611,-0.6938958,3.7103403,-3.040929,1.9521912,-0.41415918,-0.25376502,0.03459581,-0.87342954,-9.711547,9.228529,1.0647397,-0.51919717,-1.5838611,-0.6938958,1,0.0352120304107666,-0.18254491170247397,0.5176060152053833,0.408727544148763,-0.13256386064764653,0.4037818076250728,0.9052000191566616,0.4960468633577002,28.421391711098867,1
13.239999999999762,,,,,16.437164,-0.51919717,-1.5838611,-0.6938958,3.6135664,-2.948869,1.9630609,-0.41755742,-0.25971642,0.039261166,-0.86985767,-9.643118,9.183147,1.1090313,-0.51919717,-1.5838611,-0.6938958,1,0.0352120304107666,-0.18254491170247397,0.5176060152053833,0.408727544148763,-0.13256386064764653,0.4037818076250728,0.9052000191566616,0.4960468633577002,28.421391711098867,1
13.249999999999762,,,,,15.133584,-0.2541176,-1.285493,-0.855865,3.5174806,-2.8572745,1.9743677,-0.4209216,-0.26564667,0.043923326,-0.8662149,-9.573977,9.135372,1.1521924,-0.51919717,-1.5838611,-0.6938958,1,0.0352120304107666,-0.18254491170247397,0.5176060152053833,0.408727544148763,-0.13256386064764653,0.4037818076250728,0.9052000191566616,0.4960468633577002,28.421391711098867,1
13.259999999999762,,,,,15.133584,-0.2541176,-1.285493,-0.855865,3.422062,-2.7661495,1.9860451,-0.4246707,-0.27085918,0.046591226,-0.86262393,-9.509669,9.089405,1.1831418,-0.2541176,-1.285493,-0.855865,1,0.0352120304107666,-0.18254491170247397,0.5176060152053833,0.408727544148763,-0.13256386064764653,0.4037818076250728,0.9052000191566616,0.4960468633577002,28.421391711098867,1
13.269999999999762,,,,,15.133584,-0.2541176,-1.285493,-0.855865,3.3272898,-2.6754923,1.9980274,-0.42839378,-0.2760551,0.049256273,-0.8589801,-9.444692,9.041818,1.2131652,-0.2541176,-1.285493,-0.855865,1,0.007363505363464355,-0.2502179718017578,0.5036817526817322,0.37489101409912107,-0.039556101800508364,0.29063531009760385,0.9560159158376066,0.6719166899779825,38.49799052013858,1
13.279999999999761,,,,,15.133584,-0.2541176,-1.285493,-0.855865,3.2331707,-2.5853186,2.0103052,-0.43209064,-0.28123412,0.051918305,-0.8552838,-9.37907,8.99261,1.2422444,-0.2541176,-1.285493,-0.855865,1,0.007363505363464355,-0.2502179718017578,0.5036817526817322,0.37489101409912107,-0.039556101800508364,0.29063531009760385,0.9560159158376066,0.6719166899779825,38.49799052013858,1
13.289999999999761,,,,,16.591637,0.40235496,-1.947273,-1.2901834,3.139711,-2.4956453,2.0228689,-0.43576103,-0.28639594,0.054577157,-0.851535,-9.312829,8.941783,1.2703619,-0.2541176,-1.285493,-0.855865,1,0.007363505363464355,-0.2502179718017578,0.5036817526817322,0.37489101409912107,-0.039556101800508364,0.29063531009760385,0.9560159158376066,0.6719166899779825,38.49799052013858,1
13.299999999999761,,,,,16.591637,0.40235496,-1.947273,-1.2901834,3.04695,-2.406514,2.0357687,-0.44011593,-0.2958952,0.055255424,-0.8459857,-9.239056,8.88424,1.3092785,0.40235496,-1.947273,-1.2901834,1,0.007363505363464355,-0.2502179718017578,0.5036817526817322,0.37489101409912107,-0.039556101800508364,0.29063531009760385,0.9560159158376066,0.6719166899779825,38.49799052013858,1
13.30999999999976,,,,,16.591637,0.40235496,-1.947273,-1.2901834,2.9549367,-2.3179672,2.0490484,-0.44440904,-0.30535287,0.05592593,-0.84031755,-9.1633415,8.824802,1.3463155,0.40235496,-1.947273,-1.2901834,1,0.007363505363464355,-0.2502179718017578,0.5036817526817322,0.37489101409912107,-0.039556101800508364,0.29063531009760385,0.9560159158376066,0.6719166899779825,38.49799052013858,1
13.31999999999976,,,,,16.591637,0.40235496,-1.947273,-1.2901834,2.8636897,-2.2300243,2.0626884,-0.44863975,-0.3147677,0.056588583,-0.8345313,-9.085747,8.763464,1.3814218,0.40235496,-1.947273,-1.2901834,1,0.007363505363464355,-0.2502179718017578,0.5036817526817322,0.37489101409912107,-0.039556101800508364,0.29063531009760385,0.9560159158376066,0.6719166899779825,38.49799052013858,1
13.32999999999976,,,,,16.89695,0.20724982,-1.6688678,-1.5494701,2.7732277,-2.1427045,2.07667,-0.45280746,-0.32413828,0.057243284,-0.8286278,-9.0063305,8.700216,1.4145476,0.40235496,-1.947273,-1.2901834,1,0.007363505363464355,-0.2502179718017578,0.5036817526817322,0.37489101409912107,-0.039556101800508364,0.29063531009760385,0.9560159158376066,0.6719166899779825,38.49799052013858,1
13.33999999999976,,,,,16.89695,0.20724982,-1.6688678,-1.5494701,2.6835759,-2.0560324,2.090985,-0.45838386,-0.331944,0.05764803,-0.8224203,-8.923824,8.633908,1.4481515,0.20724982,-1.6688678,-1.5494701,1,-0.05801942348480225,-0.24401481628417968,0.47099028825759887,0.3779925918579102,0.036298756364324,0.20885379063169446,0.9772729886910697,0.9739898312356683,55.80550661846311,1
13.34999999999976,,,,,16.89695,0.20724982,-1.6688678,-1.5494701,2.5947556,-1.9700326,2.1056273,-0.46390036,-0.3397063,0.058045242,-0.81610537,-8.840019,8.565783,1.4799974,0.20724982,-1.6688678,-1.5494701,1,-0.05801942348480225,-0.24401481628417968,0.47099028825759887,0.3779925918579102,0.036298756364324,0.20885379063169446,0.9772729886910697,0.9739898312356683,55.80550661846311,1
13.35999999999976,,,,,16.89695,0.20724982,-1.6688678,-1.5494701,2.50678,-1.884723,2.120579,-0.4693562,-0.3474242,0.05843487,-0.80968374,-8.754973,8.495832,1.5100545,0.20724982,-1.6688678,-1.5494701,1,-0.05801942348480225,-0.24401481628417968,0.47099028825759887,0.3779925918579102,0.036298756364324,0.20885379063169446,0.9772729886910697,0.9739898312356683,55.80550661846311,1
13.36999999999976,,,,,16.388887,-0.22137722,-0.40306607,-1.4992806,2.4196603,-1.8001221,2.135822,-0.4747507,-0.35509673,0.05881686,-0.80315626,-8.668743,8.424047,1.538293,0.20724982,-1.6688678,-1.5494701,1,-0.05801942348480225,-0.24401481628417968,0.47099028825759887,0.3779925918579102,0.036298756364324,0.20885379063169446,0.9772729886910697,0.9739898312356683,55.80550661846311,1
13.37999999999976,,,,,16.388887,-0.22137722,-0.40306607,-1.4992806,2.3333943,-1.7162361,2.1513214,-0.48103133,-0.35661986,0.057998896,-0.79879194,-8.584452,8.353053,1.5614955,-0.22137722,-0.40306607,-1.4992806,1,-0.05801942348480225,-0.24401481628417968,0.47099028825759887,0.3779925918579102,0.036298756364324,0.20885379063169446,0.9772729886910697,0.9739898312356683,55.80550661846311,1
13.389999999999759,,,,,16.388887,-0.22137722,-0.40306607,-1.4992806,2.2479708,-1.6330634,2.1670513,-0.4872824,-0.35812107,0.057177365,-0.7943785,-8.500265,8.281386,1.5843753,-0.22137722,-0.40306607,-1.4992806,1,-0.05801942348480225,-0.24401481628417968,0.47099028825759887,0.3779925918579102,0.036298756364324,0.20885379063169446,0.9772729886910697,0.9739898312356683,55.80550661846311,1
13.399999999999759,,,,,16.388887,-0.22137722,-0.40306607,-1.4992806,2.1633887,-1.5506108,2.1830082,-0.49350348,-0.35960025,0.056352317,-0.7899162,-8.416197,8.209048,1.6069355,-0.22137722,-0.40306607,-1.4992806,1,-0.05801942348480225,-0.24401481628417968,0.47099028825759887,0.3779925918579102,0.036298756364324,0.20885379063169446,0.9772729886910697,0.9739898312356683,55.80550661846311,1
13.409999999999759,,,,,17.348408,0.7474725,-1.5083761,-1.9915521,2.0796466,-1.4688848,2.199189,-0.49969426,-0.36105728,0.055523805,-0.7854054,-8.332256,8.136038,1.6291798,-0.22137722,-0.40306607,-1.4992806,1,-0.03136705875396729,-0.1355131149291992,0.48431647062301636,0.43224344253540037,0.09756617927877412,0.29957164310400736,0.9490720053341093,1.1121643254215492,63.72232197166902,1
13.419999999999758,,,,,17.348408,0.7474725,-1.5083761,-1.9915521,1.9967698,-1.3879145,2.2156239,-0.50570434,-0.3693702,0.052757133,-0.77784747,-8.242862,8.057815,1.6575145,0.7474725,-1.5083761,-1.9915521,1,-0.03136705875396729,-0.1355131149291992,0.48431647062301636,0.43224344253540037,0.09756617927877412,0.29957164310400736,0.9490720053341093,1.1121643254215492,63.72232197166902,1
13.429999999999758,,,,,17.348408,0.7474725,-1.5083761,-1.9915521,1.9147952,-1.3077332,2.2323322,-0.5116284,-0.37762034,0.049981494,-0.7701573,-8.151824,7.978264,1.6838325,0.7474725,-1.5083761,-1.9915521,1,-0.03136705875396729,-0.1355131149291992,0.48431647062301636,0.43224344253540037,0.09756617927877412,0.29957164310400736,0.9490720053341093,1.1121643254215492,63.72232197166902,1
13.439999999999758,,,,,17.348408,0.7474725,-1.5083761,-1.9915521,1.8337388,-1.228354,2.2492936,-0.51746553,-0.38580626,0.047197353,-0.7623362,-8.059207,7.8973637,1.7080979,0.7474725,-1.5083761,-1.9915521,1,-0.03136705875396729,-0.1355131149291992,0.48431647062301636,0.43224344253540037,0.09756617927877412,0.29957164310400736,0.9490720053341093,1.1121643254215492,63.72232197166902,1
13.449999999999758,,,,,16.977928,0.11895823,-0.5903813,-1.8941382,1.7536162,-1.1497906,2.266487,-0.52321464,-0.39392662,0.04440519,-0.75438553,-7.9650745,7.815094,1.7302762,0.7474725,-1.5083761,-1.9915521,1,-0.03136705875396729,-0.1355131149291992,0.48431647062301636,0.43224344253540037,0.09756617927877412,0.29957164310400736,0.9490720053341093,1.1121643254215492,63.72232197166902,1
13.459999999999757,,,,,16.977928,0.11895823,-0.5903813,-1.8941382,1.6744308,-1.0720472,2.2838802,-0.52996784,-0.39686573,0.041768063,-0.74825674,-7.8719425,7.7334833,1.7483269,0.11895823,-0.5903813,-1.8941382,1,-0.03136705875396729,-0.1355131149291992,0.48431647062301636,0.43224344253540037,0.09756617927877412,0.29957164310400736,0.9490720053341093,1.1121643254215492,63.72232197166902,1
13.469999999999757,,,,,16.977928,0.11895823,-0.5903813,-1.8941382,1.5961782,-0.9951233,2.301451,-0.5366687,-0.39976567,0.03912681,-0.74205405,-7.7785177,7.651199,1.7656655,0.11895823,-0.5903813,-1.8941382,1,0.08943921089172363,-0.09295063018798828,0.5447196054458618,0.45352468490600584,0.3060067740199539,0.3788290782347808,0.8734119209958651,1.473110435552865,84.40301071385763,1
13.479999999999757,,,,,16.977928,0.11895823,-0.5903813,-1.8941382,1.5188613,-0.9190256,2.3191912,-0.54331654,-0.40262613,0.036481693,-0.7357781,-7.6848187,7.5682344,1.7822926,0.11895823,-0.5903813,-1.8941382,1,0.08943921089172363,-0.09295063018798828,0.5447196054458618,0.45352468490600584,0.3060067740199539,0.3788290782347808,0.8734119209958651,1.473110435552865,84.40301071385763,1
13.489999999999757,,,,,17.852604,0.97542566,-1.8062437,-2.506715,1.4424827,-0.84376097,2.3370943,-0.5499108,-0.40544683,0.033832975,-0.7294295,-7.590864,7.4845805,1.7982084,0.11895823,-0.5903813,-1.8941382,1,0.08943921089172363,-0.09295063018798828,0.5447196054458618,0.45352468490600584,0.3060067740199539,0.3788290782347808,0.8734119209958651,1.473110435552865,84.40301071385763,1
13.499999999999757,,,,,17.852604,0.97542566,-1.8062437,-2.506715,1.3670704,-0.76935923,2.3551803,-0.5566978,-0.41508687,0.03015584,-0.7189452,-7.4913,7.3954773,1.8185068,0.97542566,-1.8062437,-2.506715,1,0.08943921089172363,-0.09295063018798828,0.5447196054458618,0.45352468490600584,0.3060067740199539,0.3788290782347808,0.8734119209958651,1.473110435552865,84.40301071385763,1
13.509999999999756,,,,,17.852604,0.97542566,-1.8062437,-2.506715,1.2926619,-0.6958577,2.3734555,-0.56333864,-0.42461798,0.026470792,-0.7082722,-7.3901706,7.304536,1.8360487,0.97542566,-1.8062437,-2.506715,1,0.08943921089172363,-0.09295063018798828,0.5447196054458618,0.45352468490600584,0.3060067740199539,0.3788290782347808,0.8734119209958651,1.473110435552865,84.40301071385763,1
13.519999999999756,,,,,17.852604,0.97542566,-1.8062437,-2.506715,1.2192719,-0.6232749,2.391892,-0.5698316,-0.43403766,0.022778798,-0.6974134,-7.287584,7.211731,1.8507923,0.97542566,-1.8062437,-2.506715,1,0.08943921089172363,-0.09295063018798828,0.5447196054458618,0.45352468490600584,0.3060067740199539,0.3788290782347808,0.8734119209958651,1.473110435552865,84.40301071385763,1
13.529999999999756,,,,,17.808033,1.1269066,-2.0188708,-2.600101,1.1469147,-0.55162966,2.4104617,-0.5761751,-0.44334343,0.019080825,-0.68637156,-7.183649,7.1170387,1.8626988,0.97542566,-1.8062437,-2.506715,1,0.08943921089172363,-0.09295063018798828,0.5447196054458618,0.45352468490600584,0.3060067740199539,0.3788290782347808,0.8734119209958651,1.473110435552865,84.40301071385763,1
13.539999999999756,,,,,17.808033,1.1269066,-2.0188708,-2.600101,1.075602,-0.4809398,2.4291344,-0.5823201,-0.45369887,0.015263173,-0.67441,-7.0786695,7.0206017,1.8713251,1.1269066,-2.0188708,-2.600101,1,-0.02619675874710083,-0.22494822184244792,0.4869016206264496,0.38752588907877605,0.4482800554307058,0.18684712580316998,0.8741470948771367,1.9654006150925016,112.60916029721635,1
13.549999999999756,,,,,17.808033,1.1269066,-2.0188708,-2.600101,1.005346,-0.4112249,2.447877,-0.58828884,-0.463917,0.011440899,-0.6622443,-6.9723916,6.9220386,1.8766738,1.1269066,-2.0188708,-2.600101,1,-0.02619675874710083,-0.22494822184244792,0.4869016206264496,0.38752588907877605,0.4482800554307058,0.18684712580316998,0.8741470948771367,1.9654006150925016,112.60916029721635,1
13.559999999999755,,,,,17.808033,1.1269066,-2.0188708,-2.600101,0.9361584,-0.3425064,2.4666564,-0.59407955,-0.47399464,0.0076151644,-0.6498782,-6.8649526,6.8213315,1.8787051,1.1269066,-2.0188708,-2.600101,1,-0.02619675874710083,-0.22494822184244792,0.4869016206264496,0.38752588907877605,0.4482800554307058,0.18684712580316998,0.8741470948771367,1.9654006150925016,112.60916029721635,1
