time-since-start [s],throttle_mpc,roll_mpc,pitch_mpc,yaw_mpc,throttle_nw,roll_nw,pitch_nw,yaw_nw,position_x [m],position_y [m],position_z [m],rotation_w [quaternion],rotation_x [quaternion],rotation_y [quaternion],rotation_z [quaternion],velocity_x [m/s],velocity_y [m/s],velocity_z [m/s],omega_x [rad/s],omega_y [rad/s],omega_z [rad/s],network_used,gaze_2d_norm_x,gaze_2d_norm_y,gaze_2d_x,gaze_2d_y,gaze_3d_x,gaze_3d_y,gaze_3d_z,angle_rad,angle_deg,high_level_label
0.0,14.423931124162944,5.999999065625142,-5.999999882178196,-1.9930547733827502,13.110498,-0.6129513,-4.7402825,-0.7107158,18.376646,-10.295783,1.5470786,-0.057042357,0.41748342,-0.2798924,-0.8626204,-10.0681095,-3.8038437,-0.5494833,1.5143124,0.2134714,-0.04452833,0,-0.040777769088745114,-0.46429718017578125,0.47961111545562746,0.2678514099121094,-0.9456052140023438,0.3251110996871814,-0.011556474885242918,0.6923850752026235,39.670742606958434,1
0.01,14.423931124162944,5.999999065625142,-5.999999882178196,-1.9930547733827502,15.286924,1.2800742,-2.892292,-1.2672758,18.275478,-10.333429,1.541453,-0.086496376,0.39229417,-0.2996273,-0.8653595,-10.164141,-3.7242434,-0.57522863,5.999999,-6.0,-1.9930547,0,-0.040777769088745114,-0.46429718017578125,0.47961111545562746,0.2678514099121094,-0.9456052140023438,0.3251110996871814,-0.011556474885242918,0.6923850752026235,39.670742606958434,1
0.02,14.423931124162944,5.999999065625142,-5.999999882178196,-1.9930547733827502,15.286924,1.2800742,-2.892292,-1.2672758,18.173395,-10.37024,1.5355824,-0.11578613,0.36635998,-0.31879324,-0.8664553,-10.251074,-3.6368465,-0.59851074,5.999999,-6.0,-1.9930547,0,-0.040777769088745114,-0.46429718017578125,0.47961111545562746,0.2678514099121094,-0.9456052140023438,0.3251110996871814,-0.011556474885242918,0.6923850752026235,39.670742606958434,1
0.03,14.423931124162944,5.999999065625142,-5.999999882178196,-1.9930547733827502,15.286924,1.2800742,-2.892292,-1.2672758,18.07049,-10.406142,1.52949,-0.144856,0.33973008,-0.33735377,-0.8659057,-10.328236,-3.5424078,-0.61966455,5.999999,-6.0,-1.9930547,0,-0.040777769088745114,-0.46429718017578125,0.47961111545562746,0.2678514099121094,-0.9456052140023438,0.3251110996871814,-0.011556474885242918,0.6923850752026235,39.670742606958434,1
0.04,14.423931124162944,5.999999065625142,-5.999999882178196,-1.9930547733827502,12.5279,-1.1325767,-1.8354955,-1.0733508,17.966864,-10.441068,1.5231953,-0.17365082,0.312455,-0.35527366,-0.8637117,-10.395025,-3.4417346,-0.6390412,5.999999,-6.0,-1.9930547,0,-0.040777769088745114,-0.46429718017578125,0.47961111545562746,0.2678514099121094,-0.9456052140023438,0.3251110996871814,-0.011556474885242918,0.6923850752026235,39.670742606958434,1
0.05,14.423931124162944,5.999999065625142,-5.999999882178196,-1.9930547733827502,12.5279,-1.1325767,-1.8354955,-1.0733508,17.862625,-10.474958,1.5167141,-0.20211585,0.28458658,-0.37251887,-0.8598775,-10.45092,-3.3356814,-0.6570054,5.999999,-6.0,-1.9930547,0,-0.040777769088745114,-0.46429718017578125,0.47961111545562746,0.2678514099121094,-0.9456052140023438,0.3251110996871814,-0.011556474885242918,0.6923850752026235,39.670742606958434,1
0.060000000000000005,14.423931124162944,5.999999065625142,-5.999999882178196,-1.9930547733827502,12.5279,-1.1325767,-1.8354955,-1.0733508,17.757885,-10.507766,1.5100588,-0.23019706,0.25617772,-0.38905665,-0.85441047,-10.495482,-3.2251441,-0.67393273,5.999999,-6.0,-1.9930547,0,-0.040777769088745114,-0.46429718017578125,0.47961111545562746,0.2678514099121094,-0.9456052140023438,0.3251110996871814,-0.011556474885242918,0.6923850752026235,39.670742606958434,1
0.07,14.423931124162944,5.999999065625142,-5.999999882178196,-1.9930547733827502,12.5279,-1.1325767,-1.8354955,-1.0733508,17.652758,-10.539449,1.5032377,-0.2578411,0.22728238,-0.40485567,-0.84732085,-10.528359,-3.1110528,-0.6902063,5.999999,-6.0,-1.9930547,0,-0.22172748565673828,-0.22940505981445314,0.38913625717163086,0.38529747009277343,-0.7952325860944309,0.6018098241041341,0.07368900613602239,0.9351376482391851,53.57944050789469,1
0.08,19.23343399663773,4.5941945467484615,-5.999999763732985,-0.7828597936328611,14.805298,-1.6722847,-1.3048847,-1.5239713,17.54736,-10.569977,1.4962555,-0.28499553,0.19795543,-0.4198858,-0.83862215,-10.549286,-2.9943643,-0.7062144,5.999999,-6.0,-1.9930547,0,-0.22172748565673828,-0.22940505981445314,0.38913625717163086,0.38529747009277343,-0.7952325860944309,0.6018098241041341,0.07368900613602239,0.9351376482391851,53.57944050789469,1
0.09,19.23343399663773,4.5941945467484615,-5.999999763732985,-0.7828597936328611,14.805298,-1.6722847,-1.3048847,-1.5239713,17.441795,-10.599134,1.4892515,-0.30521142,0.16775812,-0.42951977,-0.83319634,-10.561684,-2.8370585,-0.694418,4.5941944,-6.0,-0.7828598,0,-0.22172748565673828,-0.22940505981445314,0.38913625717163086,0.38529747009277343,-0.7952325860944309,0.6018098241041341,0.07368900613602239,0.9351376482391851,53.57944050789469,1
0.09999999999999999,19.23343399663773,4.5941945467484615,-5.999999763732985,-0.7828597936328611,14.805298,-1.6722847,-1.3048847,-1.5239713,17.336178,-10.62672,1.4823703,-0.32498696,0.13731876,-0.438534,-0.8265683,-10.559584,-2.679909,-0.68172276,4.5941944,-6.0,-0.7828598,0,-0.22172748565673828,-0.22940505981445314,0.38913625717163086,0.38529747009277343,-0.7952325860944309,0.6018098241041341,0.07368900613602239,0.9351376482391851,53.57944050789469,1
0.10999999999999999,19.23343399663773,4.5941945467484615,-5.999999763732985,-0.7828597936328611,14.805298,-1.6722847,-1.3048847,-1.5239713,17.230652,-10.652738,1.4756182,-0.34429362,0.10668128,-0.44691548,-0.8187477,-10.543002,-2.5238779,-0.6686682,4.5941944,-6.0,-0.7828598,0,-0.22172748565673828,-0.22940505981445314,0.38913625717163086,0.38529747009277343,-0.7952325860944309,0.6018098241041341,0.07368900613602239,0.9351376482391851,53.57944050789469,1
0.11999999999999998,19.23343399663773,4.5941945467484615,-5.999999763732985,-0.7828597936328611,14.805298,-1.6722847,-1.3048847,-1.5239713,17.125364,-10.677204,1.4689963,-0.36310354,0.07588988,-0.4546522,-0.8097458,-10.512044,-2.369921,-0.65579593,4.5941944,-6.0,-0.7828598,0,-0.22172748565673828,-0.22940505981445314,0.38913625717163086,0.38529747009277343,-0.7952325860944309,0.6018098241041341,0.07368900613602239,0.9351376482391851,53.57944050789469,1
0.12999999999999998,20.999997751478716,0.8993919829811917,-5.999997108470209,0.9053658262143778,14.023405,-3.7838435,0.45890805,-1.1106913,17.02046,-10.700146,1.4625,-0.38138953,0.04498898,-0.46173292,-0.7995755,-10.466894,-2.2189822,-0.64364666,4.5941944,-6.0,-0.7828598,0,-0.22172748565673828,-0.22940505981445314,0.38913625717163086,0.38529747009277343,-0.7952325860944309,0.6018098241041341,0.07368900613602239,0.9351376482391851,53.57944050789469,1
0.13999999999999999,20.999997751478716,0.8993919829811917,-5.999997108470209,0.9053658262143778,14.023405,-3.7838435,0.45890805,-1.1106913,16.916096,-10.721532,1.4561752,-0.39164326,0.017179644,-0.4538746,-0.8001991,-10.404264,-2.059261,-0.6206923,0.899392,-5.999997,0.9053658,0,-0.08330142021179199,-0.007466815312703451,0.458349289894104,0.4962665923436483,-0.48295286770264706,0.8752443166647662,0.026531372445015244,1.2619774894205946,72.30598398431557,1
0.15,20.999997751478716,0.8993919829811917,-5.999997108470209,0.9053658262143778,14.023405,-3.7838435,0.45890805,-1.1106913,16.812408,-10.741355,1.4500982,-0.4015286,-0.0106458515,-0.4455893,-0.8000699,-10.331675,-1.9066412,-0.59419197,0.899392,-5.999997,0.9053658,0,-0.08330142021179199,-0.007466815312703451,0.458349289894104,0.4962665923436483,-0.48295286770264706,0.8752443166647662,0.026531372445015244,1.2619774894205946,72.30598398431557,1
0.16,20.999918341419868,-1.129492567001459,-1.7050407437504158,0.7602187444920533,15.313872,-4.156618,0.76421374,-0.24468459,16.709496,-10.75969,1.4443017,-0.41103622,-0.03846133,-0.4368849,-0.7991882,-10.24933,-1.7616416,-0.56469214,0.899392,-5.999997,0.9053658,0,-0.08330142021179199,-0.007466815312703451,0.458349289894104,0.4962665923436483,-0.48295286770264706,0.8752443166647662,0.026531372445015244,1.2619774894205946,72.30598398431557,1
0.17,20.999918341419868,-1.129492567001459,-1.7050407437504158,0.7602187444920533,15.313872,-4.156618,0.76421374,-0.24468459,16.607445,-10.77661,1.4388134,-0.4119157,-0.044611488,-0.42869535,-0.80284244,-10.160668,-1.6228211,-0.53253734,-1.1294925,-1.7050407,0.76021874,0,-0.08330142021179199,-0.007466815312703451,0.458349289894104,0.4962665923436483,-0.48295286770264706,0.8752443166647662,0.026531372445015244,1.2619774894205946,72.30598398431557,1
0.18000000000000002,20.999918341419868,-1.129492567001459,-1.7050407437504158,0.7602187444920533,15.313872,-4.156618,0.76421374,-0.24468459,16.506285,-10.792158,1.4336604,-0.41274616,-0.05075634,-0.42045474,-0.806401,-10.071132,-1.4871929,-0.49764588,-1.1294925,-1.7050407,0.76021874,0,-0.08330142021179199,-0.007466815312703451,0.458349289894104,0.4962665923436483,-0.48295286770264706,0.8752443166647662,0.026531372445015244,1.2619774894205946,72.30598398431557,1
0.19000000000000003,20.999918341419868,-1.129492567001459,-1.7050407437504158,0.7602187444920533,15.313872,-4.156618,0.76421374,-0.24468459,16.406023,-10.806367,1.4288696,-0.4135275,-0.056895148,-0.4121641,-0.8098637,-9.980731,-1.3548186,-0.46008822,-1.1294925,-1.7050407,0.76021874,0,-0.08330142021179199,-0.007466815312703451,0.458349289894104,0.4962665923436483,-0.48295286770264706,0.8752443166647662,0.026531372445015244,1.2619774894205946,72.30598398431557,1
0.20000000000000004,19.816376339754303,-1.4117131048148033,0.34786886003163897,0.591898147652591,15.059715,-4.7971783,3.4002173,0.34189612,16.306673,-10.819267,1.4244676,-0.41425958,-0.06302719,-0.40382436,-0.8132299,-9.889474,-1.225758,-0.4199359,-1.1294925,-1.7050407,0.76021874,0,0.020379059314727783,0.04574379285176595,0.5101895296573639,0.5228718964258829,-0.36237024690666597,0.928082611098089,0.0857348886635752,1.3218662712442502,75.73735842299082,1
0.21000000000000005,19.816376339754303,-1.4117131048148033,0.34786886003163897,0.591898147652591,15.059715,-4.7971783,3.4002173,0.34189612,16.208208,-10.830927,1.4204395,-0.4115826,-0.05988183,-0.39860573,-0.81739086,-9.803681,-1.1061149,-0.3853958,-1.4117131,0.34786886,0.59189814,0,0.020379059314727783,0.04574379285176595,0.5101895296573639,0.5228718964258829,-0.36237024690666597,0.928082611098089,0.0857348886635752,1.3218662712442502,75.73735842299082,1
0.22000000000000006,19.816376339754303,-1.4117131048148033,0.34786886003163897,0.591898147652591,15.059715,-4.7971783,3.4002173,0.34189612,16.110592,-10.841392,1.4167658,-0.4088803,-0.05673278,-0.39336255,-0.8215015,-9.720087,-0.98693097,-0.34905088,-1.4117131,0.34786886,0.59189814,0,0.020379059314727783,0.04574379285176595,0.5101895296573639,0.5228718964258829,-0.36237024690666597,0.928082611098089,0.0857348886635752,1.3218662712442502,75.73735842299082,1
0.23000000000000007,19.816376339754303,-1.4117131048148033,0.34786886003163897,0.591898147652591,15.059715,-4.7971783,3.4002173,0.34189612,16.0138,-10.850667,1.4134647,-0.40615276,-0.053580232,-0.38809517,-0.82556146,-9.6387005,-0.86824477,-0.31092295,-1.4117131,0.34786886,0.59189814,0,0.020379059314727783,0.04574379285176595,0.5101895296573639,0.5228718964258829,-0.36237024690666597,0.928082611098089,0.0857348886635752,1.3218662712442502,75.73735842299082,1
0.24000000000000007,19.816376339754303,-1.4117131048148033,0.34786886003163897,0.591898147652591,13.605948,-2.4807007,3.86921,-0.7463664,15.91781,-10.858758,1.4105535,-0.40340018,-0.05042439,-0.38280386,-0.8295706,-9.55953,-0.75009465,-0.2710342,-1.4117131,0.34786886,0.59189814,0,0.020379059314727783,0.04574379285176595,0.5101895296573639,0.5228718964258829,-0.36237024690666597,0.928082611098089,0.0857348886635752,1.3218662712442502,75.73735842299082,1
0.25000000000000006,19.816376339754303,-1.4117131048148033,0.34786886003163897,0.591898147652591,13.605948,-2.4807007,3.86921,-0.7463664,15.822602,-10.865672,1.4080498,-0.40062276,-0.047265437,-0.37748897,-0.83352864,-9.482584,-0.6325189,-0.22940731,-1.4117131,0.34786886,0.59189814,0,0.020379059314727783,0.04574379285176595,0.5101895296573639,0.5228718964258829,-0.36237024690666597,0.928082611098089,0.0857348886635752,1.3218662712442502,75.73735842299082,1
0.26000000000000006,19.816376339754303,-1.4117131048148033,0.34786886003163897,0.591898147652591,13.605948,-2.4807007,3.86921,-0.7463664,15.728152,-10.871412,1.4059712,-0.39782068,-0.04410357,-0.3721508,-0.83743536,-9.407871,-0.5155556,-0.1860653,-1.4117131,0.34786886,0.59189814,0,0.020379059314727783,0.04574379285176595,0.5101895296573639,0.5228718964258829,-0.36237024690666597,0.928082611098089,0.0857348886635752,1.3218662712442502,75.73735842299082,1
0.2700000000000001,19.816376339754303,-1.4117131048148033,0.34786886003163897,0.591898147652591,13.605948,-2.4807007,3.86921,-0.7463664,15.634438,-10.875986,1.4043343,-0.39499408,-0.04093899,-0.36678976,-0.8412904,-9.335398,-0.39924276,-0.14103168,-1.4117131,0.34786886,0.59189814,0,0.07390353202819824,-0.09523126602172852,0.5369517660140991,0.45238436698913576,-0.302304122860045,0.9333387699741265,0.19362581895244216,1.3003043318319056,74.5019502965467,1
0.2800000000000001,18.480921152937256,-1.436509636216832,1.5796718128206366,0.38462801524965917,14.586277,-3.1033523,3.3744755,-0.58954084,15.541436,-10.8794,1.4031563,-0.39214313,-0.037771888,-0.3614061,-0.84509367,-9.265171,-0.28361818,-0.094330385,-1.4117131,0.34786886,0.59189814,0,0.07390353202819824,-0.09523126602172852,0.5369517660140991,0.45238436698913576,-0.302304122860045,0.9333387699741265,0.19362581895244216,1.3003043318319056,74.5019502965467,1
0.2900000000000001,18.480921152937256,-1.436509636216832,1.5796718128206366,0.38462801524965917,14.586277,-3.1033523,3.3744755,-0.58954084,15.449101,-10.881698,1.4024036,-0.3879117,-0.028973432,-0.3583396,-0.8486922,-9.20238,-0.17588383,-0.056034558,-1.4365096,1.5796719,0.38462803,0,0.07390353202819824,-0.09523126602172852,0.5369517660140991,0.45238436698913576,-0.302304122860045,0.9333387699741265,0.19362581895244216,1.3003043318319056,74.5019502965467,1
0.3000000000000001,18.480921152937256,-1.436509636216832,1.5796718128206366,0.38462801524965917,14.586277,-3.1033523,3.3744755,-0.58954084,15.357375,-10.882915,1.402039,-0.38363463,-0.020171568,-0.355231,-0.85219085,-9.143314,-0.06733305,-0.016725741,-1.4365096,1.5796719,0.38462803,0,0.07390353202819824,-0.09523126602172852,0.5369517660140991,0.45238436698913576,-0.302304122860045,0.9333387699741265,0.19362581895244216,1.3003043318319056,74.5019502965467,1
0.3100000000000001,18.480921152937256,-1.436509636216832,1.5796718128206366,0.38462801524965917,14.586277,-3.1033523,3.3744755,-0.58954084,15.266222,-10.883042,1.4020724,-0.37931237,-0.011367329,-0.35208052,-0.8555892,-9.088,0.04197275,0.023542818,-1.4365096,1.5796719,0.38462803,0,0.07390353202819824,-0.09523126602172852,0.5369517660140991,0.45238436698913576,-0.302304122860045,0.9333387699741265,0.19362581895244216,1.3003043318319056,74.5019502965467,1
0.3200000000000001,17.365774452476177,-1.456712652410252,2.9035358629042567,0.18388439311250362,16.007767,-3.834426,4.643406,-0.8151295,15.175603,-10.882073,1.402513,-0.37494552,-0.002561753,-0.34888864,-0.8588869,-9.036465,0.15197182,0.06471746,-1.4365096,1.5796719,0.38462803,0,0.07390353202819824,-0.09523126602172852,0.5369517660140991,0.45238436698913576,-0.302304122860045,0.9333387699741265,0.19362581895244216,1.3003043318319056,74.5019502965467,1
0.3300000000000001,17.365774452476177,-1.456712652410252,2.9035358629042567,0.18388439311250362,16.007767,-3.834426,4.643406,-0.8151295,15.085464,-10.880033,1.4033267,-0.3690601,0.012317138,-0.3480277,-0.86169624,-8.99224,0.25647074,0.09806609,-1.4567126,2.9035358,0.1838844,0,0.07390353202819824,-0.09523126602172852,0.5369517660140991,0.45238436698913576,-0.302304122860045,0.9333387699741265,0.19362581895244216,1.3003043318319056,74.5019502965467,1
0.34000000000000014,17.365774452476177,-1.456712652410252,2.9035358629042567,0.18388439311250362,16.007767,-3.834426,4.643406,-0.8151295,14.99574,-10.876938,1.4044747,-0.36307698,0.02719277,-0.3470747,-0.8642775,-8.953308,0.3629204,0.13152319,-1.4567126,2.9035358,0.1838844,0,-0.1306280994415283,0.164183718363444,0.43468595027923584,0.582091859181722,-0.6927481719636746,0.7185096179051726,0.06199918724266067,0.7631376688094571,43.724567610234296,1
0.35000000000000014,17.365774452476177,-1.456712652410252,2.9035358629042567,0.18388439311250362,16.007767,-3.834426,4.643406,-0.8151295,14.906379,-10.872768,1.4059572,-0.35699782,0.042061202,-0.34602985,-0.86662996,-8.919711,0.471201,0.16495672,-1.4567126,2.9035358,0.1838844,0,-0.1306280994415283,0.164183718363444,0.43468595027923584,0.582091859181722,-0.6927481719636746,0.7185096179051726,0.06199918724266067,0.7631376688094571,43.724567610234296,1
0.36000000000000015,16.586530784342663,-1.2136153636684566,2.6614452425333397,0.003916893807232481,15.389329,-2.8615491,4.8037605,-0.6057204,14.817327,-10.867508,1.4077734,-0.35082415,0.056918506,-0.34489343,-0.86875314,-8.891487,0.5811909,0.19823465,-1.4567126,2.9035358,0.1838844,0,-0.1306280994415283,0.164183718363444,0.43468595027923584,0.582091859181722,-0.6927481719636746,0.7185096179051726,0.06199918724266067,0.7631376688094571,43.724567610234296,1
0.37000000000000016,16.586530784342663,-1.2136153636684566,2.6614452425333397,0.003916893807232481,15.389329,-2.8615491,4.8037605,-0.6057204,14.728525,-10.861164,1.4098915,-0.3458348,0.0705947,-0.34425452,-0.8700025,-8.869481,0.6877552,0.22531159,-1.2136154,2.6614451,0.0039168936,0,-0.1306280994415283,0.164183718363444,0.43468595027923584,0.582091859181722,-0.6927481719636746,0.7185096179051726,0.06199918724266067,0.7631376688094571,43.724567610234296,1
0.38000000000000017,16.586530784342663,-1.2136153636684566,2.6614452425333397,0.003916893807232481,15.389329,-2.8615491,4.8037605,-0.6057204,14.639921,-10.853748,1.412278,-0.3407715,0.0842558,-0.34354198,-0.87106574,-8.852097,0.7957184,0.25191602,-1.2136154,2.6614451,0.0039168936,0,-0.1306280994415283,0.164183718363444,0.43468595027923584,0.582091859181722,-0.6927481719636746,0.7185096179051726,0.06199918724266067,0.7631376688094571,43.724567610234296,1
0.3900000000000002,16.586530784342663,-1.2136153636684566,2.6614452425333397,0.003916893807232481,15.389329,-2.8615491,4.8037605,-0.6057204,14.551469,-10.845245,1.4149278,-0.33563527,0.09789887,-0.3427559,-0.87194264,-8.839349,0.904988,0.2779414,-1.2136154,2.6614451,0.0039168936,0,-0.1306280994415283,0.164183718363444,0.43468595027923584,0.582091859181722,-0.6927481719636746,0.7185096179051726,0.06199918724266067,0.7631376688094571,43.724567610234296,1
0.4000000000000002,16.086099101016696,-1.042189501165623,2.029173752846694,-0.14245731793579824,15.350406,-1.6385319,4.2894707,-0.7008915,14.463119,-10.835644,1.4178346,-0.33042732,0.111521006,-0.34189656,-0.87263304,-8.831248,1.0154704,0.30328164,-1.2136154,2.6614451,0.0039168936,0,-0.13917093276977538,0.04994775454203288,0.4304145336151123,0.5249738772710164,-0.7427681542277005,0.6685661057262492,0.03626060312809299,0.6183874431195986,35.43099059463926,1
0.4100000000000002,16.086099101016696,-1.042189501165623,2.029173752846694,-0.14245731793579824,15.350406,-1.6385319,4.2894707,-0.7008915,14.374826,-10.824949,1.4209726,-0.3269774,0.12233247,-0.34060004,-0.8729908,-8.827549,1.1235739,0.3242411,-1.0421895,2.0291739,-0.14245732,0,-0.13917093276977538,0.04994775454203288,0.4304145336151123,0.5249738772710164,-0.7427681542277005,0.6685661057262492,0.03626060312809299,0.6183874431195986,35.43099059463926,1
0.4200000000000002,16.086099101016696,-1.042189501165623,2.029173752846694,-0.14245731793579824,15.350406,-1.6385319,4.2894707,-0.7008915,14.286554,-10.81317,1.4243176,-0.32348478,0.13312797,-0.33925903,-0.87323457,-8.8274145,1.2323465,0.34464735,-1.0421895,2.0291739,-0.14245732,0,-0.13917093276977538,0.04994775454203288,0.4304145336151123,0.5249738772710164,-0.7427681542277005,0.6685661057262492,0.03626060312809299,0.6183874431195986,35.43099059463926,1
0.4300000000000002,16.086099101016696,-1.042189501165623,2.029173752846694,-0.14245731793579824,15.350406,-1.6385319,4.2894707,-0.7008915,14.198266,-10.800301,1.4278636,-0.3199499,0.14390607,-0.33787373,-0.87336427,-8.830844,1.3417354,0.3644353,-1.0421895,2.0291739,-0.14245732,0,-0.13917093276977538,0.04994775454203288,0.4304145336151123,0.5249738772710164,-0.7427681542277005,0.6685661057262492,0.03626060312809299,0.6183874431195986,35.43099059463926,1
0.4400000000000002,16.086099101016696,-1.042189501165623,2.029173752846694,-0.14245731793579824,15.9826355,-1.7795378,2.9975352,-0.3447869,14.109926,-10.786335,1.4316041,-0.31637323,0.15466538,-0.33644432,-0.8733799,-8.837834,1.451687,0.38354015,-1.0421895,2.0291739,-0.14245732,1,-0.13917093276977538,0.04994775454203288,0.4304145336151123,0.5249738772710164,-0.7427681542277005,0.6685661057262492,0.03626060312809299,0.6183874431195986,35.43099059463926,1
0.45000000000000023,16.086099101016696,-1.042189501165623,2.029173752846694,-0.14245731793579824,15.9826355,-1.7795378,2.9975352,-0.3447869,14.021496,-10.771271,1.435528,-0.31141192,0.17112575,-0.3330969,-0.87337595,-8.849038,1.5614374,0.40107474,-1.7795378,2.9975352,-0.3447869,1,-0.13917093276977538,0.04994775454203288,0.4304145336151123,0.5249738772710164,-0.7427681542277005,0.6685661057262492,0.03626060312809299,0.6183874431195986,35.43099059463926,1
0.46000000000000024,16.086099101016696,-1.042189501165623,2.029173752846694,-0.14245731793579824,15.9826355,-1.7795378,2.9975352,-0.3447869,13.932926,-10.755106,1.439622,-0.30635506,0.18753363,-0.3296473,-0.87310416,-8.865698,1.671601,0.41755426,-1.7795378,2.9975352,-0.3447869,1,-0.13917093276977538,0.04994775454203288,0.4304145336151123,0.5249738772710164,-0.7427681542277005,0.6685661057262492,0.03626060312809299,0.6183874431195986,35.43099059463926,1
0.47000000000000025,16.086099101016696,-1.042189501165623,2.029173752846694,-0.14245731793579824,15.9826355,-1.7795378,2.9975352,-0.3447869,13.844163,-10.737838,1.443875,-0.30120423,0.20388398,-0.32609653,-0.8725645,-8.887787,1.7820582,0.4328267,-1.7795378,2.9975352,-0.3447869,1,-0.15705698013305663,-0.15569857279459634,0.4214715099334717,0.42215071360270184,-0.7657418651086474,0.6381615313518161,0.0799328213103672,0.49688909013285665,28.46964775070824,1
0.48000000000000026,15.49785185507192,-0.6983108426847978,0.8855709740789909,-0.21824792185126485,16.581387,-1.6404532,2.2067513,-0.32555985,13.755153,-10.719464,1.448274,-0.295961,0.22017178,-0.32244572,-0.8717572,-8.915277,1.8926885,0.44674152,-1.7795378,2.9975352,-0.3447869,0,-0.15705698013305663,-0.15569857279459634,0.4214715099334717,0.42215071360270184,-0.7657418651086474,0.6381615313518161,0.0799328213103672,0.49688909013285665,28.46964775070824,1
0.49000000000000027,15.49785185507192,-0.6983108426847978,0.8855709740789909,-0.21824792185126485,16.581387,-1.6404532,2.2067513,-0.32555985,13.665849,-10.700001,1.4527892,-0.2947109,0.22541337,-0.32046685,-0.87157077,-8.945828,1.9999542,0.45624575,-0.69831085,0.885571,-0.21824792,0,-0.15705698013305663,-0.15569857279459634,0.4214715099334717,0.42215071360270184,-0.7657418651086474,0.6381615313518161,0.0799328213103672,0.49688909013285665,28.46964775070824,1
0.5000000000000002,15.49785185507192,-0.6983108426847978,0.8855709740789909,-0.21824792185126485,16.581387,-1.6404532,2.2067513,-0.32555985,13.576231,-10.679466,1.4573978,-0.29345113,0.23064752,-0.31847736,-0.87135565,-8.978089,2.1070561,0.4654143,-0.69831085,0.885571,-0.21824792,0,-0.15705698013305663,-0.15569857279459634,0.4214715099334717,0.42215071360270184,-0.7657418651086474,0.6381615313518161,0.0799328213103672,0.49688909013285665,28.46964775070824,1
0.5100000000000002,15.49785185507192,-0.6983108426847978,0.8855709740789909,-0.21824792185126485,16.581387,-1.6404532,2.2067513,-0.32555985,13.486282,-10.65786,1.4620965,-0.29218167,0.23587406,-0.3164774,-0.87111175,-9.0120535,2.2139833,0.4742308,-0.69831085,0.885571,-0.21824792,0,-0.15705698013305663,-0.15569857279459634,0.4214715099334717,0.42215071360270184,-0.7657418651086474,0.6381615313518161,0.0799328213103672,0.49688909013285665,28.46964775070824,1
0.5200000000000002,14.969329136648534,-0.11641507677633016,-0.3960714228633463,-0.2715484850098782,17.02704,-1.7557791,1.4063778,-0.30035254,13.395985,-10.635185,1.4668814,-0.29090255,0.24109283,-0.31446698,-0.8708391,-9.047715,2.3207247,0.48267907,-0.69831085,0.885571,-0.21824792,0,-0.15705698013305663,-0.15569857279459634,0.4214715099334717,0.42215071360270184,-0.7657418651086474,0.6381615313518161,0.0799328213103672,0.49688909013285665,28.46964775070824,1
0.5300000000000002,14.969329136648534,-0.11641507677633016,-0.3960714228633463,-0.2715484850098782,17.02704,-1.7557791,1.4063778,-0.30035254,13.30533,-10.611464,1.4717317,-0.29256645,0.23996381,-0.31305566,-0.871102,-9.083069,2.4235885,0.4874246,-0.116415076,-0.39607143,-0.27154848,0,-0.15705698013305663,-0.15569857279459634,0.4214715099334717,0.42215071360270184,-0.7657418651086474,0.6381615313518161,0.0799328213103672,0.49688909013285665,28.46964775070824,1
0.5400000000000003,14.969329136648534,-0.11641507677633016,-0.3960714228633463,-0.2715484850098782,17.02704,-1.7557791,1.4063778,-0.30035254,13.214325,-10.586715,1.4766315,-0.29422858,0.23883335,-0.31164244,-0.8713595,-9.118114,2.526129,0.4925974,-0.116415076,-0.39607143,-0.27154848,0,-0.11769501686096191,-0.26235989888509115,0.441152491569519,0.3688200505574544,-0.7409429009582833,0.6632326905216736,0.10547993052190643,0.45984588301161367,26.347228323032066,1
0.5500000000000003,14.969329136648534,-0.11641507677633016,-0.3960714228633463,-0.2715484850098782,17.02704,-1.7557791,1.4063778,-0.30035254,13.12297,-10.560941,1.4815853,-0.2958889,0.2377014,-0.3102273,-0.8716118,-9.152852,2.628344,0.49819604,-0.116415076,-0.39607143,-0.27154848,0,-0.11769501686096191,-0.26235989888509115,0.441152491569519,0.3688200505574544,-0.7409429009582833,0.6632326905216736,0.10547993052190643,0.45984588301161367,26.347228323032066,1
0.5600000000000003,14.324711091347053,0.06161421482039903,-0.8435029983340863,-0.28936958505406574,16.493282,-2.1262958,1.5549744,-0.25396785,13.031268,-10.534148,1.486597,-0.29754743,0.23656802,-0.30881026,-0.87185866,-9.1872835,2.7302308,0.5042191,-0.116415076,-0.39607143,-0.27154848,0,-0.11769501686096191,-0.26235989888509115,0.441152491569519,0.3688200505574544,-0.7409429009582833,0.6632326905216736,0.10547993052190643,0.45984588301161367,26.347228323032066,1
0.5700000000000003,14.324711091347053,0.06161421482039903,-0.8435029983340863,-0.28936958505406574,16.493282,-2.1262958,1.5549744,-0.25396785,12.939233,-10.50636,1.4916489,-0.30018118,0.23324372,-0.3074786,-0.872322,-9.219705,2.8273835,0.5062679,0.061614215,-0.843503,-0.28936958,0,-0.11769501686096191,-0.26235989888509115,0.441152491569519,0.3688200505574544,-0.7409429009582833,0.6632326905216736,0.10547993052190643,0.45984588301161367,26.347228323032066,1
0.5800000000000003,14.324711091347053,0.06161421482039903,-0.8435029983340863,-0.28936958505406574,16.493282,-2.1262958,1.5549744,-0.25396785,12.846878,-10.477602,1.4967247,-0.30280894,0.22991477,-0.30614078,-0.872768,-9.251208,2.9241338,0.50899726,0.061614215,-0.843503,-0.28936958,0,-0.11769501686096191,-0.26235989888509115,0.441152491569519,0.3688200505574544,-0.7409429009582833,0.6632326905216736,0.10547993052190643,0.45984588301161367,26.347228323032066,1
0.5900000000000003,14.324711091347053,0.06161421482039903,-0.8435029983340863,-0.28936958505406574,16.493282,-2.1262958,1.5549744,-0.25396785,12.754211,-10.44788,1.5018313,-0.30543065,0.22658123,-0.30479684,-0.8731965,-9.281795,3.020472,0.51240134,0.061614215,-0.843503,-0.28936958,0,-0.11769501686096191,-0.26235989888509115,0.441152491569519,0.3688200505574544,-0.7409429009582833,0.6632326905216736,0.10547993052190643,0.45984588301161367,26.347228323032066,1
0.6000000000000003,13.84838353143951,0.11849691362648315,-0.5230164378662865,-0.31094845793001963,14.842904,-1.458619,2.0486445,0.4490285,12.661243,-10.417196,1.5069752,-0.30804628,0.22324316,-0.30344683,-0.8736076,-9.311461,3.1163895,0.5164744,0.061614215,-0.843503,-0.28936958,0,-0.08957670211791992,-0.1842817179361979,0.45521164894104005,0.407859141031901,-0.7290427286677617,0.6818533411854982,0.059772241808691146,0.42899941233308203,24.57985574027816,0
0.6100000000000003,13.84838353143951,0.11849691362648315,-0.5230164378662865,-0.31094845793001963,14.842904,-1.458619,2.0486445,0.4490285,12.567989,-10.385571,1.5121456,-0.31032884,0.2212468,-0.30281034,-0.8735285,-9.339353,3.2087872,0.51768404,0.11849692,-0.52301645,-0.31094846,0,-0.08957670211791992,-0.1842817179361979,0.45521164894104005,0.407859141031901,-0.7290427286677617,0.6818533411854982,0.059772241808691146,0.42899941233308203,24.57985574027816,0
0.6200000000000003,13.84838353143951,0.11849691362648315,-0.5230164378662865,-0.31094845793001963,14.842904,-1.458619,2.0486445,0.4490285,12.474459,-10.353022,1.5173299,-0.31260842,0.21924831,-0.3021709,-0.873441,-9.366619,3.3009925,0.5192457,0.11849692,-0.52301645,-0.31094846,0,-0.08957670211791992,-0.1842817179361979,0.45521164894104005,0.407859141031901,-0.7290427286677617,0.6818533411854982,0.059772241808691146,0.42899941233308203,24.57985574027816,0
0.6300000000000003,13.84838353143951,0.11849691362648315,-0.5230164378662865,-0.31094845793001963,14.842904,-1.458619,2.0486445,0.4490285,12.380659,-10.319551,1.5225317,-0.314885,0.21724772,-0.3015286,-0.8733451,-9.393263,3.3930008,0.5211577,0.11849692,-0.52301645,-0.31094846,0,-0.08957670211791992,-0.1842817179361979,0.45521164894104005,0.407859141031901,-0.7290427286677617,0.6818533411854982,0.059772241808691146,0.42899941233308203,24.57985574027816,0
0.6400000000000003,13.84838353143951,0.11849691362648315,-0.5230164378662865,-0.31094845793001963,14.866807,-1.4789177,1.8013664,0.3137915,12.286595,-10.285162,1.5277543,-0.31715852,0.21524505,-0.30088338,-0.87324077,-9.419281,3.4848075,0.52341825,0.11849692,-0.52301645,-0.31094846,0,-0.08957670211791992,-0.1842817179361979,0.45521164894104005,0.407859141031901,-0.7290427286677617,0.6818533411854982,0.059772241808691146,0.42899941233308203,24.57985574027816,0
0.6500000000000004,13.84838353143951,0.11849691362648315,-0.5230164378662865,-0.31094845793001963,14.866807,-1.4789177,1.8013664,0.3137915,12.192276,-10.249857,1.5330012,-0.31942904,0.21324031,-0.30023524,-0.8731281,-9.444676,3.5764089,0.5260258,0.11849692,-0.52301645,-0.31094846,0,-0.08957670211791992,-0.1842817179361979,0.45521164894104005,0.407859141031901,-0.7290427286677617,0.6818533411854982,0.059772241808691146,0.42899941233308203,24.57985574027816,0
0.6600000000000004,13.84838353143951,0.11849691362648315,-0.5230164378662865,-0.31094845793001963,14.866807,-1.4789177,1.8013664,0.3137915,12.097705,-10.213636,1.5382758,-0.32169646,0.21123351,-0.29958424,-0.87300706,-9.469447,3.6678007,0.52897847,0.11849692,-0.52301645,-0.31094846,0,-0.08957670211791992,-0.1842817179361979,0.45521164894104005,0.407859141031901,-0.7290427286677617,0.6818533411854982,0.059772241808691146,0.42899941233308203,24.57985574027816,0
0.6700000000000004,13.84838353143951,0.11849691362648315,-0.5230164378662865,-0.31094845793001963,14.866807,-1.4789177,1.8013664,0.3137915,12.002889,-10.176502,1.543582,-0.32396078,0.20922469,-0.29893038,-0.8728776,-9.493596,3.7589786,0.5322746,0.11849692,-0.52301645,-0.31094846,0,-0.1539591121673584,-0.18337013244628905,0.4230204439163208,0.40831493377685546,-0.7423913754065957,0.6613627381397974,0.10702511070834261,0.35073026515788586,20.095363941051126,0
0.6800000000000004,13.30081772421237,0.11064840658446941,-0.40289467603746154,-0.31027819033451315,13.970809,-1.2875592,0.9716324,0.21823233,11.907834,-10.138457,1.5489227,-0.326222,0.20721385,-0.29827365,-0.87273973,-9.517123,3.8499382,0.5359124,0.11849692,-0.52301645,-0.31094846,0,-0.1539591121673584,-0.18337013244628905,0.4230204439163208,0.40831493377685546,-0.7423913754065957,0.6613627381397974,0.10702511070834261,0.35073026515788586,20.095363941051126,0
0.6900000000000004,13.30081772421237,0.11064840658446941,-0.40289467603746154,-0.31027819033451315,13.970809,-1.2875592,0.9716324,0.21823233,11.812552,-10.099523,1.5542811,-0.32829037,0.20573731,-0.29777685,-0.8724831,-9.539167,3.937112,0.53582215,0.11064841,-0.40289468,-0.31027818,0,-0.1539591121673584,-0.18337013244628905,0.4230204439163208,0.40831493377685546,-0.7423913754065957,0.6613627381397974,0.10702511070834261,0.35073026515788586,20.095363941051126,0
0.7000000000000004,13.30081772421237,0.11064840658446941,-0.40289467603746154,-0.31027819033451315,13.970809,-1.2875592,0.9716324,0.21823233,11.717052,-10.059716,1.5596399,-0.3303565,0.20425935,-0.29727802,-0.8722205,-9.560734,4.0241346,0.5359726,0.11064841,-0.40289468,-0.31027818,0,-0.1539591121673584,-0.18337013244628905,0.4230204439163208,0.40831493377685546,-0.7423913754065957,0.6613627381397974,0.10702511070834261,0.35073026515788586,20.095363941051126,0
0.7100000000000004,13.30081772421237,0.11064840658446941,-0.40289467603746154,-0.31027819033451315,13.970809,-1.2875592,0.9716324,0.21823233,11.621339,-10.019041,1.5650015,-0.3324204,0.20278002,-0.2967772,-0.87195206,-9.581823,4.1110024,0.5363629,0.11064841,-0.40289468,-0.31027818,0,-0.1539591121673584,-0.18337013244628905,0.4230204439163208,0.40831493377685546,-0.7423913754065957,0.6613627381397974,0.10702511070834261,0.35073026515788586,20.095363941051126,0
0.7200000000000004,12.616642069151844,0.1655854634918298,-0.6055080817590841,-0.3202991853901922,12.968793,-1.0985869,0.5932446,0.21343464,11.525416,-9.977497,1.5703682,-0.33448204,0.20129932,-0.29627436,-0.8716777,-9.602436,4.1977134,0.53699225,0.11064841,-0.40289468,-0.31027818,0,-0.1539591121673584,-0.18337013244628905,0.4230204439163208,0.40831493377685546,-0.7423913754065957,0.6613627381397974,0.10702511070834261,0.35073026515788586,20.095363941051126,0
0.7300000000000004,12.616642069151844,0.1655854634918298,-0.6055080817590841,-0.3202991853901922,12.968793,-1.0985869,0.5932446,0.21343464,11.429296,-9.935109,1.5757169,-0.3369396,0.19885659,-0.29565918,-0.8715008,-9.621452,4.2797832,0.53281146,0.16558546,-0.6055081,-0.32029918,0,-0.1539591121673584,-0.18337013244628905,0.4230204439163208,0.40831493377685546,-0.7423913754065957,0.6613627381397974,0.10702511070834261,0.35073026515788586,20.095363941051126,0
0.7400000000000004,12.616642069151844,0.1655854634918298,-0.6055080817590841,-0.3202991853901922,12.968793,-1.0985869,0.5932446,0.21343464,11.33299,-9.891902,1.5810255,-0.339393,0.1964114,-0.2950403,-0.87131304,-9.6397915,4.36162,0.5289684,0.16558546,-0.6055081,-0.32029918,0,-0.09712937355041504,-0.13097632090250652,0.45143531322479247,0.4345118395487467,-0.7009022364434606,0.7106303008287665,0.06116069401643119,0.36739207819968156,21.050015507382053,0
0.7500000000000004,12.616642069151844,0.1655854634918298,-0.6055080817590841,-0.3202991853901922,12.968793,-1.0985869,0.5932446,0.21343464,11.236503,-9.847878,1.5862975,-0.34184214,0.19396377,-0.29441777,-0.87111443,-9.6574545,4.443218,0.5254605,0.16558546,-0.6055081,-0.32029918,0,-0.09712937355041504,-0.13097632090250652,0.45143531322479247,0.4345118395487467,-0.7009022364434606,0.7106303008287665,0.06116069401643119,0.36739207819968156,21.050015507382053,0
0.7600000000000005,12.038429328632919,0.2069840633850124,-0.6244871014647524,-0.318225776270981,11.615668,-0.8626252,0.12280055,0.29080212,11.139844,-9.80304,1.5915359,-0.34428707,0.19151372,-0.2937916,-0.87090504,-9.67444,4.524574,0.5222854,0.16558546,-0.6055081,-0.32029918,0,-0.09712937355041504,-0.13097632090250652,0.45143531322479247,0.4345118395487467,-0.7009022364434606,0.7106303008287665,0.06116069401643119,0.36739207819968156,21.050015507382053,0
0.7700000000000005,12.038429328632919,0.2069840633850124,-0.6244871014647524,-0.318225776270981,11.615668,-0.8626252,0.12280055,0.29080212,11.043021,-9.757407,1.5967225,-0.34678602,0.18890424,-0.2933112,-0.8706454,-9.689983,4.601971,0.51507264,0.20698406,-0.6244871,-0.31822577,0,-0.09712937355041504,-0.13097632090250652,0.45143531322479247,0.4345118395487467,-0.7009022364434606,0.7106303008287665,0.06116069401643119,0.36739207819968156,21.050015507382053,0
0.7800000000000005,12.038429328632919,0.2069840633850124,-0.6244871014647524,-0.318225776270981,11.615668,-0.8626252,0.12280055,0.29080212,10.946046,-9.711001,1.6018385,-0.34928036,0.18629225,-0.29282692,-0.8703741,-9.704832,4.679144,0.5081658,0.20698406,-0.6244871,-0.31822577,0,-0.09712937355041504,-0.13097632090250652,0.45143531322479247,0.4345118395487467,-0.7009022364434606,0.7106303008287665,0.06116069401643119,0.36739207819968156,21.050015507382053,0
0.7900000000000005,12.038429328632919,0.2069840633850124,-0.6244871014647524,-0.318225776270981,11.615668,-0.8626252,0.12280055,0.29080212,10.848927,-9.663825,1.6068869,-0.35177004,0.18367778,-0.29233873,-0.87009114,-9.718985,4.756088,0.5015622,0.20698406,-0.6244871,-0.31822577,0,-0.09712937355041504,-0.13097632090250652,0.45143531322479247,0.4345118395487467,-0.7009022364434606,0.7106303008287665,0.06116069401643119,0.36739207819968156,21.050015507382053,0
0.8000000000000005,11.481913474522404,0.21909966454119853,-1.0439738127118712,-0.31665013756367466,10.548473,-0.66797763,0.12199917,0.22673601,10.751669,-9.61588,1.6118708,-0.35425502,0.18106085,-0.29184663,-0.8697966,-9.732443,4.8327985,0.4952593,0.20698406,-0.6244871,-0.31822577,0,-0.17377552032470703,-0.1003138796488444,0.4131122398376465,0.4498430601755778,-0.7319619833871968,0.6757754959936098,0.08694327973151283,0.28461031502255496,16.30696985668121,0
0.8100000000000005,11.481913474522404,0.21909966454119853,-1.0439738127118712,-0.31665013756367466,10.548473,-0.66797763,0.12199917,0.22673601,10.654284,-9.567187,1.616772,-0.35734838,0.17659183,-0.29065913,-0.86984766,-9.744491,4.905645,0.48508874,0.21909967,-1.0439738,-0.31665015,0,-0.17377552032470703,-0.1003138796488444,0.4131122398376465,0.4498430601755778,-0.7319619833871968,0.6757754959936098,0.08694327973151283,0.28461031502255496,16.30696985668121,0
0.8200000000000005,11.481913474522404,0.21909966454119853,-1.0439738127118712,-0.31665013756367466,10.548473,-0.66797763,0.12199917,0.22673601,10.556783,-9.517768,1.6215743,-0.3604307,0.17211735,-0.28946266,-0.8698718,-9.755538,4.9780154,0.47544098,0.21909967,-1.0439738,-0.31665015,0,-0.17377552032470703,-0.1003138796488444,0.4131122398376465,0.4498430601755778,-0.7319619833871968,0.6757754959936098,0.08694327973151283,0.28461031502255496,16.30696985668121,0
0.8300000000000005,11.481913474522404,0.21909966454119853,-1.0439738127118712,-0.31665013756367466,10.548473,-0.66797763,0.12199917,0.22673601,10.459176,-9.4676285,1.6262827,-0.36350182,0.16763753,-0.2882572,-0.869869,-9.765586,5.049899,0.46630782,0.21909967,-1.0439738,-0.31665015,0,-0.17377552032470703,-0.1003138796488444,0.4131122398376465,0.4498430601755778,-0.7319619833871968,0.6757754959936098,0.08694327973151283,0.28461031502255496,16.30696985668121,0
0.8400000000000005,11.481913474522404,0.21909966454119853,-1.0439738127118712,-0.31665013756367466,9.934005,-0.38003018,-0.3600122,0.04866994,10.361474,-9.416773,1.6309022,-0.3665617,0.16315252,-0.28704286,-0.86983925,-9.774636,5.1212854,0.457681,0.21909967,-1.0439738,-0.31665015,0,-0.17377552032470703,-0.1003138796488444,0.4131122398376465,0.4498430601755778,-0.7319619833871968,0.6757754959936098,0.08694327973151283,0.28461031502255496,16.30696985668121,0
0.8500000000000005,11.481913474522404,0.21909966454119853,-1.0439738127118712,-0.31665013756367466,9.934005,-0.38003018,-0.3600122,0.04866994,10.263687,-9.365206,1.635438,-0.36961025,0.15866247,-0.28581962,-0.8697826,-9.78269,5.192163,0.44955215,0.21909967,-1.0439738,-0.31665015,0,-0.17377552032470703,-0.1003138796488444,0.4131122398376465,0.4498430601755778,-0.7319619833871968,0.6757754959936098,0.08694327973151283,0.28461031502255496,16.30696985668121,0
0.8600000000000005,11.481913474522404,0.21909966454119853,-1.0439738127118712,-0.31665013756367466,9.934005,-0.38003018,-0.3600122,0.04866994,10.165824,-9.312933,1.639895,-0.37264735,0.1541675,-0.28458753,-0.86969906,-9.789748,5.2625217,0.44191286,0.21909967,-1.0439738,-0.31665015,0,-0.17377552032470703,-0.1003138796488444,0.4131122398376465,0.4498430601755778,-0.7319619833871968,0.6757754959936098,0.08694327973151283,0.28461031502255496,16.30696985668121,0
0.8700000000000006,11.481913474522404,0.21909966454119853,-1.0439738127118712,-0.31665013756367466,9.934005,-0.38003018,-0.3600122,0.04866994,10.067897,-9.259958,1.6442779,-0.3756729,0.14966777,-0.28334662,-0.86958855,-9.795812,5.332351,0.4347547,0.21909967,-1.0439738,-0.31665015,0,-0.19596237182617188,0.07641560872395833,0.4020188140869141,0.5382078043619791,-0.7571479931816523,0.6531889818901437,-0.00843032373720295,0.21332380278582574,12.222553569308928,0
0.8800000000000006,11.153328891683756,0.21802950792719963,-1.0813252344576545,-0.3176997493208966,9.449607,-0.22580889,-0.4311343,0.015368706,9.969913,-9.206288,1.6485916,-0.37868685,0.14516342,-0.28209695,-0.86945117,-9.800883,5.4016404,0.42806914,0.21909967,-1.0439738,-0.31665015,0,-0.19596237182617188,0.07641560872395833,0.4020188140869141,0.5382078043619791,-0.7571479931816523,0.6531889818901437,-0.00843032373720295,0.21332380278582574,12.222553569308928,0
0.8900000000000006,11.153328891683756,0.21802950792719963,-1.0813252344576545,-0.3176997493208966,9.449607,-0.22580889,-0.4311343,0.015368706,9.871882,-9.1519375,1.6528279,-0.38174516,0.14049554,-0.28076214,-0.86931264,-9.804837,5.468403,0.4192256,0.21802951,-1.0813253,-0.31769976,0,-0.19596237182617188,0.07641560872395833,0.4020188140869141,0.5382078043619791,-0.7571479931816523,0.6531889818901437,-0.00843032373720295,0.21332380278582574,12.222553569308928,0
0.9000000000000006,11.153328891683756,0.21802950792719963,-1.0813252344576545,-0.3176997493208966,9.449607,-0.22580889,-0.4311343,0.015368706,9.773818,-9.096922,1.6569779,-0.3847909,0.13582304,-0.27941805,-0.8691455,-9.807803,5.5345955,0.4108437,0.21802951,-1.0813253,-0.31769976,0,-0.19596237182617188,0.07641560872395833,0.4020188140869141,0.5382078043619791,-0.7571479931816523,0.6531889818901437,-0.00843032373720295,0.21332380278582574,12.222553569308928,0
0.9100000000000006,11.153328891683756,0.21802950792719963,-1.0813252344576545,-0.3176997493208966,9.449607,-0.22580889,-0.4311343,0.015368706,9.67573,-9.041248,1.6610464,-0.38782397,0.13114606,-0.2780648,-0.8689498,-9.809783,5.600207,0.40291432,0.21802951,-1.0813253,-0.31769976,0,-0.19596237182617188,0.07641560872395833,0.4020188140869141,0.5382078043619791,-0.7571479931816523,0.6531889818901437,-0.00843032373720295,0.21332380278582574,12.222553569308928,0
0.9200000000000006,10.806516912411297,0.1981263645483993,-1.1074418151533143,-0.3073498776760937,9.184786,0.02404449,-0.73304915,-0.045347087,9.577626,-8.9849205,1.6650379,-0.39084426,0.12646477,-0.27670234,-0.8687254,-9.81078,5.665228,0.3954283,0.21802951,-1.0813253,-0.31769976,0,-0.19596237182617188,0.07641560872395833,0.4020188140869141,0.5382078043619791,-0.7571479931816523,0.6531889818901437,-0.00843032373720295,0.21332380278582574,12.222553569308928,0
0.9300000000000006,10.806516912411297,0.1981263645483993,-1.1074418151533143,-0.3073498776760937,9.184786,0.02404449,-0.73304915,-0.045347087,9.479517,-8.927956,1.6689423,-0.3938301,0.12169038,-0.27519968,-0.86853623,-9.810793,5.727633,0.38555294,0.19812636,-1.1074418,-0.3073499,0,-0.19596237182617188,0.07641560872395833,0.4020188140869141,0.5382078043619791,-0.7571479931816523,0.6531889818901437,-0.00843032373720295,0.21332380278582574,12.222553569308928,0
0.9400000000000006,10.806516912411297,0.1981263645483993,-1.1074418151533143,-0.3073498776760937,9.184786,0.02404449,-0.73304915,-0.045347087,9.381413,-8.87037,1.6727502,-0.39680248,0.11691184,-0.2736877,-0.8683175,-9.809855,5.789416,0.37610936,0.19812636,-1.1074418,-0.3073499,0,-0.16936084747314453,0.017992358207702636,0.41531957626342775,0.5089961791038513,-0.6863523306294599,0.7211274259993966,0.09431709129841631,0.2769453725230173,15.867801001247246,0
0.9500000000000006,10.806516912411297,0.1981263645483993,-1.1074418151533143,-0.3073498776760937,9.184786,0.02404449,-0.73304915,-0.045347087,9.283324,-8.812169,1.676466,-0.39976138,0.11212934,-0.2721664,-0.8680692,-9.807969,5.850567,0.367088,0.19812636,-1.1074418,-0.3073499,0,-0.16936084747314453,0.017992358207702636,0.41531957626342775,0.5089961791038513,-0.6863523306294599,0.7211274259993966,0.09431709129841631,0.2769453725230173,15.867801001247246,0
0.9600000000000006,10.630505379804616,0.14726238414282317,-1.1971234559536694,-0.30077149602039843,9.086395,0.053778566,-1.0129069,-0.11706268,9.185258,-8.75336,1.6800935,-0.40270668,0.10734302,-0.27063584,-0.8677913,-9.805137,5.911075,0.35847923,0.19812636,-1.1074418,-0.3073499,0,-0.16936084747314453,0.017992358207702636,0.41531957626342775,0.5089961791038513,-0.6863523306294599,0.7211274259993966,0.09431709129841631,0.2769453725230173,15.867801001247246,0
0.9700000000000006,10.630505379804616,0.14726238414282317,-1.1971234559536694,-0.30077149602039843,9.086395,0.053778566,-1.0129069,-0.11706268,9.087225,-8.6939535,1.6836296,-0.4057029,0.10225719,-0.26869774,-0.8676121,-9.801414,5.9699225,0.34883133,0.14726238,-1.1971234,-0.3007715,0,-0.16936084747314453,0.017992358207702636,0.41531957626342775,0.5089961791038513,-0.6863523306294599,0.7211274259993966,0.09431709129841631,0.2769453725230173,15.867801001247246,0
0.9800000000000006,10.630505379804616,0.14726238414282317,-1.1971234559536694,-0.30077149602039843,9.086395,0.053778566,-1.0129069,-0.11706268,8.989235,-8.633964,1.6870716,-0.40868342,0.09716741,-0.26674923,-0.8673995,-9.796744,6.028028,0.3396281,0.14726238,-1.1971234,-0.3007715,0,-0.16936084747314453,0.017992358207702636,0.41531957626342775,0.5089961791038513,-0.6863523306294599,0.7211274259993966,0.09431709129841631,0.2769453725230173,15.867801001247246,0
0.9900000000000007,10.630505379804616,0.14726238414282317,-1.1971234559536694,-0.30077149602039843,9.086395,0.053778566,-1.0129069,-0.11706268,8.8912945,-8.573396,1.6904237,-0.41164815,0.09207389,-0.26479045,-0.86715335,-9.791133,6.0853806,0.3308583,0.14726238,-1.1971234,-0.3007715,0,-0.16936084747314453,0.017992358207702636,0.41531957626342775,0.5089961791038513,-0.6863523306294599,0.7211274259993966,0.09431709129841631,0.2769453725230173,15.867801001247246,0
1.0000000000000007,10.549282391059933,0.13031098548953723,-0.9281381990413184,-0.28813678093892614,9.28138,0.22576717,-0.9986693,-0.05820381,8.793415,-8.5122595,1.6936902,-0.41459697,0.0869768,-0.2628214,-0.8668737,-9.784581,6.141969,0.32251048,0.14726238,-1.1971234,-0.3007715,0,-0.136112060546875,0.08089825312296549,0.4319439697265625,0.5404491265614827,-0.64825238481018,0.7571054790472067,0.080994686150476,0.30214733470433863,17.311767069685274,0
1.0100000000000007,10.549282391059933,0.13031098548953723,-0.9281381990413184,-0.28813678093892614,9.28138,0.22576717,-0.9986693,-0.05820381,8.695605,-8.4505625,1.6968718,-0.41711724,0.08306138,-0.26133373,-0.8664984,-9.777224,6.197426,0.31384823,0.13031098,-0.9281382,-0.28813678,0,-0.136112060546875,0.08089825312296549,0.4319439697265625,0.5404491265614827,-0.64825238481018,0.7571054790472067,0.080994686150476,0.30214733470433863,17.311767069685274,0
1.0200000000000007,10.549282391059933,0.13031098548953723,-0.9281381990413184,-0.28813678093892614,9.28138,0.22576717,-0.9986693,-0.05820381,8.597873,-8.388314,1.6999682,-0.4196275,0.07914397,-0.25983977,-0.8661022,-9.769136,6.252289,0.30548847,0.13031098,-0.9281382,-0.28813678,0,-0.136112060546875,0.08089825312296549,0.4319439697265625,0.5404491265614827,-0.64825238481018,0.7571054790472067,0.080994686150476,0.30214733470433863,17.311767069685274,0
1.0300000000000007,10.549282391059933,0.13031098548953723,-0.9281381990413184,-0.28813678093892614,9.28138,0.22576717,-0.9986693,-0.05820381,8.500225,-8.325519,1.7029824,-0.4221276,0.07522465,-0.25833958,-0.8656852,-9.760322,6.306552,0.29742455,0.13031098,-0.9281382,-0.28813678,0,-0.136112060546875,0.08089825312296549,0.4319439697265625,0.5404491265614827,-0.64825238481018,0.7571054790472067,0.080994686150476,0.30214733470433863,17.311767069685274,0
1.0400000000000007,10.549282391059933,0.13031098548953723,-0.9281381990413184,-0.28813678093892614,9.550207,0.08208177,-0.81475025,0.018210536,8.402669,-8.262185,1.7059176,-0.42461756,0.07130353,-0.2568332,-0.8652475,-9.750781,6.3602076,0.2896498,0.13031098,-0.9281382,-0.28813678,1,-0.136112060546875,0.08089825312296549,0.4319439697265625,0.5404491265614827,-0.64825238481018,0.7571054790472067,0.080994686150476,0.30214733470433863,17.311767069685274,0
1.0500000000000007,10.549282391059933,0.13031098548953723,-0.9281381990413184,-0.28813678093892614,9.550207,0.08208177,-0.81475025,0.018210536,8.305207,-8.198342,1.7087334,-0.42561075,0.067580484,-0.25546283,-0.865464,-9.74153,6.4082475,0.27356926,0.08208177,-0.81475025,0.018210536,1,-0.136112060546875,0.08089825312296549,0.4319439697265625,0.5404491265614827,-0.64825238481018,0.7571054790472067,0.080994686150476,0.30214733470433863,17.311767069685274,0
1.0600000000000007,10.549282391059933,0.13031098548953723,-0.9281381990413184,-0.28813678093892614,9.550207,0.08208177,-0.81475025,0.018210536,8.207841,-8.134022,1.7113897,-0.4265968,0.06385631,-0.25408816,-0.8656659,-9.731727,6.455781,0.2577195,0.08208177,-0.81475025,0.018210536,1,-0.136112060546875,0.08089825312296549,0.4319439697265625,0.5404491265614827,-0.64825238481018,0.7571054790472067,0.080994686150476,0.30214733470433863,17.311767069685274,0
1.0700000000000007,10.549282391059933,0.13031098548953723,-0.9281381990413184,-0.28813678093892614,9.550207,0.08208177,-0.81475025,0.018210536,8.110576,-8.069228,1.7138885,-0.42757568,0.060131066,-0.2527093,-0.86585337,-9.721377,6.5028057,0.24209489,0.08208177,-0.81475025,0.018210536,1,-0.16106760025024414,0.07752813975016276,0.41946619987487793,0.5387640698750814,-0.6330686923947388,0.7604683647270437,0.1446094635872485,0.2870068319708934,16.444280163352573,0
1.0800000000000007,10.666686599077513,0.06085436911087835,-0.5751129429774946,-0.2832694762311728,9.769765,0.03860102,-0.41753224,0.13861859,8.013416,-8.003967,1.7162323,-0.4285474,0.05640481,-0.25132617,-0.8660263,-9.710479,6.549317,0.2266899,0.08208177,-0.81475025,0.018210536,1,-0.16106760025024414,0.07752813975016276,0.41946619987487793,0.5387640698750814,-0.6330686923947388,0.7604683647270437,0.1446094635872485,0.2870068319708934,16.444280163352573,0
1.0900000000000007,10.666686599077513,0.06085436911087835,-0.5751129429774946,-0.2832694762311728,9.769765,0.03860102,-0.41753224,0.13861859,7.9163694,-7.938238,1.7184324,-0.4284817,0.0543398,-0.25063714,-0.86639047,-9.698872,6.596467,0.21336602,0.03860102,-0.41753224,0.13861859,1,-0.16106760025024414,0.07752813975016276,0.41946619987487793,0.5387640698750814,-0.6330686923947388,0.7604683647270437,0.1446094635872485,0.2870068319708934,16.444280163352573,0
1.1000000000000008,10.666686599077513,0.06085436911087835,-0.5751129429774946,-0.2832694762311728,9.769765,0.03860102,-0.41753224,0.13861859,7.81944,-7.872039,1.7204999,-0.4284139,0.052274525,-0.24994689,-0.86675036,-9.68698,6.6433444,0.20015375,0.03860102,-0.41753224,0.13861859,1,-0.16106760025024414,0.07752813975016276,0.41946619987487793,0.5387640698750814,-0.6330686923947388,0.7604683647270437,0.1446094635872485,0.2870068319708934,16.444280163352573,0
1.1100000000000008,10.666686599077513,0.06085436911087835,-0.5751129429774946,-0.2832694762311728,9.769765,0.03860102,-0.41753224,0.13861859,7.7226305,-7.805372,1.7224358,-0.428344,0.050208997,-0.24925542,-0.8671061,-9.674804,6.6899486,0.18705139,0.03860102,-0.41753224,0.13861859,1,-0.16106760025024414,0.07752813975016276,0.41946619987487793,0.5387640698750814,-0.6330686923947388,0.7604683647270437,0.1446094635872485,0.2870068319708934,16.444280163352573,0
1.1200000000000008,11.037102307900112,0.051491593023456794,-0.5634078103061673,-0.32028942894966766,10.041277,-0.12329837,0.17613432,0.24606049,7.6259446,-7.7382407,1.7242413,-0.42827204,0.04814322,-0.24856272,-0.86745757,-9.662342,6.7362795,0.17405716,0.03860102,-0.41753224,0.13861859,1,-0.16106760025024414,0.07752813975016276,0.41946619987487793,0.5387640698750814,-0.6330686923947388,0.7604683647270437,0.1446094635872485,0.2870068319708934,16.444280163352573,0
1.1300000000000008,11.037102307900112,0.051491593023456794,-0.5634078103061673,-0.32028942894966766,10.041277,-0.12329837,0.17613432,0.24606049,7.529386,-7.6706405,1.725929,-0.42695567,0.04886532,-0.248464,-0.86809415,-9.649427,6.7837453,0.16349518,-0.12329837,0.17613432,0.24606049,1,-0.16106760025024414,0.07752813975016276,0.41946619987487793,0.5387640698750814,-0.6330686923947388,0.7604683647270437,0.1446094635872485,0.2870068319708934,16.444280163352573,0
1.1400000000000008,11.037102307900112,0.051491593023456794,-0.5634078103061673,-0.32028942894966766,10.041277,-0.12329837,0.17613432,0.24606049,7.4329557,-7.602566,1.7275112,-0.42563814,0.049587287,-0.24836463,-0.86872846,-9.636719,6.831275,0.15292895,-0.12329837,0.17613432,0.24606049,1,-0.1784882926940918,0.3038319142659505,0.4107558536529541,0.6519159571329752,-0.7081397656871522,0.7056146782235171,-0.025416493229159537,0.1669513330467205,9.565606767660071,0
1.1500000000000008,11.037102307900112,0.051491593023456794,-0.5634078103061673,-0.32028942894966766,10.041277,-0.12329837,0.17613432,0.24606049,7.3366513,-7.534015,1.7289876,-0.42431948,0.050309125,-0.24826458,-0.8693604,-9.624218,6.878867,0.14235832,-0.12329837,0.17613432,0.24606049,1,-0.1784882926940918,0.3038319142659505,0.4107558536529541,0.6519159571329752,-0.7081397656871522,0.7056146782235171,-0.025416493229159537,0.1669513330467205,9.565606767660071,0
1.1600000000000008,11.494851522599488,0.06252278741904564,-0.3385148361882164,-0.37059850780455506,10.232877,-0.2781551,0.72554183,0.21135062,7.240471,-7.464988,1.7303582,-0.42299968,0.05103083,-0.24816388,-0.86999005,-9.611923,6.9265223,0.13178311,-0.12329837,0.17613432,0.24606049,0,-0.1784882926940918,0.3038319142659505,0.4107558536529541,0.6519159571329752,-0.7081397656871522,0.7056146782235171,-0.025416493229159537,0.1669513330467205,9.565606767660071,0
1.1700000000000008,11.494851522599488,0.06252278741904564,-0.3385148361882164,-0.37059850780455506,10.232877,-0.2781551,0.72554183,0.21135062,7.1444216,-7.39545,1.7316866,-0.4250464,0.049885754,-0.24762453,-0.86921227,-9.597883,6.9810295,0.1339077,0.062522784,-0.33851483,-0.3705985,0,-0.1784882926940918,0.3038319142659505,0.4107558536529541,0.6519159571329752,-0.7081397656871522,0.7056146782235171,-0.025416493229159537,0.1669513330467205,9.565606767660071,0
1.1800000000000008,11.494851522599488,0.06252278741904564,-0.3385148361882164,-0.37059850780455506,10.232877,-0.2781551,0.72554183,0.21135062,7.048514,-7.325368,1.7330366,-0.4270904,0.04874036,-0.2470836,-0.8684289,-9.583542,7.0352964,0.13612013,0.062522784,-0.33851483,-0.3705985,0,-0.1784882926940918,0.3038319142659505,0.4107558536529541,0.6519159571329752,-0.7081397656871522,0.7056146782235171,-0.025416493229159537,0.1669513330467205,9.565606767660071,0
1.1900000000000008,11.494851522599488,0.06252278741904564,-0.3385148361882164,-0.37059850780455506,10.232877,-0.2781551,0.72554183,0.21135062,6.952751,-7.2547445,1.7344095,-0.4291317,0.047594655,-0.2465411,-0.86763996,-9.5689,7.089321,0.13841985,0.062522784,-0.33851483,-0.3705985,0,-0.1784882926940918,0.3038319142659505,0.4107558536529541,0.6519159571329752,-0.7081397656871522,0.7056146782235171,-0.025416493229159537,0.1669513330467205,9.565606767660071,0
1.2000000000000008,11.590759709132554,0.1062275720813246,-0.5394545632690546,-0.35982489356325487,10.362868,0.050002612,0.5004058,-0.1766491,6.8571367,-7.1835823,1.7358055,-0.4311702,0.046448644,-0.24599703,-0.8668455,-9.553959,7.1431026,0.14080632,0.062522784,-0.33851483,-0.3705985,0,-0.1586701774597168,0.1516995620727539,0.4206649112701416,0.575849781036377,-0.645948290394726,0.7560460558738932,0.105570675538527,0.22176566006317877,12.706236362553057,0
1.2100000000000009,11.590759709132554,0.1062275720813246,-0.5394545632690546,-0.35982489356325487,10.362868,0.050002612,0.5004058,-0.1766491,6.761674,-7.1118813,1.7372302,-0.43341562,0.044323847,-0.24520956,-0.86605966,-9.538523,7.197031,0.14413613,0.10622757,-0.5394546,-0.3598249,0,-0.1586701774597168,0.1516995620727539,0.4206649112701416,0.575849781036377,-0.645948290394726,0.7560460558738932,0.105570675538527,0.22176566006317877,12.706236362553057,0
1.2200000000000009,11.590759709132554,0.1062275720813246,-0.5394545632690546,-0.35982489356325487,10.362868,0.050002612,0.5004058,-0.1766491,6.6663685,-7.039643,1.7386888,-0.43565637,0.04219857,-0.24441947,-0.86526453,-9.522604,7.250566,0.14759958,0.10622757,-0.5394546,-0.3598249,0,-0.1586701774597168,0.1516995620727539,0.4206649112701416,0.575849781036377,-0.645948290394726,0.7560460558738932,0.105570675538527,0.22176566006317877,12.706236362553057,0
1.2300000000000009,11.590759709132554,0.1062275720813246,-0.5394545632690546,-0.35982489356325487,10.362868,0.050002612,0.5004058,-0.1766491,6.571224,-6.966871,1.7401826,-0.43789238,0.040072836,-0.2436267,-0.8644601,-9.506204,7.3037047,0.15119453,0.10622757,-0.5394546,-0.3598249,0,-0.1586701774597168,0.1516995620727539,0.4206649112701416,0.575849781036377,-0.645948290394726,0.7560460558738932,0.105570675538527,0.22176566006317877,12.706236362553057,0
1.2400000000000009,11.590759709132554,0.1062275720813246,-0.5394545632690546,-0.35982489356325487,10.6298685,0.12138174,0.13584146,-0.41010523,6.476246,-6.8935704,1.741713,-0.44012374,0.03794667,-0.2428313,-0.8636463,-9.489324,7.356444,0.15491894,0.10622757,-0.5394546,-0.3598249,1,-0.1586701774597168,0.1516995620727539,0.4206649112701416,0.575849781036377,-0.645948290394726,0.7560460558738932,0.105570675538527,0.22176566006317877,12.706236362553057,0
1.2500000000000009,11.590759709132554,0.1062275720813246,-0.5394545632690546,-0.35982489356325487,10.6298685,0.12138174,0.13584146,-0.41010523,6.3814316,-6.8197646,1.7432389,-0.44175166,0.03876399,-0.24357598,-0.86256856,-9.473564,7.4046445,0.15024142,0.12138174,0.13584146,-0.41010523,1,-0.1586701774597168,0.1516995620727539,0.4206649112701416,0.575849781036377,-0.645948290394726,0.7560460558738932,0.105570675538527,0.22176566006317877,12.706236362553057,0
1.260000000000001,11.590759709132554,0.1062275720813246,-0.5394545632690546,-0.35982489356325487,10.6298685,0.12138174,0.13584146,-0.41010523,6.286775,-6.7454762,1.7447176,-0.44337735,0.03958111,-0.24431941,-0.8614864,-9.457792,7.453016,0.14547339,0.12138174,0.13584146,-0.41010523,1,-0.1586701774597168,0.1516995620727539,0.4206649112701416,0.575849781036377,-0.645948290394726,0.7560460558738932,0.105570675538527,0.22176566006317877,12.706236362553057,0
1.270000000000001,11.590759709132554,0.1062275720813246,-0.5394545632690546,-0.35982489356325487,10.6298685,0.12138174,0.13584146,-0.41010523,6.192276,-6.6707034,1.7461481,-0.44500083,0.04039803,-0.24506162,-0.8603999,-9.442005,7.5015574,0.14061451,0.12138174,0.13584146,-0.41010523,1,-0.18143487930297852,0.21238842010498046,0.40928256034851074,0.6061942100524902,-0.6545061435130861,0.7532623925646158,0.06494209768292451,0.18406368397553585,10.546072253427965,0
1.280000000000001,11.771252721328926,0.0949662706288976,-0.10286581474408986,-0.3239526136111508,11.264336,-0.14884716,0.39027825,-0.531749,6.0979347,-6.5954447,1.7475295,-0.44662204,0.04121475,-0.2458026,-0.85930914,-9.426207,7.5502696,0.13566439,0.12138174,0.13584146,-0.41010523,1,-0.18143487930297852,0.21238842010498046,0.40928256034851074,0.6061942100524902,-0.6545061435130861,0.7532623925646158,0.06494209768292451,0.18406368397553585,10.546072253427965,0
1.290000000000001,11.771252721328926,0.0949662706288976,-0.10286581474408986,-0.3239526136111508,11.264336,-0.14884716,0.39027825,-0.531749,6.003756,-6.519683,1.7488889,-0.44839385,0.043877274,-0.24592362,-0.85821927,-9.409601,7.602095,0.13618954,-0.14884716,0.39027825,-0.531749,1,-0.18143487930297852,0.21238842010498046,0.40928256034851074,0.6061942100524902,-0.6545061435130861,0.7532623925646158,0.06494209768292451,0.18406368397553585,10.546072253427965,0
1.300000000000001,11.771252721328926,0.0949662706288976,-0.10286581474408986,-0.3239526136111508,11.264336,-0.14884716,0.39027825,-0.531749,5.9097414,-6.443402,1.7502531,-0.45016053,0.046539295,-0.24604183,-0.8571196,-9.39339,7.654169,0.13664915,-0.14884716,0.39027825,-0.531749,1,-0.18143487930297852,0.21238842010498046,0.40928256034851074,0.6061942100524902,-0.6545061435130861,0.7532623925646158,0.06494209768292451,0.18406368397553585,10.546072253427965,0
1.310000000000001,11.771252721328926,0.0949662706288976,-0.10286581474408986,-0.3239526136111508,11.264336,-0.14884716,0.39027825,-0.531749,5.815887,-6.3665986,1.7516216,-0.45192206,0.049200784,-0.24615723,-0.85601014,-9.377571,7.706493,0.13704038,-0.14884716,0.39027825,-0.531749,1,-0.18143487930297852,0.21238842010498046,0.40928256034851074,0.6061942100524902,-0.6545061435130861,0.7532623925646158,0.06494209768292451,0.18406368397553585,10.546072253427965,0
1.320000000000001,12.064576366811457,0.1738107458272838,-0.5576797468021989,-0.27901476122947916,11.982025,-0.22564772,0.410028,-0.7121845,5.7221885,-6.2892714,1.7529937,-0.45367843,0.05186171,-0.24626982,-0.8548909,-9.3621435,7.759067,0.13736033,-0.14884716,0.39027825,-0.531749,1,-0.18143487930297852,0.21238842010498046,0.40928256034851074,0.6061942100524902,-0.6545061435130861,0.7532623925646158,0.06494209768292451,0.18406368397553585,10.546072253427965,0
1.330000000000001,12.064576366811457,0.1738107458272838,-0.5576797468021989,-0.27901476122947916,11.982025,-0.22564772,0.410028,-0.7121845,5.6286473,-6.2113996,1.7543999,-0.45615512,0.05500268,-0.2460485,-0.85343915,-9.346181,7.815249,0.14388208,-0.22564772,0.410028,-0.7121845,1,-0.18143487930297852,0.21238842010498046,0.40928256034851074,0.6061942100524902,-0.6545061435130861,0.7532623925646158,0.06494209768292451,0.18406368397553585,10.546072253427965,0
1.340000000000001,12.064576366811457,0.1738107458272838,-0.5576797468021989,-0.27901476122947916,11.982025,-0.22564772,0.410028,-0.7121845,5.535263,-6.1329656,1.7558709,-0.4586235,0.05814265,-0.2458227,-0.8519719,-9.330722,7.8716745,0.15034793,-0.22564772,0.410028,-0.7121845,1,-0.23613473892211914,0.07414633433024088,0.38193263053894044,0.5370731671651204,-0.6341458977867493,0.7546730046549457,0.16830815893863982,0.17118104436966952,9.807951375023746,0
1.350000000000001,12.064576366811457,0.1738107458272838,-0.5576797468021989,-0.27901476122947916,11.982025,-0.22564772,0.410028,-0.7121845,5.442031,-6.0539656,1.7574066,-0.46108356,0.061281566,-0.24559245,-0.8504892,-9.3157625,7.928346,0.15675367,-0.22564772,0.410028,-0.7121845,1,-0.23613473892211914,0.07414633433024088,0.38193263053894044,0.5370731671651204,-0.6341458977867493,0.7546730046549457,0.16830815893863982,0.17118104436966952,9.807951375023746,0
1.360000000000001,12.246386956768784,0.37504932089116977,-0.8819154195153979,-0.19367328718218604,12.627517,0.016834533,0.06717207,-0.7658378,5.3489456,-5.9743977,1.7590059,-0.46353528,0.06441937,-0.24535772,-0.84899104,-9.301302,7.9852653,0.16309513,-0.22564772,0.410028,-0.7121845,1,-0.23613473892211914,0.07414633433024088,0.38193263053894044,0.5370731671651204,-0.6341458977867493,0.7546730046549457,0.16830815893863982,0.17118104436966952,9.807951375023746,0
1.370000000000001,12.246386956768784,0.37504932089116977,-0.8819154195153979,-0.19367328718218604,12.627517,0.016834533,0.06717207,-0.7658378,5.256007,-5.894244,1.7606965,-0.46670583,0.065604545,-0.24533638,-0.8471675,-9.286402,8.045442,0.17500503,0.016834533,0.06717207,-0.7658378,1,-0.23613473892211914,0.07414633433024088,0.38193263053894044,0.5370731671651204,-0.6341458977867493,0.7546730046549457,0.16830815893863982,0.17118104436966952,9.807951375023746,0
1.380000000000001,12.246386956768784,0.37504932089116977,-0.8819154195153979,-0.19367328718218604,12.627517,0.016834533,0.06717207,-0.7658378,5.1632175,-5.813488,1.762506,-0.46986946,0.06678874,-0.24531141,-0.8453315,-9.271532,8.105693,0.18687855,0.016834533,0.06717207,-0.7658378,1,-0.23613473892211914,0.07414633433024088,0.38193263053894044,0.5370731671651204,-0.6341458977867493,0.7546730046549457,0.16830815893863982,0.17118104436966952,9.807951375023746,0
1.390000000000001,12.246386956768784,0.37504932089116977,-0.8819154195153979,-0.19367328718218604,12.627517,0.016834533,0.06717207,-0.7658378,5.0705767,-5.732129,1.7644339,-0.47302616,0.067971945,-0.24528281,-0.8434829,-9.256692,8.166017,0.1987155,0.016834533,0.06717207,-0.7658378,1,-0.23613473892211914,0.07414633433024088,0.38193263053894044,0.5370731671651204,-0.6341458977867493,0.7546730046549457,0.16830815893863982,0.17118104436966952,9.807951375023746,0
1.400000000000001,12.142544261367226,0.612415352043578,-1.403956342200985,-0.09386926209345428,12.690552,0.7119908,-0.43723324,-0.88484335,4.9780836,-5.650167,1.76648,-0.47617584,0.06915415,-0.2452506,-0.84162194,-9.241879,8.226416,0.21051563,0.016834533,0.06717207,-0.7658378,1,-0.23070575714111327,0.15386337280273438,0.38464712142944335,0.5769316864013672,-0.6322327086730022,0.7719065097820639,0.06664939789729117,0.15721311891584033,9.00764819796598,0
1.410000000000001,12.142544261367226,0.612415352043578,-1.403956342200985,-0.09386926209345428,12.690552,0.7119908,-0.43723324,-0.88484335,4.8857403,-5.567599,1.7686466,-0.48067284,0.066702835,-0.24689522,-0.8387778,-9.226615,8.287146,0.22279607,0.7119908,-0.43723324,-0.88484335,1,-0.23070575714111327,0.15386337280273438,0.38464712142944335,0.5769316864013672,-0.6322327086730022,0.7719065097820639,0.06664939789729117,0.15721311891584033,9.00764819796598,0
1.420000000000001,12.142544261367226,0.612415352043578,-1.403956342200985,-0.09386926209345428,12.690552,0.7119908,-0.43723324,-0.88484335,4.793555,-5.484424,1.7709354,-0.48515207,0.064249046,-0.24853072,-0.8359026,-9.2103,8.347824,0.2349544,0.7119908,-0.43723324,-0.88484335,1,-0.23070575714111327,0.15386337280273438,0.38464712142944335,0.5769316864013672,-0.6322327086730022,0.7719065097820639,0.06664939789729117,0.15721311891584033,9.00764819796598,0
1.430000000000001,12.142544261367226,0.612415352043578,-1.403956342200985,-0.09386926209345428,12.690552,0.7119908,-0.43723324,-0.88484335,4.701538,-5.400643,1.7733451,-0.48961332,0.061792884,-0.250157,-0.83299637,-9.192934,8.408438,0.24698743,0.7119908,-0.43723324,-0.88484335,1,-0.23070575714111327,0.15386337280273438,0.38464712142944335,0.5769316864013672,-0.6322327086730022,0.7719065097820639,0.06664939789729117,0.15721311891584033,9.00764819796598,0
1.440000000000001,12.142544261367226,0.612415352043578,-1.403956342200985,-0.09386926209345428,12.917275,0.86000127,-0.86691326,-0.91533375,4.6096997,-5.316256,1.7758746,-0.49405646,0.059334435,-0.251774,-0.83005935,-9.174519,8.468975,0.258892,0.7119908,-0.43723324,-0.88484335,1,-0.23070575714111327,0.15386337280273438,0.38464712142944335,0.5769316864013672,-0.6322327086730022,0.7719065097820639,0.06664939789729117,0.15721311891584033,9.00764819796598,0
1.450000000000001,12.142544261367226,0.612415352043578,-1.403956342200985,-0.09386926209345428,12.917275,0.86000127,-0.86691326,-0.91533375,4.5180535,-5.231259,1.7785324,-0.49918738,0.054762647,-0.25292286,-0.82694864,-9.154541,8.530366,0.2726738,0.86000127,-0.86691326,-0.91533375,1,-0.23070575714111327,0.15386337280273438,0.38464712142944335,0.5769316864013672,-0.6322327086730022,0.7719065097820639,0.06664939789729117,0.15721311891584033,9.00764819796598,0
1.460000000000001,12.142544261367226,0.612415352043578,-1.403956342200985,-0.09386926209345428,12.917275,0.86000127,-0.86691326,-0.91533375,4.4266143,-5.14565,1.781328,-0.50428927,0.050187666,-0.25405696,-0.8237898,-9.1330595,8.591281,0.28643698,0.86000127,-0.86691326,-0.91533375,1,-0.23070575714111327,0.15386337280273438,0.38464712142944335,0.5769316864013672,-0.6322327086730022,0.7719065097820639,0.06664939789729117,0.15721311891584033,9.00764819796598,0
1.470000000000001,12.142544261367226,0.612415352043578,-1.403956342200985,-0.09386926209345428,12.917275,0.86000127,-0.86691326,-0.91533375,4.3353977,-5.059435,1.784261,-0.50936174,0.045609765,-0.25517628,-0.8205829,-9.110081,8.651699,0.30017212,0.86000127,-0.86691326,-0.91533375,1,-0.3076576614379883,0.17766605377197264,0.3461711692810059,0.5888330268859863,-0.6178539195560032,0.7812371582424558,0.08902267503583869,0.14205301744865917,8.139038366906412,0
1.480000000000001,12.030566962710884,0.42604776500841735,-1.0306935229203995,0.04342928126798395,13.320205,0.60927314,-1.2248503,-0.8622539,4.244418,-4.972618,1.7873312,-0.5144046,0.041029207,-0.25628075,-0.8173283,-9.085613,8.711598,0.31386974,0.86000127,-0.86691326,-0.91533375,0,-0.3076576614379883,0.17766605377197264,0.3461711692810059,0.5888330268859863,-0.6178539195560032,0.7812371582424558,0.08902267503583869,0.14205301744865917,8.139038366906412,0
1.490000000000001,12.030566962710884,0.42604776500841735,-1.0306935229203995,0.04342928126798395,13.320205,0.60927314,-1.2248503,-0.8622539,4.1536813,-4.885226,1.7905002,-0.51562726,0.035665065,-0.2553758,-0.8170927,-9.061579,8.76676,0.31994697,0.42604777,-1.0306935,0.04342928,0,-0.3076576614379883,0.17766605377197264,0.3461711692810059,0.5888330268859863,-0.6178539195560032,0.7812371582424558,0.08902267503583869,0.14205301744865917,8.139038366906412,0
1.500000000000001,12.030566962710884,0.42604776500841735,-1.0306935229203995,0.04342928126798395,13.320205,0.60927314,-1.2248503,-0.8622539,4.06319,-4.797286,1.793731,-0.5168338,0.03029981,-0.2544629,-0.8168317,-9.036525,8.821073,0.32622966,0.42604777,-1.0306935,0.04342928,0,-0.3076576614379883,0.17766605377197264,0.3461711692810059,0.5888330268859863,-0.6178539195560032,0.7812371582424558,0.08902267503583869,0.14205301744865917,8.139038366906412,0
1.5100000000000011,12.030566962710884,0.42604776500841735,-1.0306935229203995,0.04342928126798395,13.320205,0.60927314,-1.2248503,-0.8622539,3.972954,-4.708808,1.7970254,-0.5180243,0.024933614,-0.2535421,-0.8165453,-9.010455,8.874531,0.3327045,0.42604777,-1.0306935,0.04342928,0,-0.3076576614379883,0.17766605377197264,0.3461711692810059,0.5888330268859863,-0.6178539195560032,0.7812371582424558,0.08902267503583869,0.14205301744865917,8.139038366906412,0
1.5200000000000011,11.897455573058547,0.21565377473816985,-0.728020303080352,0.1321368472356547,13.160821,0.08395425,-1.8362341,-0.482028,3.8829844,-4.6197987,1.8003856,-0.51919866,0.019566642,-0.2526134,-0.81623346,-8.983372,8.927128,0.33935824,0.42604777,-1.0306935,0.04342928,0,-0.3076576614379883,0.17766605377197264,0.3461711692810059,0.5888330268859863,-0.6178539195560032,0.7812371582424558,0.08902267503583869,0.14205301744865917,8.139038366906412,0
1.5300000000000011,11.897455573058547,0.21565377473816985,-0.728020303080352,0.1321368472356547,13.160821,0.08395425,-1.8362341,-0.482028,3.7932885,-4.5302706,1.8038075,-0.5195961,0.0158686,-0.25161466,-0.8163693,-8.955732,8.978367,0.34501445,0.21565378,-0.7280203,0.13213685,0,-0.3076576614379883,0.17766605377197264,0.3461711692810059,0.5888330268859863,-0.6178539195560032,0.7812371582424558,0.08902267503583869,0.14205301744865917,8.139038366906412,0
1.5400000000000011,11.897455573058547,0.21565377473816985,-0.728020303080352,0.1321368472356547,13.160821,0.08395425,-1.8362341,-0.482028,3.703872,-4.440233,1.8072866,-0.5199859,0.012170323,-0.25061217,-0.816493,-8.927475,9.028965,0.3508192,0.21565378,-0.7280203,0.13213685,0,-0.37896682739257814,0.3752556864420573,0.31051658630371093,0.6876278432210287,-0.6754649182927699,0.7373606328827467,0.006814780297002249,0.038129936867767,2.184684455623327,0
1.5500000000000012,11.897455573058547,0.21565377473816985,-0.728020303080352,0.1321368472356547,13.160821,0.08395425,-1.8362341,-0.482028,3.6147408,-4.3496933,1.8108245,-0.520368,0.008471864,-0.24960595,-0.81660455,-8.8986,9.078919,0.35676602,0.21565378,-0.7280203,0.13213685,0,-0.37896682739257814,0.3752556864420573,0.31051658630371093,0.6876278432210287,-0.6754649182927699,0.7373606328827467,0.006814780297002249,0.038129936867767,2.184684455623327,0
1.5600000000000012,11.937201792090216,0.06055724481199912,0.2540588488330099,0.16129415275596584,13.030837,-0.19198844,-2.0614147,-0.18205643,3.525902,-4.258657,1.8144224,-0.5207423,0.0047732797,-0.24859603,-0.816704,-8.869109,9.128226,0.36284828,0.21565378,-0.7280203,0.13213685,0,-0.37896682739257814,0.3752556864420573,0.31051658630371093,0.6876278432210287,-0.6754649182927699,0.7373606328827467,0.006814780297002249,0.038129936867767,2.184684455623327,0
1.5700000000000012,11.937201792090216,0.06055724481199912,0.2540588488330099,0.16129415275596584,13.030837,-0.19198844,-2.0614147,-0.18205643,3.4373608,-4.167129,1.8180834,-0.51976866,0.005452569,-0.24950837,-0.8170416,-8.839162,9.177398,0.36931923,0.060557246,0.25405884,0.16129415,0,-0.37896682739257814,0.3752556864420573,0.31051658630371093,0.6876278432210287,-0.6754649182927699,0.7373606328827467,0.006814780297002249,0.038129936867767,2.184684455623327,0
1.5800000000000012,11.937201792090216,0.06055724481199912,0.2540588488330099,0.16129415275596584,13.030837,-0.19198844,-2.0614147,-0.18205643,3.3491187,-4.075108,1.8218085,-0.5187938,0.006131846,-0.2504201,-0.81737727,-8.809293,9.22685,0.37567976,0.060557246,0.25405884,0.16129415,0,-0.37896682739257814,0.3752556864420573,0.31051658630371093,0.6876278432210287,-0.6754649182927699,0.7373606328827467,0.006814780297002249,0.038129936867767,2.184684455623327,0
1.5900000000000012,11.937201792090216,0.06055724481199912,0.2540588488330099,0.16129415275596584,13.030837,-0.19198844,-2.0614147,-0.18205643,3.2611747,-3.982591,1.8255966,-0.5178178,0.006811108,-0.25133127,-0.81771106,-8.779502,9.276583,0.38192946,0.060557246,0.25405884,0.16129415,0,-0.37896682739257814,0.3752556864420573,0.31051658630371093,0.6876278432210287,-0.6754649182927699,0.7373606328827467,0.006814780297002249,0.038129936867767,2.184684455623327,0
1.6000000000000012,11.881990524371629,-0.05311341818223053,0.2442929208430978,0.1955255842924112,13.459944,-0.41575882,-2.1261573,-0.020028109,3.1735282,-3.8895755,1.8294466,-0.5168405,0.0074903537,-0.25224185,-0.81804293,-8.74979,9.326595,0.38806763,0.060557246,0.25405884,0.16129415,0,-0.176979923248291,0.36167938232421876,0.4115100383758545,0.6808396911621094,-0.5485721211310233,0.83475684995608,-0.04743025795009778,0.17210474552303445,9.860875552642923,0
1.6100000000000012,11.881990524371629,-0.05311341818223053,0.2442929208430978,0.1955255842924112,13.459944,-0.41575882,-2.1261573,-0.020028109,3.0861776,-3.7960596,1.8333551,-0.51573,0.008380212,-0.2526629,-0.818605,-8.720336,9.376635,0.39363393,-0.05311342,0.24429291,0.19552559,0,-0.176979923248291,0.36167938232421876,0.4115100383758545,0.6808396911621094,-0.5485721211310233,0.83475684995608,-0.04743025795009778,0.17210474552303445,9.860875552642923,0
1.6200000000000012,11.881990524371629,-0.05311341818223053,0.2442929208430978,0.1955255842924112,13.459944,-0.41575882,-2.1261573,-0.020028109,2.9991207,-3.702042,1.837319,-0.5146183,0.009270048,-0.25308332,-0.81916505,-8.6910715,9.426897,0.39914626,-0.05311342,0.24429291,0.19552559,0,-0.176979923248291,0.36167938232421876,0.4115100383758545,0.6808396911621094,-0.5485721211310233,0.83475684995608,-0.04743025795009778,0.17210474552303445,9.860875552642923,0
1.6300000000000012,11.881990524371629,-0.05311341818223053,0.2442929208430978,0.1955255842924112,13.459944,-0.41575882,-2.1261573,-0.020028109,2.9123554,-3.607521,1.8413378,-0.51350516,0.010159861,-0.25350308,-0.819723,-8.661997,9.477381,0.40460417,-0.05311342,0.24429291,0.19552559,0,-0.176979923248291,0.36167938232421876,0.4115100383758545,0.6808396911621094,-0.5485721211310233,0.83475684995608,-0.04743025795009778,0.17210474552303445,9.860875552642923,0
1.6400000000000012,11.881990524371629,-0.05311341818223053,0.2442929208430978,0.1955255842924112,13.4959135,-0.50579077,-2.4818788,-0.10472321,2.82588,-3.5124936,1.8454108,-0.5123908,0.01104965,-0.25392222,-0.82027894,-8.633112,9.528086,0.4100073,-0.05311342,0.24429291,0.19552559,0,-0.176979923248291,0.36167938232421876,0.4115100383758545,0.6808396911621094,-0.5485721211310233,0.83475684995608,-0.04743025795009778,0.17210474552303445,9.860875552642923,0
1.6500000000000012,11.881990524371629,-0.05311341818223053,0.2442929208430978,0.1955255842924112,13.4959135,-0.50579077,-2.4818788,-0.10472321,2.7396927,-3.4169583,1.8495378,-0.5112752,0.011939409,-0.25434074,-0.8208328,-8.604419,9.579011,0.41535527,-0.05311342,0.24429291,0.19552559,0,-0.176979923248291,0.36167938232421876,0.4115100383758545,0.6808396911621094,-0.5485721211310233,0.83475684995608,-0.04743025795009778,0.17210474552303445,9.860875552642923,0
1.6600000000000013,11.881990524371629,-0.05311341818223053,0.2442929208430978,0.1955255842924112,13.4959135,-0.50579077,-2.4818788,-0.10472321,2.6537912,-3.3209128,1.8537179,-0.5101582,0.012829139,-0.2547586,-0.82138455,-8.575917,9.6301565,0.42064765,-0.05311342,0.24429291,0.19552559,0,-0.176979923248291,0.36167938232421876,0.4115100383758545,0.6808396911621094,-0.5485721211310233,0.83475684995608,-0.04743025795009778,0.17210474552303445,9.860875552642923,0
1.6700000000000013,11.881990524371629,-0.05311341818223053,0.2442929208430978,0.1955255842924112,13.4959135,-0.50579077,-2.4818788,-0.10472321,2.568174,-3.2243545,1.8579506,-0.50903994,0.013718837,-0.25517583,-0.8219343,-8.547608,9.68152,0.42588413,-0.05311342,0.24429291,0.19552559,0,-0.286473445892334,0.18022322336832683,0.35676327705383304,0.5901116116841634,-0.58765479827107,0.7973342094739069,0.13754997808654337,0.08812997253390664,5.049475474796716,0
1.6800000000000013,11.835230641025865,-0.16311534193804328,0.2184962757266334,0.24708573311223975,13.303557,-0.79208076,-2.4295034,0.09049202,2.4828386,-3.1272814,1.8622353,-0.5079204,0.0146085005,-0.25559244,-0.82248193,-8.519493,9.733104,0.43106428,-0.05311342,0.24429291,0.19552559,0,-0.286473445892334,0.18022322336832683,0.35676327705383304,0.5901116116841634,-0.58765479827107,0.7973342094739069,0.13754997808654337,0.08812997253390664,5.049475474796716,0
1.6900000000000013,11.835230641025865,-0.16311534193804328,0.2184962757266334,0.24708573311223975,13.303557,-0.79208076,-2.4295034,0.09049202,2.3977828,-3.0296924,1.8665695,-0.50661224,0.015605504,-0.25549415,-0.82330054,-8.491716,9.784675,0.43580455,-0.16311534,0.21849628,0.24708574,0,-0.286473445892334,0.18022322336832683,0.35676327705383304,0.5901116116841634,-0.58765479827107,0.7973342094739069,0.13754997808654337,0.08812997253390664,5.049475474796716,0
1.7000000000000013,11.835230641025865,-0.16311534193804328,0.2184962757266334,0.24708573311223975,13.303557,-0.79208076,-2.4295034,0.09049202,2.313003,-2.9315872,1.8709514,-0.50530237,0.016602453,-0.255395,-0.8241163,-8.464228,9.8363905,0.44054946,-0.16311534,0.21849628,0.24708574,0,-0.286473445892334,0.18022322336832683,0.35676327705383304,0.5901116116841634,-0.58765479827107,0.7973342094739069,0.13754997808654337,0.08812997253390664,5.049475474796716,0
1.7100000000000013,11.835230641025865,-0.16311534193804328,0.2184962757266334,0.24708573311223975,13.303557,-0.79208076,-2.4295034,0.09049202,2.228497,-2.832964,1.8753805,-0.5039908,0.017599348,-0.25529498,-0.82492936,-8.437027,9.888251,0.44529864,-0.16311534,0.21849628,0.24708574,0,-0.286473445892334,0.18022322336832683,0.35676327705383304,0.5901116116841634,-0.58765479827107,0.7973342094739069,0.13754997808654337,0.08812997253390664,5.049475474796716,0
1.7200000000000013,11.681900625423635,-0.36617525042195304,0.11349973576339328,0.30742897425424087,13.081311,-0.90132976,-2.4625797,0.37400675,2.1442616,-2.7338216,1.8798573,-0.5026776,0.018596184,-0.2551941,-0.8257396,-8.410116,9.940254,0.4500517,-0.16311534,0.21849628,0.24708574,0,-0.286473445892334,0.18022322336832683,0.35676327705383304,0.5901116116841634,-0.58765479827107,0.7973342094739069,0.13754997808654337,0.08812997253390664,5.049475474796716,0
1.7300000000000013,11.681900625423635,-0.36617525042195304,0.11349973576339328,0.30742897425424087,13.081311,-0.90132976,-2.4625797,0.37400675,2.0602918,-2.634162,1.884375,-0.5012279,0.019592803,-0.25399536,-0.82696646,-8.383892,9.991653,0.45352465,-0.36617526,0.11349974,0.307429,0,-0.286473445892334,0.18022322336832683,0.35676327705383304,0.5901116116841634,-0.58765479827107,0.7973342094739069,0.13754997808654337,0.08812997253390664,5.049475474796716,0
1.7400000000000013,11.681900625423635,-0.36617525042195304,0.11349973576339328,0.30742897425424087,13.081311,-0.90132976,-2.4625797,0.37400675,1.9765822,-2.5339887,1.888928,-0.49977523,0.020589303,-0.2527951,-0.82818836,-8.358093,10.043004,0.457131,-0.36617526,0.11349974,0.307429,0,-0.06160358428955078,0.10564562479654947,0.4691982078552246,0.5528228123982747,-0.4182888251637979,0.9008635596221597,0.11610041209221257,0.2593889014154227,14.861889303638707,0
1.7500000000000013,11.681900625423635,-0.36617525042195304,0.11349973576339328,0.30742897425424087,13.081311,-0.90132976,-2.4625797,0.37400675,1.8931285,-2.4333022,1.8935179,-0.4983195,0.02158568,-0.2515933,-0.82940525,-8.332718,10.094304,0.46086976,-0.36617526,0.11349974,0.307429,0,-0.06160358428955078,0.10564562479654947,0.4691982078552246,0.5528228123982747,-0.4182888251637979,0.9008635596221597,0.11610041209221257,0.2593889014154227,14.861889303638707,0
1.7600000000000013,11.474234193916768,-0.5829035192457501,-0.19325727288324157,0.3824788379887616,12.848897,-1.0663232,-2.330127,0.5934589,1.8099263,-2.3321028,1.8981458,-0.4968608,0.022581927,-0.25038996,-0.83061713,-8.307768,10.145551,0.46473992,-0.36617526,0.11349974,0.307429,0,-0.06160358428955078,0.10564562479654947,0.4691982078552246,0.5528228123982747,-0.4182888251637979,0.9008635596221597,0.11610041209221257,0.2593889014154227,14.861889303638707,0
1.7700000000000014,11.474234193916768,-0.5829035192457501,-0.19325727288324157,0.3824788379887616,12.848897,-1.0663232,-2.330127,0.5934589,1.7269694,-2.2303963,1.9028041,-0.49544522,0.022748433,-0.24753056,-0.8323135,-8.28369,10.19569,0.4669998,-0.5829035,-0.19325727,0.38247883,0,-0.06160358428955078,0.10564562479654947,0.4691982078552246,0.5528228123982747,-0.4182888251637979,0.9008635596221597,0.11610041209221257,0.2593889014154227,14.861889303638707,0
1.7800000000000014,11.474234193916768,-0.5829035192457501,-0.19325727288324157,0.3824788379887616,12.848897,-1.0663232,-2.330127,0.5934589,1.6442509,-2.1281903,1.9074868,-0.49402314,0.02291464,-0.24466793,-0.8339989,-8.260059,10.24539,0.4695834,-0.5829035,-0.19325727,0.38247883,0,-0.06160358428955078,0.10564562479654947,0.4691982078552246,0.5528228123982747,-0.4182888251637979,0.9008635596221597,0.11610041209221257,0.2593889014154227,14.861889303638707,0
1.7900000000000014,11.474234193916768,-0.5829035192457501,-0.19325727288324157,0.3824788379887616,12.848897,-1.0663232,-2.330127,0.5934589,1.5617665,-2.0254898,1.9121969,-0.4925946,0.023080546,-0.24180208,-0.83567345,-8.236874,10.294647,0.47248733,-0.5829035,-0.19325727,0.38247883,0,-0.06160358428955078,0.10564562479654947,0.4691982078552246,0.5528228123982747,-0.4182888251637979,0.9008635596221597,0.11610041209221257,0.2593889014154227,14.861889303638707,0
1.8000000000000014,11.24219767629783,-0.8108360747615988,-0.15842715706626673,0.44964749377833263,12.621288,-1.1286217,-2.5094981,0.8730953,1.4795117,-1.9222989,1.9169376,-0.49115962,0.02324615,-0.23893307,-0.837337,-8.214132,10.34346,0.4757082,-0.5829035,-0.19325727,0.38247883,0,-0.13978690147399903,0.08714248021443685,0.4301065492630005,0.5435712401072185,-0.496482499057881,0.8497977014045033,0.17705647352430773,0.1424083381870367,8.159396745588916,0
1.8100000000000014,11.24219767629783,-0.8108360747615988,-0.15842715706626673,0.44964749377833263,12.621288,-1.1286217,-2.5094981,0.8730953,1.3974798,-1.818627,1.9217019,-0.48936668,0.024036678,-0.2351989,-0.8394191,-8.192372,10.390819,0.47721913,-0.8108361,-0.15842716,0.4496475,0,-0.13978690147399903,0.08714248021443685,0.4301065492630005,0.5435712401072185,-0.496482499057881,0.8497977014045033,0.17705647352430773,0.1424083381870367,8.159396745588916,0
1.8200000000000014,11.24219767629783,-0.8108360747615988,-0.15842715706626673,0.44964749377833263,12.621288,-1.1286217,-2.5094981,0.8730953,1.315662,-1.7144842,1.9264833,-0.48756292,0.02482667,-0.23145956,-0.84148264,-8.17128,10.437659,0.47911748,-0.8108361,-0.15842716,0.4496475,0,-0.13978690147399903,0.08714248021443685,0.4301065492630005,0.5435712401072185,-0.496482499057881,0.8497977014045033,0.17705647352430773,0.1424083381870367,8.159396745588916,0
1.8300000000000014,11.24219767629783,-0.8108360747615988,-0.15842715706626673,0.44964749377833263,12.621288,-1.1286217,-2.5094981,0.8730953,1.2340518,-1.6098756,1.9312855,-0.48574838,0.025616115,-0.22771509,-0.84352756,-8.150852,10.483975,0.48139727,-0.8108361,-0.15842716,0.4496475,0,-0.13978690147399903,0.08714248021443685,0.4301065492630005,0.5435712401072185,-0.496482499057881,0.8497977014045033,0.17705647352430773,0.1424083381870367,8.159396745588916,0
1.8400000000000014,11.24219767629783,-0.8108360747615988,-0.15842715706626673,0.44964749377833263,12.9444,-1.122168,-2.7781906,0.8823919,1.1526427,-1.5048065,1.9361125,-0.4839231,0.026404994,-0.22396557,-0.84555376,-8.131088,10.529761,0.48405242,-0.8108361,-0.15842716,0.4496475,0,-0.13978690147399903,0.08714248021443685,0.4301065492630005,0.5435712401072185,-0.496482499057881,0.8497977014045033,0.17705647352430773,0.1424083381870367,8.159396745588916,0
1.8500000000000014,11.24219767629783,-0.8108360747615988,-0.15842715706626673,0.44964749377833263,12.9444,-1.122168,-2.7781906,0.8823919,1.0714278,-1.3992823,1.9409678,-0.4820871,0.027193287,-0.22021112,-0.8475613,-8.111988,10.575012,0.48707682,-0.8108361,-0.15842716,0.4496475,0,-0.13978690147399903,0.08714248021443685,0.4301065492630005,0.5435712401072185,-0.496482499057881,0.8497977014045033,0.17705647352430773,0.1424083381870367,8.159396745588916,0
1.8600000000000014,11.24219767629783,-0.8108360747615988,-0.15842715706626673,0.44964749377833263,12.9444,-1.122168,-2.7781906,0.8823919,0.9904006,-1.2933083,1.9458553,-0.48024046,0.027980981,-0.2164518,-0.84955007,-8.093548,10.619721,0.4904644,-0.8108361,-0.15842716,0.4496475,0,-0.13978690147399903,0.08714248021443685,0.4301065492630005,0.5435712401072185,-0.496482499057881,0.8497977014045033,0.17705647352430773,0.1424083381870367,8.159396745588916,0
1.8700000000000014,11.24219767629783,-0.8108360747615988,-0.15842715706626673,0.44964749377833263,12.9444,-1.122168,-2.7781906,0.8823919,0.9095546,-1.1868898,1.9507782,-0.47838318,0.028768057,-0.21268769,-0.85152006,-8.0757675,10.663882,0.494209,-0.8108361,-0.15842716,0.4496475,0,-0.08404496192932129,0.24186782836914061,0.45797751903533934,0.6209339141845703,-0.5407607655984349,0.840158431340773,0.04137154380013375,0.07626506116108267,4.369666128837131,0
1.8800000000000014,10.960065026159912,-1.0287007743552576,-0.30548214824740555,0.5338673852558382,12.9780855,-1.0865173,-2.726856,1.0059555,0.82888305,-1.0800323,1.9557406,-0.47651532,0.029554494,-0.20891885,-0.8534712,-8.058645,10.707489,0.49830443,-0.8108361,-0.15842716,0.4496475,0,-0.08404496192932129,0.24186782836914061,0.45797751903533934,0.6209339141845703,-0.5407607655984349,0.840158431340773,0.04137154380013375,0.07626506116108267,4.369666128837131,0
1.8900000000000015,10.960065026159912,-1.0287007743552576,-0.30548214824740555,0.5338673852558382,12.9780855,-1.0865173,-2.726856,1.0059555,0.7483772,-0.9727475,1.9607328,-0.47439566,0.030143641,-0.20387635,-0.85584754,-8.042633,10.749366,0.5002151,-1.0287008,-0.30548215,0.53386736,0,-0.08404496192932129,0.24186782836914061,0.45797751903533934,0.6209339141845703,-0.5407607655984349,0.840158431340773,0.04137154380013375,0.07626506116108267,4.369666128837131,0
1.9000000000000015,10.960065026159912,-1.0287007743552576,-0.30548214824740555,0.5338673852558382,12.9780855,-1.0865173,-2.726856,1.0059555,0.66802776,-0.8650478,1.9657464,-0.47225899,0.030731708,-0.19882654,-0.85819316,-8.027367,10.790449,0.50257045,-1.0287008,-0.30548215,0.53386736,0,-0.08404496192932129,0.24186782836914061,0.45797751903533934,0.6209339141845703,-0.5407607655984349,0.840158431340773,0.04137154380013375,0.07626506116108267,4.369666128837131,0
1.9100000000000015,10.960065026159912,-1.0287007743552576,-0.30548214824740555,0.5338673852558382,12.9780855,-1.0865173,-2.726856,1.0059555,0.58782727,-0.75694126,1.9707857,-0.47010535,0.031318672,-0.19376957,-0.86050797,-8.012844,10.83073,0.5053596,-1.0287008,-0.30548215,0.53386736,0,-0.08404496192932129,0.24186782836914061,0.45797751903533934,0.6209339141845703,-0.5407607655984349,0.840158431340773,0.04137154380013375,0.07626506116108267,4.369666128837131,0
1.9200000000000015,10.625303627128869,-1.344984791001931,-0.6530277846901782,0.6312640271288465,13.212684,-1.2628447,-2.625451,0.9806273,0.50776833,-0.648436,1.975855,-0.46793482,0.031904504,-0.18870565,-0.8627919,-7.999061,10.870202,0.5085719,-1.0287008,-0.30548215,0.53386736,0,-0.08404496192932129,0.24186782836914061,0.45797751903533934,0.6209339141845703,-0.5407607655984349,0.840158431340773,0.04137154380013375,0.07626506116108267,4.369666128837131,0
1.9300000000000015,10.625303627128869,-1.344984791001931,-0.6530277846901782,0.6312640271288465,13.212684,-1.2628447,-2.625451,0.9806273,0.42784145,-0.5395465,1.9809432,-0.46559778,0.031637527,-0.18147014,-0.86561364,-7.986439,10.907502,0.5091578,-1.3449848,-0.6530278,0.63126403,0,-0.08404496192932129,0.24186782836914061,0.45797751903533934,0.6209339141845703,-0.5407607655984349,0.840158431340773,0.04137154380013375,0.07626506116108267,4.369666128837131,0
1.9400000000000015,10.625303627128869,-1.344984791001931,-0.6530277846901782,0.6312640271288465,13.212684,-1.2628447,-2.625451,0.9806273,0.3480369,-0.43029028,1.9860401,-0.46323007,0.03136847,-0.17422268,-0.86837834,-7.9745946,10.943537,0.51030844,-1.3449848,-0.6530278,0.63126403,0,-0.025302388668060304,0.1033227793375651,0.48734880566596983,0.5516613896687825,-0.4959799270235824,0.8467262461060332,0.19250604183990505,0.09984710076560521,5.7208174704866295,0
1.9500000000000015,10.625303627128869,-1.344984791001931,-0.6530277846901782,0.6312640271288465,13.212684,-1.2628447,-2.625451,0.9806273,0.2683469,-0.3206801,1.9911513,-0.46083188,0.031097349,-0.16696374,-0.8710858,-7.963521,10.978293,0.51200247,-1.3449848,-0.6530278,0.63126403,0,-0.025302388668060304,0.1033227793375651,0.48734880566596983,0.5516613896687825,-0.4959799270235824,0.8467262461060332,0.19250604183990505,0.09984710076560521,5.7208174704866295,0
1.9600000000000015,10.295344671537126,-1.6348156452483926,-1.033453688650069,0.7641590591435271,13.297884,-1.4364761,-2.5723379,0.95970845,0.18876383,-0.21072882,1.9962821,-0.45840335,0.03082418,-0.1596938,-0.873736,-7.953213,11.01176,0.51421833,-1.3449848,-0.6530278,0.63126403,0,-0.025302388668060304,0.1033227793375651,0.48734880566596983,0.5516613896687825,-0.4959799270235824,0.8467262461060332,0.19250604183990505,0.09984710076560521,5.7208174704866295,0
1.9700000000000015,10.295344671537126,-1.6348156452483926,-1.033453688650069,0.7641590591435271,13.297884,-1.4364761,-2.5723379,0.95970845,0.10927852,-0.100454934,2.001422,-0.45561346,0.029444579,-0.15029243,-0.87690485,-7.943966,11.042748,0.51385933,-1.6348157,-1.0334537,0.7641591,0,-0.025302388668060304,0.1033227793375651,0.48734880566596983,0.5516613896687825,-0.4959799270235824,0.8467262461060332,0.19250604183990505,0.09984710076560521,5.7208174704866295,0
1.9800000000000015,10.295344671537126,-1.6348156452483926,-1.033453688650069,0.7641590591435271,13.297884,-1.4364761,-2.5723379,0.95970845,0.029881978,0.010120127,2.006561,-0.45277432,0.028061794,-0.1408748,-0.8799789,-7.9354587,11.07199,0.51410395,-1.6348157,-1.0334537,0.7641591,0,-0.025302388668060304,0.1033227793375651,0.48734880566596983,0.5516613896687825,-0.4959799270235824,0.8467262461060332,0.19250604183990505,0.09984710076560521,5.7208174704866295,0
1.9900000000000015,10.295344671537126,-1.6348156452483926,-1.033453688650069,0.7641590591435271,13.297884,-1.4364761,-2.5723379,0.95970845,-0.049433157,0.1209788,2.0117056,-0.44988626,0.026675973,-0.13144195,-0.8829577,-7.9276814,11.099467,0.51491594,-1.6348157,-1.0334537,0.7641591,0,-0.025302388668060304,0.1033227793375651,0.48734880566596983,0.5516613896687825,-0.4959799270235824,0.8467262461060332,0.19250604183990505,0.09984710076560521,5.7208174704866295,0
2.0000000000000013,,,,,13.547999,-1.5204049,-2.6317654,0.9357238,-0.12867412,0.23210335,2.016861,-0.44694957,0.02528727,-0.12199489,-0.8858411,-7.920623,11.125165,0.5162587,-1.6348157,-1.0334537,0.7641591,0,-0.04497822761535644,0.20048956553141276,0.4775108861923218,0.6002447827657064,-0.5817534443722723,0.7948249765388369,0.17267364196956925,-0.013128398643519557,-0.7522018340389456,0
2.010000000000001,,,,,13.547999,-1.5204049,-2.6317654,0.9357238,-0.20784876,0.34347206,2.022019,-0.44349158,0.021951735,-0.11044236,-0.88917726,-7.914388,11.148223,0.5154406,-1.8475189,-1.5561749,0.9338569,0,-0.04497822761535644,0.20048956553141276,0.4775108861923218,0.6002447827657064,-0.5817534443722723,0.7948249765388369,0.17267364196956925,-0.013128398643519557,-0.7522018340389456,0
2.020000000000001,,,,,13.547999,-1.5204049,-2.6317654,0.9357238,-0.2869637,0.45505992,2.0271714,-0.43995926,0.01861252,-0.09887131,-0.89236444,-7.9086804,11.168984,0.51517063,-1.8475189,-1.5561749,0.9338569,0,-0.04497822761535644,0.20048956553141276,0.4775108861923218,0.6002447827657064,-0.5817534443722723,0.7948249765388369,0.17267364196956925,-0.013128398643519557,-0.7522018340389456,0
2.0300000000000007,,,,,13.547999,-1.5204049,-2.6317654,0.9357238,-0.36602414,0.5668438,2.0323238,-0.43635315,0.015270186,-0.08728368,-0.895402,-7.9034805,11.187431,0.5153915,-1.8475189,-1.5561749,0.9338569,0,-0.04497822761535644,0.20048956553141276,0.4775108861923218,0.6002447827657064,-0.5817534443722723,0.7948249765388369,0.17267364196956925,-0.013128398643519557,-0.7522018340389456,0
2.0400000000000005,,,,,13.547999,-1.5204049,-2.6317654,0.9357238,-0.445035,0.6788005,2.0374806,-0.43267384,0.0119252885,-0.07568142,-0.89828944,-7.89877,11.203548,0.51604563,-1.8475189,-1.5561749,0.9338569,0,-0.04497822761535644,0.20048956553141276,0.4775108861923218,0.6002447827657064,-0.5817534443722723,0.7948249765388369,0.17267364196956925,-0.013128398643519557,-0.7522018340389456,0
2.0500000000000003,,,,,12.767595,-1.7358923,-2.8508117,1.1225584,-0.5240012,0.7909067,2.0426457,-0.428922,0.008578392,-0.06406647,-0.90102625,-7.894529,11.217321,0.51707494,-1.8475189,-1.5561749,0.9338569,1,-0.04497822761535644,0.20048956553141276,0.4775108861923218,0.6002447827657064,-0.5817534443722723,0.7948249765388369,0.17267364196956925,-0.013128398643519557,-0.7522018340389456,0
2.06,,,,,12.767595,-1.7358923,-2.8508117,1.1225584,-0.60292053,0.90315384,2.0479593,-0.42463723,-0.0009025084,-0.0501711,-0.9039722,-7.889262,11.231428,0.54575425,-1.7358923,-2.8508117,1.1225584,1,-0.04497822761535644,0.20048956553141276,0.4775108861923218,0.6002447827657064,-0.5817534443722723,0.7948249765388369,0.17267364196956925,-0.013128398643519557,-0.7522018340389456,0
2.07,,,,,12.767595,-1.7358923,-2.8508117,1.1225584,-0.6817842,1.0155209,2.0535622,-0.42022082,-0.010383129,-0.03626018,-0.9066379,-7.8833747,11.241336,0.5748034,-1.7358923,-2.8508117,1.1225584,1,-0.034145264625549315,0.12149607340494792,0.48292736768722533,0.560748036702474,-0.6010254058454574,0.7018252737838783,0.3823738309645258,-0.09659559467263579,-5.534519894298409,0
2.0799999999999996,,,,,12.767595,-1.7358923,-2.8508117,1.1225584,-0.7605858,1.127966,2.0594566,-0.4156741,-0.01986053,-0.022338018,-0.9090226,-7.876826,11.247041,0.60407805,-1.7358923,-2.8508117,1.1225584,1,-0.034145264625549315,0.12149607340494792,0.48292736768722533,0.560748036702474,-0.6010254058454574,0.7018252737838783,0.3823738309645258,-0.09659559467263579,-5.534519894298409,0
2.0899999999999994,,,,,12.398548,-2.0533438,-3.0508559,1.1554251,-0.8393183,1.2404473,2.0656445,-0.41099855,-0.029331775,-0.008408932,-0.9111255,-7.8695755,11.248543,0.6334335,-1.7358923,-2.8508117,1.1225584,1,-0.034145264625549315,0.12149607340494792,0.48292736768722533,0.560748036702474,-0.6010254058454574,0.7018252737838783,0.3823738309645258,-0.09659559467263579,-5.534519894298409,0
2.099999999999999,,,,,12.398548,-2.0533438,-3.0508559,1.1554251,-0.91797596,1.3529223,2.072107,-0.40608823,-0.03905326,0.0073848614,-0.9129694,-7.8618646,11.245758,0.6590411,-2.0533438,-3.0508559,1.1554251,1,-0.034145264625549315,0.12149607340494792,0.48292736768722533,0.560748036702474,-0.6010254058454574,0.7018252737838783,0.3823738309645258,-0.09659559467263579,-5.534519894298409,0
2.109999999999999,,,,,12.398548,-2.0533438,-3.0508559,1.1554251,-0.9965534,1.4653469,2.0788248,-0.40102708,-0.04876024,0.02317591,-0.91447425,-7.853525,11.238464,0.684424,-2.0533438,-3.0508559,1.1554251,1,-0.034145264625549315,0.12149607340494792,0.48292736768722533,0.560748036702474,-0.6010254058454574,0.7018252737838783,0.3823738309645258,-0.09659559467263579,-5.534519894298409,0
2.1199999999999988,,,,,12.398548,-2.0533438,-3.0508559,1.1554251,-1.0750442,1.577676,2.0857944,-0.39581695,-0.0584491,0.038958352,-0.91563934,-7.8445153,11.226678,0.70941216,-2.0533438,-3.0508559,1.1554251,1,-0.034145264625549315,0.12149607340494792,0.48292736768722533,0.560748036702474,-0.6010254058454574,0.7018252737838783,0.3823738309645258,-0.09659559467263579,-5.534519894298409,0
2.1299999999999986,,,,,12.60892,-1.9628043,-3.3350842,1.2100942,-1.1534414,1.6898651,2.0930114,-0.3904598,-0.068116255,0.05472632,-0.9164643,-7.834796,11.210424,0.7338362,-2.0533438,-3.0508559,1.1554251,1,-0.034145264625549315,0.12149607340494792,0.48292736768722533,0.560748036702474,-0.6010254058454574,0.7018252737838783,0.3823738309645258,-0.09659559467263579,-5.534519894298409,0
2.1399999999999983,,,,,12.60892,-1.9628043,-3.3350842,1.2100942,-1.2317363,1.8018675,2.1004791,-0.38459083,-0.079220824,0.07063141,-0.9169655,-7.824027,11.189319,0.7595715,-1.9628043,-3.3350842,1.2100942,1,0.09199400901794434,-0.11785382588704427,0.5459970045089722,0.44107308705647785,-0.43272639239289895,0.5038132945004318,0.7476095462280085,-0.09942334842396638,-5.6965382497519395,0
2.149999999999998,,,,,12.60892,-1.9628043,-3.3350842,1.2100942,-1.309918,1.9136355,2.1081994,-0.37856382,-0.09029284,0.086507455,-0.91708976,-7.8121285,11.163569,0.7843211,-1.9628043,-3.3350842,1.2100942,1,0.09199400901794434,-0.11785382588704427,0.5459970045089722,0.44107308705647785,-0.43272639239289895,0.5038132945004318,0.7476095462280085,-0.09942334842396638,-5.6965382497519395,0
2.159999999999998,,,,,12.60892,-1.9628043,-3.3350842,1.2100942,-1.387975,2.0251231,2.1161613,-0.37238124,-0.10132775,0.10234796,-0.91683716,-7.7990603,11.133231,0.8078987,-1.9628043,-3.3350842,1.2100942,1,0.09199400901794434,-0.11785382588704427,0.5459970045089722,0.44107308705647785,-0.43272639239289895,0.5038132945004318,0.7476095462280085,-0.09942334842396638,-5.6965382497519395,0
2.1699999999999977,,,,,13.71733,-1.7139934,-4.1261644,0.7331388,-1.4658952,2.1362846,2.1243525,-0.3660456,-0.112321,0.118146405,-0.91620785,-7.7847857,11.098364,0.83011985,-1.9628043,-3.3350842,1.2100942,1,0.09199400901794434,-0.11785382588704427,0.5459970045089722,0.44107308705647785,-0.43272639239289895,0.5038132945004318,0.7476095462280085,-0.09942334842396638,-5.6965382497519395,0
2.1799999999999975,,,,,13.71733,-1.7139934,-4.1261644,0.7331388,-1.5436585,2.2470574,2.1328104,-0.36111882,-0.12762293,0.1339302,-0.9139853,-7.7675314,11.05541,0.8611354,-1.7139934,-4.1261644,0.7331388,1,0.09199400901794434,-0.11785382588704427,0.5459970045089722,0.44107308705647785,-0.43272639239289895,0.5038132945004318,0.7476095462280085,-0.09942334842396638,-5.6965382497519395,0
2.1899999999999973,,,,,13.71733,-1.7139934,-4.1261644,0.7331388,-1.6212375,2.357375,2.1415677,-0.35600695,-0.14285946,0.14964537,-0.91129434,-7.747911,11.007248,0.8899565,-1.7139934,-4.1261644,0.7331388,1,0.09199400901794434,-0.11785382588704427,0.5459970045089722,0.44107308705647785,-0.43272639239289895,0.5038132945004318,0.7476095462280085,-0.09942334842396638,-5.6965382497519395,0
2.199999999999997,,,,,13.71733,-1.7139934,-4.1261644,0.7331388,-1.6986085,2.467185,2.1506014,-0.35071263,-0.15802278,0.16528384,-0.90813637,-7.7259226,10.953991,0.91633034,-1.7139934,-4.1261644,0.7331388,1,0.09199400901794434,-0.11785382588704427,0.5459970045089722,0.44107308705647785,-0.43272639239289895,0.5038132945004318,0.7476095462280085,-0.09942334842396638,-5.6965382497519395,0
2.209999999999997,,,,,9.190029,-2.6540012,-1.1778656,1.5862238,-1.7757479,2.5764377,2.1598854,-0.3452386,-0.17310514,0.18083762,-0.90451294,-7.7015696,10.895763,0.94000924,-1.7139934,-4.1261644,0.7331388,1,0.07386350631713867,-0.23113026936848957,0.5369317531585693,0.3844348653157552,-0.33430236897989585,0.15587460561786443,0.929486435306027,-0.5191940735201253,-29.747629160908147,2
2.2199999999999966,,,,,9.190029,-2.6540012,-1.1778656,1.5862238,-1.852678,2.6851876,2.1691957,-0.3392499,-0.17239289,0.1962212,-0.90370816,-7.6846075,10.853852,0.9219146,-2.6540012,-1.1778656,1.5862238,1,0.07386350631713867,-0.23113026936848957,0.5369317531585693,0.3844348653157552,-0.33430236897989585,0.15587460561786443,0.929486435306027,-0.5191940735201253,-29.747629160908147,2
2.2299999999999964,,,,,9.190029,-2.6540012,-1.1778656,1.5862238,-1.929443,2.793507,2.17832,-0.3331684,-0.17163347,0.2115511,-0.902656,-7.6685395,10.809658,0.90276897,-2.6540012,-1.1778656,1.5862238,1,0.07386350631713867,-0.23113026936848957,0.5369317531585693,0.3844348653157552,-0.33430236897989585,0.15587460561786443,0.929486435306027,-0.5191940735201253,-29.747629160908147,2
2.239999999999996,,,,,9.190029,-2.6540012,-1.1778656,1.5862238,-2.0060518,2.9013731,2.1872473,-0.32699567,-0.17082708,0.22682309,-0.9013568,-7.653341,10.763209,0.8824927,-2.6540012,-1.1778656,1.5862238,1,0.07386350631713867,-0.23113026936848957,0.5369317531585693,0.3844348653157552,-0.33430236897989585,0.15587460561786443,0.929486435306027,-0.5191940735201253,-29.747629160908147,2
2.249999999999996,,,,,10.122572,-3.1994565,-1.4705523,2.130541,-2.0825129,3.0087638,2.1959658,-0.3207335,-0.16997392,0.242033,-0.89981097,-7.638984,10.714537,0.8610076,-2.6540012,-1.1778656,1.5862238,1,0.07386350631713867,-0.23113026936848957,0.5369317531585693,0.3844348653157552,-0.33430236897989585,0.15587460561786443,0.929486435306027,-0.5191940735201253,-29.747629160908147,2
2.259999999999996,,,,,10.122572,-3.1994565,-1.4705523,2.130541,-2.1588278,3.1156304,2.2045007,-0.3120203,-0.16884494,0.2605439,-0.89791566,-7.6241207,10.658317,0.84575707,-3.1994565,-1.4705523,2.130541,1,0.07386350631713867,-0.23113026936848957,0.5369317531585693,0.3844348653157552,-0.33430236897989585,0.15587460561786443,0.929486435306027,-0.5191940735201253,-29.747629160908147,2
2.2699999999999956,,,,,10.122572,-3.1994565,-1.4705523,2.130541,-2.234999,3.2219203,2.2128742,-0.30317497,-0.16764446,0.27894452,-0.8956401,-7.6102495,10.599217,0.8286546,-3.1994565,-1.4705523,2.130541,1,-0.01748066544532776,-0.24654131571451823,0.4912596672773361,0.3767293421427409,-0.46792787601738894,-0.10357658329121089,0.8776761328870542,-1.1659300824814842,-66.802872933529,2
2.2799999999999954,,,,,10.122572,-3.1994565,-1.4705523,2.130541,-2.3110359,3.327605,2.2210667,-0.29420125,-0.166373,0.29722703,-0.8929852,-7.5973153,10.537303,0.8095794,-3.1994565,-1.4705523,2.130541,1,-0.01748066544532776,-0.24654131571451823,0.4912596672773361,0.3767293421427409,-0.46792787601738894,-0.10357658329121089,0.8776761328870542,-1.1659300824814842,-66.802872933529,2
2.289999999999995,,,,,11.451502,-2.5325193,-0.53869414,2.6296515,-2.386948,3.4326568,2.2290583,-0.28510296,-0.16503108,0.31538367,-0.8899523,-7.585262,10.472639,0.788414,-3.1994565,-1.4705523,2.130541,1,-0.01748066544532776,-0.24654131571451823,0.4912596672773361,0.3767293421427409,-0.46792787601738894,-0.10357658329121089,0.8776761328870542,-1.1659300824814842,-66.802872933529,2
2.299999999999995,,,,,11.451502,-2.5325193,-0.53869414,2.6296515,-2.4627366,3.5370057,2.2368777,-0.27459395,-0.15964346,0.32953605,-0.8891114,-7.5726953,10.396795,0.7751833,-2.5325193,-0.53869414,2.6296515,1,-0.01748066544532776,-0.24654131571451823,0.4912596672773361,0.3767293421427409,-0.46792787601738894,-0.10357658329121089,0.8776761328870542,-1.1659300824814842,-66.802872933529,2
2.3099999999999947,,,,,11.451502,-2.5325193,-0.53869414,2.6296515,-2.5384061,3.6405854,2.2445562,-0.26399145,-0.1542015,0.34357625,-0.88796777,-7.5613656,10.318879,0.7602314,-2.5325193,-0.53869414,2.6296515,1,-0.01748066544532776,-0.24654131571451823,0.4912596672773361,0.3767293421427409,-0.46792787601738894,-0.10357658329121089,0.8776761328870542,-1.1659300824814842,-66.802872933529,2
2.3199999999999945,,,,,11.451502,-2.5325193,-0.53869414,2.6296515,-2.6139681,3.743376,2.2520764,-0.25329906,-0.14870702,0.3574995,-0.8865218,-7.5512085,10.238923,0.74347556,-2.5325193,-0.53869414,2.6296515,1,-0.01748066544532776,-0.24654131571451823,0.4912596672773361,0.3767293421427409,-0.46792787601738894,-0.10357658329121089,0.8776761328870542,-1.1659300824814842,-66.802872933529,2
2.3299999999999943,,,,,11.742228,-1.8268611,-0.18554707,1.9874127,-2.6894343,3.845357,2.2594194,-0.24252045,-0.14316191,0.37130105,-0.884774,-7.54216,10.156964,0.7248356,-2.5325193,-0.53869414,2.6296515,1,-0.01748066544532776,-0.24654131571451823,0.4912596672773361,0.3767293421427409,-0.46792787601738894,-0.10357658329121089,0.8776761328870542,-1.1659300824814842,-66.802872933529,2
2.339999999999994,,,,,11.742228,-1.8268611,-0.18554707,1.9874127,-2.764814,3.9464989,2.266577,-0.23466964,-0.1380649,0.3809962,-0.88357866,-7.5339184,10.071148,0.7064552,-1.8268611,-0.18554707,1.9874127,1,-0.004967742264270782,-0.16197184244791665,0.4975161288678646,0.4190140787760417,-0.621399809283091,-0.22958981470443235,0.7490999893251385,-1.282447194136859,-73.47881167243655,2
2.349999999999994,,,,,11.742228,-1.8268611,-0.18554707,1.9874127,-2.8401158,4.0467753,2.2735438,-0.2267759,-0.13294263,0.39062157,-0.8822216,-7.526611,9.983975,0.68668264,-1.8268611,-0.18554707,1.9874127,1,-0.004967742264270782,-0.16197184244791665,0.4975161288678646,0.4190140787760417,-0.621399809283091,-0.22958981470443235,0.7490999893251385,-1.282447194136859,-73.47881167243655,2
2.3599999999999937,,,,,11.742228,-1.8268611,-0.18554707,1.9874127,-2.915349,4.146174,2.2803059,-0.21884064,-0.12779604,0.40017545,-0.880703,-7.5202017,9.895466,0.66547656,-1.8268611,-0.18554707,1.9874127,1,-0.004967742264270782,-0.16197184244791665,0.4975161288678646,0.4190140787760417,-0.621399809283091,-0.22958981470443235,0.7490999893251385,-1.282447194136859,-73.47881167243655,2
2.3699999999999934,,,,,14.003443,-0.3815206,-0.77536106,2.354702,-2.9905226,4.2446804,2.2868485,-0.21086533,-0.12262602,0.4096561,-0.8790232,-7.514653,9.805639,0.6427963,-1.8268611,-0.18554707,1.9874127,1,-0.004967742264270782,-0.16197184244791665,0.4975161288678646,0.4190140787760417,-0.621399809283091,-0.22958981470443235,0.7490999893251385,-1.282447194136859,-73.47881167243655,2
2.3799999999999932,,,,,14.003443,-0.3815206,-0.77536106,2.354702,-3.0656385,4.3421955,2.293229,-0.19914563,-0.12079889,0.41356185,-0.8801799,-7.5083904,9.697323,0.6332272,-0.3815206,-0.77536106,2.354702,1,-0.004967742264270782,-0.16197184244791665,0.4975161288678646,0.4190140787760417,-0.621399809283091,-0.22958981470443235,0.7490999893251385,-1.282447194136859,-73.47881167243655,2
2.389999999999993,,,,,14.003443,-0.3815206,-0.77536106,2.354702,-3.140688,4.4386244,2.2995102,-0.1873946,-0.118952766,0.41740254,-0.88119805,-7.5014033,9.588422,0.62288445,-0.3815206,-0.77536106,2.354702,1,-0.004967742264270782,-0.16197184244791665,0.4975161288678646,0.4190140787760417,-0.621399809283091,-0.22958981470443235,0.7490999893251385,-1.282447194136859,-73.47881167243655,2
2.399999999999993,,,,,14.003443,-0.3815206,-0.77536106,2.354702,-3.2156637,4.533962,2.305684,-0.1756141,-0.11708792,0.4211776,-0.88207763,-7.4936695,9.478956,0.6117742,-0.3815206,-0.77536106,2.354702,1,-0.004967742264270782,-0.16197184244791665,0.4975161288678646,0.4190140787760417,-0.621399809283091,-0.22958981470443235,0.7490999893251385,-1.282447194136859,-73.47881167243655,2
2.4099999999999926,,,,,12.462189,0.41034594,-0.18302539,2.2652876,-3.2905583,4.6282015,2.311743,-0.163806,-0.11520467,0.4248864,-0.8828185,-7.4851675,9.368948,0.59990335,-0.3815206,-0.77536106,2.354702,1,0.06390494346618653,-0.24144116719563802,0.5319524717330932,0.379279416402181,-0.5969182118429335,-0.3674377027501803,0.7132167853941078,-1.4484866546715116,-82.99217199370113,2
2.4199999999999924,,,,,12.462189,0.41034594,-0.18302539,2.2652876,-3.3653696,4.7214003,2.3176334,-0.15317094,-0.1115286,0.42450154,-0.8853812,-7.4770136,9.270851,0.5782296,0.41034594,-0.18302539,2.2652876,1,0.06390494346618653,-0.24144116719563802,0.5319524717330932,0.379279416402181,-0.5969182118429335,-0.3674377027501803,0.7132167853941078,-1.4484866546715116,-82.99217199370113,2
2.429999999999992,,,,,12.462189,0.41034594,-0.18302539,2.2652876,-3.4400973,4.813619,2.3233087,-0.14251544,-0.107837655,0.42406008,-0.88782597,-7.4684596,9.173016,0.55684733,0.41034594,-0.18302539,2.2652876,1,0.06390494346618653,-0.24144116719563802,0.5319524717330932,0.379279416402181,-0.5969182118429335,-0.3674377027501803,0.7132167853941078,-1.4484866546715116,-82.99217199370113,2
2.439999999999992,,,,,12.462189,0.41034594,-0.18302539,2.2652876,-3.5147376,4.904861,2.3287714,-0.13184094,-0.10413233,0.42356208,-0.8901523,-7.4595146,9.075448,0.5357624,0.41034594,-0.18302539,2.2652876,1,0.06390494346618653,-0.24144116719563802,0.5319524717330932,0.379279416402181,-0.5969182118429335,-0.3674377027501803,0.7132167853941078,-1.4484866546715116,-82.99217199370113,2
2.4499999999999917,,,,,13.737389,0.72345674,-0.31668,2.13312,-3.5892863,4.995129,2.3340247,-0.12114887,-0.10041312,0.42300758,-0.8923599,-7.450188,8.978157,0.5149806,0.41034594,-0.18302539,2.2652876,1,0.06390494346618653,-0.24144116719563802,0.5319524717330932,0.379279416402181,-0.5969182118429335,-0.3674377027501803,0.7132167853941078,-1.4484866546715116,-82.99217199370113,2
2.4599999999999915,,,,,13.737389,0.72345674,-0.31668,2.13312,-3.6637347,5.084376,2.3391118,-0.11059069,-0.097746246,0.42101514,-0.8949654,-7.4393845,8.871313,0.5025493,0.72345674,-0.31668,2.13312,1,0.06390494346618653,-0.24144116719563802,0.5319524717330932,0.379279416402181,-0.5969182118429335,-0.3674377027501803,0.7132167853941078,-1.4484866546715116,-82.99217199370113,2
2.4699999999999913,,,,,13.737389,0.72345674,-0.31668,2.13312,-3.7380714,5.1725574,2.3440776,-0.1000182,-0.09506673,0.41896823,-0.89745516,-7.4278836,8.765034,0.49072793,0.72345674,-0.31668,2.13312,1,0.0814744472503662,-0.20633336385091147,0.5407372236251831,0.39683331807454425,-0.6382455775640091,-0.386469311024926,0.665795805300622,-1.412254633722128,-80.91623011007188,2
2.479999999999991,,,,,13.737389,0.72345674,-0.31668,2.13312,-3.81229,5.259679,2.3489287,-0.08943279,-0.09237493,0.41686714,-0.89982885,-7.415704,8.659334,0.47952348,0.72345674,-0.31668,2.13312,1,0.0814744472503662,-0.20633336385091147,0.5407372236251831,0.39683331807454425,-0.6382455775640091,-0.386469311024926,0.665795805300622,-1.412254633722128,-80.91623011007188,2
2.489999999999991,,,,,13.217854,2.1584127,0.38919932,1.6624751,-3.8863835,5.3457465,2.3536706,-0.07883581,-0.089671165,0.41471213,-0.90208614,-7.402865,8.55423,0.46894258,0.72345674,-0.31668,2.13312,1,0.0814744472503662,-0.20633336385091147,0.5407372236251831,0.39683331807454425,-0.6382455775640091,-0.386469311024926,0.665795805300622,-1.412254633722128,-80.91623011007188,2
2.4999999999999907,,,,,13.217854,2.1584127,0.38919932,1.6624751,-3.9603484,5.430787,2.3582952,-0.0711694,-0.08531092,0.40552977,-0.907306,-7.3900847,8.45417,0.4562549,2.1584127,0.38919932,1.6624751,1,0.0814744472503662,-0.20633336385091147,0.5407372236251831,0.39683331807454425,-0.6382455775640091,-0.386469311024926,0.665795805300622,-1.412254633722128,-80.91623011007188,2
2.5099999999999905,,,,,13.217854,2.1584127,0.38919932,1.6624751,-4.034185,5.514836,2.3628035,-0.06348952,-0.08093451,0.3962706,-0.91235405,-7.3772345,8.356021,0.4457459,2.1584127,0.38919932,1.6624751,1,0.0814744472503662,-0.20633336385091147,0.5407372236251831,0.39683331807454425,-0.6382455775640091,-0.386469311024926,0.665795805300622,-1.412254633722128,-80.91623011007188,2
2.5199999999999902,,,,,13.217854,2.1584127,0.38919932,1.6624751,-4.1078935,5.5979133,2.3672175,-0.055797614,-0.07654278,0.3869364,-0.91722935,-7.3643675,8.259827,0.43737715,2.1584127,0.38919932,1.6624751,1,0.0814744472503662,-0.20633336385091147,0.5407372236251831,0.39683331807454425,-0.6382455775640091,-0.386469311024926,0.665795805300622,-1.412254633722128,-80.91623011007188,2
2.52999999999999,,,,,12.74995,1.7316817,1.4829569,1.263144,-4.181473,5.680039,2.3715584,-0.048095137,-0.07213656,0.37752894,-0.92193097,-7.3515377,8.165631,0.43110853,2.1584127,0.38919932,1.6624751,1,0.0814744472503662,-0.20633336385091147,0.5407372236251831,0.39683331807454425,-0.6382455775640091,-0.386469311024926,0.665795805300622,-1.412254633722128,-80.91623011007188,2
2.53999999999999,,,,,12.74995,1.7316817,1.4829569,1.263144,-4.254928,5.761249,2.3758304,-0.04444321,-0.06332683,0.36961362,-0.92596,-7.339793,8.076609,0.42352083,1.7316817,1.4829569,1.263144,1,0.10023733139038087,-0.17014256795247396,0.5501186656951904,0.414928716023763,-0.6906742440283299,-0.3400116377894812,0.6382485211918709,-1.2906161787984187,-73.94686001645103,2
2.5499999999999896,,,,,12.74995,1.7316817,1.4829569,1.263144,-4.3282743,5.8415766,2.3800352,-0.040783733,-0.05450634,0.36163557,-0.92983174,-7.329627,7.9892454,0.41772318,1.7316817,1.4829569,1.263144,1,0.10023733139038087,-0.17014256795247396,0.5501186656951904,0.414928716023763,-0.6906742440283299,-0.3400116377894812,0.6382485211918709,-1.2906161787984187,-73.94686001645103,2
2.5599999999999894,,,,,12.74995,1.7316817,1.4829569,1.263144,-4.4015265,5.921039,2.3841908,-0.037117332,-0.045676593,0.35359606,-0.9335456,-7.3210754,7.90357,0.4136555,1.7316817,1.4829569,1.263144,1,0.10023733139038087,-0.17014256795247396,0.5501186656951904,0.414928716023763,-0.6906742440283299,-0.3400116377894812,0.6382485211918709,-1.2906161787984187,-73.94686001645103,2
2.569999999999989,,,,,13.6649685,0.12062393,1.5050933,1.466501,-4.4747014,5.9996533,2.3883142,-0.033444624,-0.03683909,0.3454965,-0.9371009,-7.3141723,7.819611,0.4112565,1.7316817,1.4829569,1.263144,1,0.10023733139038087,-0.17014256795247396,0.5501186656951904,0.414928716023763,-0.6906742440283299,-0.3400116377894812,0.6382485211918709,-1.2906161787984187,-73.94686001645103,2
2.579999999999989,,,,,13.6649685,0.12062393,1.5050933,1.466501,-4.547814,6.0774055,2.3924549,-0.029149361,-0.027271923,0.34493062,-0.9377798,-7.308658,7.730865,0.41691837,0.12062393,1.5050933,1.466501,1,0.10023733139038087,-0.17014256795247396,0.5501186656951904,0.414928716023763,-0.6906742440283299,-0.3400116377894812,0.6382485211918709,-1.2906161787984187,-73.94686001645103,2
2.5899999999999888,,,,,13.6649685,0.12062393,1.5050933,1.466501,-4.6208816,6.1542716,2.3966534,-0.024850866,-0.017701734,0.3443266,-0.93835485,-7.305181,7.6423182,0.42283857,0.12062393,1.5050933,1.466501,1,0.10023733139038087,-0.17014256795247396,0.5501186656951904,0.414928716023763,-0.6906742440283299,-0.3400116377894812,0.6382485211918709,-1.2906161787984187,-73.94686001645103,2
2.5999999999999885,,,,,13.6649685,0.12062393,1.5050933,1.466501,-4.6939244,6.2302527,2.4009125,-0.02054962,-0.008129582,0.3436844,-0.9388261,-7.3037467,7.553968,0.428974,0.12062393,1.5050933,1.466501,1,0.10023733139038087,-0.17014256795247396,0.5501186656951904,0.414928716023763,-0.6906742440283299,-0.3400116377894812,0.6382485211918709,-1.2906161787984187,-73.94686001645103,2
2.6099999999999883,,,,,12.65472,-0.33017915,0.7660909,1.3919303,-4.7669635,6.3053517,2.4052336,-0.016246095,0.0014434699,0.3430041,-0.9391931,-7.304359,7.4658117,0.43528157,0.12062393,1.5050933,1.466501,1,-0.012901185750961304,-0.13869668324788412,0.49354940712451933,0.43065165837605796,-0.7975265215206722,-0.3805901737618564,0.4680839316907352,-1.241581245216473,-71.13736527350123,2
2.619999999999988,,,,,12.65472,-0.33017915,0.7660909,1.3919303,-4.8400164,6.379602,2.4095795,-0.01102064,0.007454903,0.34447104,-0.93870354,-7.3064795,7.3841753,0.43385163,-0.33017915,0.7660909,1.3919303,1,-0.012901185750961304,-0.13869668324788412,0.49354940712451933,0.43065165837605796,-0.7975265215206722,-0.3805901737618564,0.4680839316907352,-1.241581245216473,-71.13736527350123,2
2.629999999999988,,,,,12.65472,-0.33017915,0.7660909,1.3919303,-4.9130964,6.4530344,2.4139097,-0.005794458,0.013465845,0.3459153,-0.9381521,-7.3095765,7.3022456,0.43214718,-0.33017915,0.7660909,1.3919303,1,-0.012901185750961304,-0.13869668324788412,0.49354940712451933,0.43065165837605796,-0.7975265215206722,-0.3805901737618564,0.4680839316907352,-1.241581245216473,-71.13736527350123,2
2.6399999999999877,,,,,12.65472,-0.33017915,0.7660909,1.3919303,-4.9862123,6.525646,2.4182215,-0.00056789524,0.0194759,0.34733674,-0.93753886,-7.313644,7.2200184,0.43015274,-0.33017915,0.7660909,1.3919303,1,-0.012901185750961304,-0.13869668324788412,0.49354940712451933,0.43065165837605796,-0.7975265215206722,-0.3805901737618564,0.4680839316907352,-1.241581245216473,-71.13736527350123,2
2.6499999999999875,,,,,13.06077,0.14138655,1.3824744,1.051175,-5.059373,6.597434,2.422512,0.0046587056,0.025484674,0.3487353,-0.93686396,-7.3186755,7.1374893,0.42785308,-0.33017915,0.7660909,1.3919303,1,-0.012901185750961304,-0.13869668324788412,0.49354940712451933,0.43065165837605796,-0.7975265215206722,-0.3805901737618564,0.4680839316907352,-1.241581245216473,-71.13736527350123,2
2.6599999999999873,,,,,13.06077,0.14138655,1.3824744,1.051175,-5.132591,6.668382,2.4267936,0.007153933,0.033795755,0.34795806,-0.9368743,-7.3251653,7.0521736,0.4284303,0.14138655,1.3824744,1.051175,1,-0.012901185750961304,-0.13869668324788412,0.49354940712451933,0.43065165837605796,-0.7975265215206722,-0.3805901737618564,0.4680839316907352,-1.241581245216473,-71.13736527350123,2
2.669999999999987,,,,,13.06077,0.14138655,1.3824744,1.051175,-5.2058825,6.738478,2.4310808,0.009648617,0.04210427,0.34715438,-0.9368135,-7.333463,6.9670153,0.42900845,0.14138655,1.3824744,1.051175,1,0.05200695514678955,-0.2475603993733724,0.5260034775733948,0.3762198003133138,-0.7692751833429146,-0.404756764169903,0.49435579712534455,-1.2441296566684104,-71.28337849416005,2
2.679999999999987,,,,,13.06077,0.14138655,1.3824744,1.051175,-5.2792664,6.807723,2.4353738,0.012142569,0.050409593,0.34632435,-0.9366816,-7.3435693,6.882017,0.429556,0.14138655,1.3824744,1.051175,1,0.05200695514678955,-0.2475603993733724,0.5260034775733948,0.3762198003133138,-0.7692751833429146,-0.404756764169903,0.49435579712534455,-1.2441296566684104,-71.28337849416005,2
2.6899999999999866,,,,,12.752216,0.9021262,2.0948064,0.7967839,-5.3527603,6.876119,2.4396718,0.014635598,0.05871109,0.345468,-0.9364786,-7.355482,6.7971816,0.43004134,0.14138655,1.3824744,1.051175,1,0.05200695514678955,-0.2475603993733724,0.5260034775733948,0.3762198003133138,-0.7692751833429146,-0.404756764169903,0.49435579712534455,-1.2441296566684104,-71.28337849416005,2
2.6999999999999864,,,,,12.752216,0.9021262,2.0948064,0.7967839,-5.426381,6.9436784,2.443963,0.014482123,0.06995757,0.34113818,-0.93729526,-7.3692393,6.714794,0.4282963,0.9021262,2.0948064,0.7967839,1,0.05200695514678955,-0.2475603993733724,0.5260034775733948,0.3762198003133138,-0.7692751833429146,-0.404756764169903,0.49435579712534455,-1.2441296566684104,-71.28337849416005,2
2.709999999999986,,,,,12.752216,0.9021262,2.0948064,0.7967839,-5.5001535,7.010418,2.4482388,0.014326534,0.08119384,0.33675858,-0.9379752,-7.3857265,6.63334,0.426916,0.9021262,2.0948064,0.7967839,1,0.05200695514678955,-0.2475603993733724,0.5260034775733948,0.3762198003133138,-0.7692751833429146,-0.404756764169903,0.49435579712534455,-1.2441296566684104,-71.28337849416005,2
2.719999999999986,,,,,12.752216,0.9021262,2.0948064,0.7967839,-5.574105,7.076348,2.4525023,0.014168855,0.09241827,0.33232987,-0.9385182,-7.4049425,6.552846,0.4258353,0.9021262,2.0948064,0.7967839,1,0.05200695514678955,-0.2475603993733724,0.5260034775733948,0.3762198003133138,-0.7692751833429146,-0.404756764169903,0.49435579712534455,-1.2441296566684104,-71.28337849416005,2
2.7299999999999858,,,,,12.133957,0.887525,2.178047,0.5689303,-5.648262,7.141478,2.456756,0.014009107,0.1036292,0.32785267,-0.9389243,-7.426885,6.473338,0.4249888,0.9021262,2.0948064,0.7967839,1,0.05200695514678955,-0.2475603993733724,0.5260034775733948,0.3762198003133138,-0.7692751833429146,-0.404756764169903,0.49435579712534455,-1.2441296566684104,-71.28337849416005,2
2.7399999999999856,,,,,12.133957,0.887525,2.178047,0.5689303,-5.722646,7.2058377,2.460979,0.012648768,0.11484124,0.32351995,-0.93914205,-7.4503894,6.3986435,0.41957605,0.887525,2.178047,0.5689303,1,-0.03684406042098999,-0.09795647303263347,0.481577969789505,0.4510217634836833,-0.9080265929559846,-0.3430249112613608,0.240461258290982,-1.0707967877721325,-61.352136655508914,2
2.7499999999999853,,,,,12.133957,0.887525,2.178047,0.5689303,-5.797279,7.269455,2.4651484,0.011286577,0.12603647,0.31913987,-0.9392224,-7.476573,6.32493,0.41423056,0.887525,2.178047,0.5689303,1,-0.03684406042098999,-0.09795647303263347,0.481577969789505,0.4510217634836833,-0.9080265929559846,-0.3430249112613608,0.240461258290982,-1.0707967877721325,-61.352136655508914,2
2.759999999999985,,,,,12.133957,0.887525,2.178047,0.5689303,-5.8721867,7.33234,2.4692645,0.0099227335,0.13721326,0.31471312,-0.9391652,-7.5054255,6.252227,0.4088906,0.887525,2.178047,0.5689303,1,-0.03684406042098999,-0.09795647303263347,0.481577969789505,0.4510217634836833,-0.9080265929559846,-0.3430249112613608,0.240461258290982,-1.0707967877721325,-61.352136655508914,2
2.769999999999985,,,,,10.901831,0.7334326,2.5243347,0.39437705,-5.9473963,7.3945026,2.4733262,0.008557438,0.14836995,0.31024027,-0.9389705,-7.5369353,6.180563,0.4034944,0.887525,2.178047,0.5689303,1,-0.03684406042098999,-0.09795647303263347,0.481577969789505,0.4510217634836833,-0.9080265929559846,-0.3430249112613608,0.240461258290982,-1.0707967877721325,-61.352136655508914,2
2.7799999999999847,,,,,10.901831,0.7334326,2.5243347,0.39437705,-6.0229177,7.4559903,2.4772863,0.005948453,0.160851,0.30658507,-0.9381358,-7.567749,6.117095,0.38850093,0.7334326,2.5243347,0.39437705,1,-0.03684406042098999,-0.09795647303263347,0.481577969789505,0.4510217634836833,-0.9080265929559846,-0.3430249112613608,0.240461258290982,-1.0707967877721325,-61.352136655508914,2
2.7899999999999845,,,,,10.901831,0.7334326,2.5243347,0.39437705,-6.0987606,7.516848,2.4810948,0.0033384173,0.17330365,0.3028757,-0.93713534,-7.6012626,6.0545125,0.3731334,0.7334326,2.5243347,0.39437705,1,-0.03684406042098999,-0.09795647303263347,0.481577969789505,0.4510217634836833,-0.9080265929559846,-0.3430249112613608,0.240461258290982,-1.0707967877721325,-61.352136655508914,2
2.7999999999999843,,,,,10.901831,0.7334326,2.5243347,0.39437705,-6.1749525,7.5770836,2.4847476,0.00072779186,0.18572567,0.29911283,-0.93596935,-7.637454,5.99285,0.3573274,0.7334326,2.5243347,0.39437705,1,-0.03684406042098999,-0.09795647303263347,0.481577969789505,0.4510217634836833,-0.9080265929559846,-0.3430249112613608,0.240461258290982,-1.0707967877721325,-61.352136655508914,2
2.809999999999984,,,,,8.560741,0.17695174,3.587854,0.22541791,-6.251519,7.636708,2.4882398,-0.001882962,0.1981149,0.29529712,-0.934638,-7.6763005,5.932142,0.34101894,0.7334326,2.5243347,0.39437705,1,0.023833158016204833,0.0007900986075401307,0.5119165790081024,0.5003950493037701,-0.9862928770510909,-0.15110038578065246,0.06629505332390898,-0.8099441241243142,-46.40637995374328,2
2.819999999999984,,,,,8.560741,0.17695174,3.587854,0.22541791,-6.3284445,7.695794,2.491478,-0.0063016964,0.21517977,0.29416534,-0.93119615,-7.7091618,5.8851423,0.30647296,0.17695174,3.587854,0.22541791,1,0.023833158016204833,0.0007900986075401307,0.5119165790081024,0.5003950493037701,-0.9862928770510909,-0.15110038578065246,0.06629505332390898,-0.8099441241243142,-46.40637995374328,2
2.8299999999999836,,,,,8.560741,0.17695174,3.587854,0.22541791,-6.4057126,7.754413,2.4943652,-0.01071839,0.23217496,0.29293832,-0.9274528,-7.7448325,5.838687,0.27080163,0.17695174,3.587854,0.22541791,1,0.023833158016204833,0.0007900986075401307,0.5119165790081024,0.5003950493037701,-0.9862928770510909,-0.15110038578065246,0.06629505332390898,-0.8099441241243142,-46.40637995374328,2
2.8399999999999834,,,,,8.560741,0.17695174,3.587854,0.22541791,-6.483351,7.81257,2.4968898,-0.015131613,0.24909496,0.2916164,-0.92340904,-7.7832665,5.7928286,0.2339205,0.17695174,3.587854,0.22541791,1,0.023833158016204833,0.0007900986075401307,0.5119165790081024,0.5003950493037701,-0.9862928770510909,-0.15110038578065246,0.06629505332390898,-0.8099441241243142,-46.40637995374328,2
2.849999999999983,,,,,6.5246506,0.12515356,4.7410164,0.12462185,-6.5613875,7.870272,2.499039,-0.019539934,0.26593426,0.29020008,-0.9190662,-7.824414,5.747621,0.1957466,0.17695174,3.587854,0.22541791,1,0.023833158016204833,0.0007900986075401307,0.5119165790081024,0.5003950493037701,-0.9862928770510909,-0.15110038578065246,0.06629505332390898,-0.8099441241243142,-46.40637995374328,2
2.859999999999983,,,,,6.5246506,0.12515356,4.7410164,0.12462185,-6.6397977,7.927579,2.5007293,-0.02600678,0.28781253,0.28891456,-0.91269803,-7.8580384,5.713749,0.14212643,0.12515356,4.7410164,0.12462185,1,0.023833158016204833,0.0007900986075401307,0.5119165790081024,0.5003950493037701,-0.9862928770510909,-0.15110038578065246,0.06629505332390898,-0.8099441241243142,-46.40637995374328,2
2.869999999999983,,,,,6.5246506,0.12515356,4.7410164,0.12462185,-6.718557,7.98455,2.501876,-0.032458995,0.30952886,0.28746644,-0.9058162,-7.894259,5.680597,0.08698469,0.12515356,4.7410164,0.12462185,1,0.05010716438293457,-0.04796479860941569,0.5250535821914672,0.47601760069529214,-0.9962712409804857,-0.02998655769175856,-0.08089759423494626,-0.6538398269419394,-37.46226256133727,2
2.8799999999999826,,,,,6.5246506,0.12515356,4.7410164,0.12462185,-6.797691,8.041193,2.5024636,-0.038892943,0.331071,0.28585654,-0.89842474,-7.932993,5.648236,0.03022262,0.12515356,4.7410164,0.12462185,1,0.05010716438293457,-0.04796479860941569,0.5250535821914672,0.47601760069529214,-0.9962712409804857,-0.02998655769175856,-0.08089759423494626,-0.6538398269419394,-37.46226256133727,2
2.8899999999999824,,,,,5.2380614,0.7723049,4.590492,0.17117366,-6.8772244,8.097517,2.5024748,-0.04530501,0.35242686,0.28408584,-0.8905277,-7.974154,5.616736,-0.02825487,0.12515356,4.7410164,0.12462185,1,0.05010716438293457,-0.04796479860941569,0.5250535821914672,0.47601760069529214,-0.9962712409804857,-0.02998655769175856,-0.08089759423494626,-0.6538398269419394,-37.46226256133727,2
2.899999999999982,,,,,5.2380614,0.7723049,4.590492,0.17117366,-6.957139,8.153563,2.5018551,-0.052411273,0.3728374,0.27922893,-0.88333356,-8.009066,5.592291,-0.09590955,0.7723049,4.590492,0.17117366,1,0.05010716438293457,-0.04796479860941569,0.5250535821914672,0.47601760069529214,-0.9962712409804857,-0.02998655769175856,-0.08089759423494626,-0.6538398269419394,-37.46226256133727,2
2.909999999999982,,,,,5.2380614,0.7723049,4.590492,0.17117366,-7.0374117,8.209368,2.5005524,-0.05948911,0.3930457,0.27422056,-0.87566024,-8.045756,5.5689025,-0.16485369,0.7723049,4.590492,0.17117366,1,0.05010716438293457,-0.04796479860941569,0.5250535821914672,0.47601760069529214,-0.9962712409804857,-0.02998655769175856,-0.08089759423494626,-0.6538398269419394,-37.46226256133727,2
2.9199999999999817,,,,,5.2380614,0.7723049,4.590492,0.17117366,-7.11806,8.264944,2.4985535,-0.066534676,0.41304082,0.26906344,-0.8675119,-8.0841465,5.546617,-0.23515308,0.7723049,4.590492,0.17117366,1,0.05010716438293457,-0.04796479860941569,0.5250535821914672,0.47601760069529214,-0.9962712409804857,-0.02998655769175856,-0.08089759423494626,-0.6538398269419394,-37.46226256133727,2
2.9299999999999815,,,,,6.805638,1.4583158,3.3459094,-0.44690225,-7.1991,8.320303,2.4958446,-0.07354415,0.4328119,0.26376036,-0.8588931,-8.124152,5.5254803,-0.30687055,0.7723049,4.590492,0.17117366,1,0.05010716438293457,-0.04796479860941569,0.5250535821914672,0.47601760069529214,-0.9962712409804857,-0.02998655769175856,-0.08089759423494626,-0.6538398269419394,-37.46226256133727,2
2.9399999999999813,,,,,6.805638,1.4583158,3.3459094,-0.44690225,-7.280609,8.375427,2.4924498,-0.08301886,0.44598126,0.2571902,-0.85326636,-8.177946,5.4996014,-0.37229425,1.4583158,3.3459094,-0.44690225,1,0.07592122077941894,-0.2814835866292318,0.5379606103897094,0.3592582066853841,-0.9900445428327421,0.060097942446402486,-0.1272793797942771,-0.5313966095542342,-30.446782975018895,2
2.949999999999981,,,,,6.805638,1.4583158,3.3459094,-0.44690225,-7.3626637,8.430302,2.488395,-0.09246552,0.4589999,0.25053313,-0.8473512,-8.233176,5.47541,-0.43884024,1.4583158,3.3459094,-0.44690225,1,0.07592122077941894,-0.2814835866292318,0.5379606103897094,0.3592582066853841,-0.9900445428327421,0.060097942446402486,-0.1272793797942771,-0.5313966095542342,-30.446782975018895,2
2.959999999999981,,,,,6.805638,1.4583158,3.3459094,-0.44690225,-7.445277,8.484942,2.483669,-0.101880915,0.47186336,0.24379139,-0.8411496,-8.289766,5.452945,-0.5065422,1.4583158,3.3459094,-0.44690225,1,0.07592122077941894,-0.2814835866292318,0.5379606103897094,0.3592582066853841,-0.9900445428327421,0.060097942446402486,-0.1272793797942771,-0.5313966095542342,-30.446782975018895,2
2.9699999999999807,,,,,9.9299755,2.725262,0.08844749,-1.1092954,-7.528463,8.539368,2.47826,-0.111261874,0.4845673,0.23696722,-0.8346637,-8.34764,5.432244,-0.57543206,1.4583158,3.3459094,-0.44690225,1,0.07592122077941894,-0.2814835866292318,0.5379606103897094,0.3592582066853841,-0.9900445428327421,0.060097942446402486,-0.1272793797942771,-0.5313966095542342,-30.446782975018895,2
2.9799999999999804,,,,,9.9299755,2.725262,0.08844749,-1.1092954,-7.612367,8.59355,2.4722242,-0.12258652,0.4820536,0.22820693,-0.8369708,-8.433252,5.4045606,-0.63153154,2.725262,0.08844749,-1.1092954,1,0.07592122077941894,-0.2814835866292318,0.5379606103897094,0.3592582066853841,-0.9900445428327421,0.060097942446402486,-0.1272793797942771,-0.5313966095542342,-30.446782975018895,2
2.9899999999999802,,,,,9.9299755,2.725262,0.08844749,-1.1092954,-7.6971283,8.647467,2.4656336,-0.1338846,0.47943547,0.21939719,-0.8390966,-8.518958,5.3792567,-0.6863423,2.725262,0.08844749,-1.1092954,1,0.07592122077941894,-0.2814835866292318,0.5379606103897094,0.3592582066853841,-0.9900445428327421,0.060097942446402486,-0.1272793797942771,-0.5313966095542342,-30.446782975018895,2
2.99999999999998,,,,,9.9299755,2.725262,0.08844749,-1.1092954,-7.7827463,8.701143,2.4585013,-0.14515367,0.4767135,0.21053992,-0.84104055,-8.60468,5.356339,-0.7398737,2.725262,0.08844749,-1.1092954,1,0.07592122077941894,-0.2814835866292318,0.5379606103897094,0.3592582066853841,-0.9900445428327421,0.060097942446402486,-0.1272793797942771,-0.5313966095542342,-30.446782975018895,2
3.00999999999998,,,,,10.386352,-0.93603086,-3.3691194,0.76783466,-7.869221,8.7546015,2.4508405,-0.15639132,0.47388825,0.20163704,-0.84280235,-8.690338,5.335812,-0.792136,2.725262,0.08844749,-1.1092954,1,-0.038956103324890134,-0.2868957773844401,0.4805219483375549,0.35655211130778,-0.9707143928752568,0.145274587960364,-0.1913344233476249,-0.40209063700111125,-23.03809648189049,0
3.0199999999999796,,,,,10.386352,-0.93603086,-3.3691194,0.76783466,-7.9565706,8.8078575,2.4426746,-0.14751652,0.46112153,0.20636411,-0.8503066,-8.779209,5.314997,-0.8406845,-0.93603086,-3.3691194,0.76783466,1,-0.038956103324890134,-0.2868957773844401,0.4805219483375549,0.35655211130778,-0.9707143928752568,0.145274587960364,-0.1913344233476249,-0.40209063700111125,-23.03809648189049,0
3.0299999999999794,,,,,10.386352,-0.93603086,-3.3691194,0.76783466,-8.044799,8.860894,2.4340339,-0.13859443,0.44820708,0.21102504,-0.85753834,-8.866294,5.2917857,-0.88717014,-0.93603086,-3.3691194,0.76783466,1,-0.038956103324890134,-0.2868957773844401,0.4805219483375549,0.35655211130778,-0.9707143928752568,0.145274587960364,-0.1913344233476249,-0.40209063700111125,-23.03809648189049,0
3.039999999999979,,,,,10.386352,-0.93603086,-3.3691194,0.76783466,-8.13389,8.913687,2.4249382,-0.12962794,0.435149,0.21561836,-0.86449534,-8.95148,5.2662263,-0.93163764,-0.93603086,-3.3691194,0.76783466,1,-0.038956103324890134,-0.2868957773844401,0.4805219483375549,0.35655211130778,-0.9707143928752568,0.145274587960364,-0.1913344233476249,-0.40209063700111125,-23.03809648189049,0
3.049999999999979,,,,,14.214824,-4.358374,-3.1083875,0.5566628,-8.223823,8.96621,2.4154077,-0.12061992,0.42195153,0.22014259,-0.87117535,-9.03466,5.2383704,-0.9741343,-0.93603086,-3.3691194,0.76783466,1,-0.038956103324890134,-0.2868957773844401,0.4805219483375549,0.35655211130778,-0.9707143928752568,0.145274587960364,-0.1913344233476249,-0.40209063700111125,-23.03809648189049,0
3.0599999999999787,,,,,14.214824,-4.358374,-3.1083875,0.5566628,-8.314728,9.018386,2.4055645,-0.10553676,0.41150147,0.23974529,-0.87295604,-9.145716,5.195644,-0.99449885,-4.358374,-3.1083875,0.5566628,1,-0.038956103324890134,-0.2868957773844401,0.4805219483375549,0.35655211130778,-0.9707143928752568,0.145274587960364,-0.1913344233476249,-0.40209063700111125,-23.03809648189049,0
3.0699999999999785,,,,,14.214824,-4.358374,-3.1083875,0.5566628,-8.406728,9.0701,2.3955173,-0.09037717,0.40075347,0.25917438,-0.87410456,-9.253909,5.14587,-1.0150204,-4.358374,-3.1083875,0.5566628,1,0.0017250207066535949,-0.20139902750651043,0.5008625103533269,0.3993004862467448,-0.99126704149097,0.024162376569249855,-0.1296373094917724,-0.4831251355345194,-27.681031242813837,2
3.0799999999999783,,,,,14.214824,-4.358374,-3.1083875,0.5566628,-8.499795,9.121281,2.3852634,-0.07515213,0.38971525,0.27841577,-0.87462,-9.358909,5.0892,-1.0358857,-4.358374,-3.1083875,0.5566628,1,0.0017250207066535949,-0.20139902750651043,0.5008625103533269,0.3993004862467448,-0.99126704149097,0.024162376569249855,-0.1296373094917724,-0.4831251355345194,-27.681031242813837,2
3.089999999999978,,,,,14.392969,-1.8083128,-3.7330925,0.4549122,-8.593895,9.171861,2.374798,-0.059872672,0.37839487,0.29745558,-0.87450224,-9.460393,5.025804,-1.0572807,-4.358374,-3.1083875,0.5566628,1,0.0017250207066535949,-0.20139902750651043,0.5008625103533269,0.3993004862467448,-0.99126704149097,0.024162376569249855,-0.1296373094917724,-0.4831251355345194,-27.681031242813837,2
3.099999999999978,,,,,14.392969,-1.8083128,-3.7330925,0.4549122,-8.688996,9.221772,2.3641229,-0.0488979,0.36320853,0.30555397,-0.8788212,-9.559214,4.956,-1.0774397,-1.8083128,-3.7330925,0.4549122,1,0.0017250207066535949,-0.20139902750651043,0.5008625103533269,0.3993004862467448,-0.99126704149097,0.024162376569249855,-0.1296373094917724,-0.4831251355345194,-27.681031242813837,2
3.1099999999999777,,,,,14.392969,-1.8083128,-3.7330925,0.4549122,-8.785064,9.2709675,2.3532553,-0.037901845,0.3478641,0.3135194,-0.8827576,-9.653772,4.8824205,-1.0958054,-1.8083128,-3.7330925,0.4549122,1,0.0017250207066535949,-0.20139902750651043,0.5008625103533269,0.3993004862467448,-0.99126704149097,0.024162376569249855,-0.1296373094917724,-0.4831251355345194,-27.681031242813837,2
3.1199999999999775,,,,,14.392969,-1.8083128,-3.7330925,0.4549122,-8.882056,9.319407,2.3422124,-0.026889289,0.33236822,0.3213483,-0.88630974,-9.743901,4.805208,-1.1124939,-1.8083128,-3.7330925,0.4549122,1,0.0017250207066535949,-0.20139902750651043,0.5008625103533269,0.3993004862467448,-0.99126704149097,0.024162376569249855,-0.1296373094917724,-0.4831251355345194,-27.681031242813837,2
3.1299999999999772,,,,,16.084106,-1.1075045,-1.491017,0.73706734,-8.979927,9.367059,2.3310106,-0.015865026,0.3167277,0.32903737,-0.889476,-9.829441,4.7245116,-1.1276237,-1.8083128,-3.7330925,0.4549122,1,0.0017250207066535949,-0.20139902750651043,0.5008625103533269,0.3993004862467448,-0.99126704149097,0.024162376569249855,-0.1296373094917724,-0.4831251355345194,-27.681031242813837,2
3.139999999999977,,,,,16.084106,-1.1075045,-1.491017,0.73706734,-9.078681,9.413839,2.3197129,-0.008379452,0.3113813,0.3328974,-0.89002925,-9.920901,4.63125,-1.1318817,-1.1075045,-1.491017,0.73706734,1,0.05155160903930664,-0.1636590067545573,0.5257758045196533,0.4181704966227213,-0.9867922416896338,-0.16019403200687857,-0.024061252056508803,-0.5976852592098476,-34.24484282990689,2
3.149999999999977,,,,,16.084106,-1.1075045,-1.491017,0.73706734,-9.178338,9.459678,2.3083737,-0.00089304114,0.30600387,0.33672422,-0.89049363,-10.010091,4.536064,-1.1358869,-1.1075045,-1.491017,0.73706734,1,0.05155160903930664,-0.1636590067545573,0.5257758045196533,0.4181704966227213,-0.9867922416896338,-0.16019403200687857,-0.024061252056508803,-0.5976852592098476,-34.24484282990689,2
3.1599999999999766,,,,,16.084106,-1.1075045,-1.491017,0.73706734,-9.278875,9.504555,2.2969956,0.006593459,0.30059588,0.3405174,-0.89086914,-10.096972,4.438997,-1.1396542,-1.1075045,-1.491017,0.73706734,1,0.05155160903930664,-0.1636590067545573,0.5257758045196533,0.4181704966227213,-0.9867922416896338,-0.16019403200687857,-0.024061252056508803,-0.5976852592098476,-34.24484282990689,2
3.1699999999999764,,,,,17.771618,-0.71718687,-2.13256,0.8935466,-9.38027,9.548451,2.285581,0.014079301,0.29515785,0.3442766,-0.8911557,-10.181509,4.3400927,-1.1431979,-1.1075045,-1.491017,0.73706734,1,0.05155160903930664,-0.1636590067545573,0.5257758045196533,0.4181704966227213,-0.9867922416896338,-0.16019403200687857,-0.024061252056508803,-0.5976852592098476,-34.24484282990689,2
3.179999999999976,,,,,17.771618,-0.71718687,-2.13256,0.8935466,-9.482539,9.591299,2.274183,0.022788873,0.28712186,0.3459782,-0.89294016,-10.271988,4.228958,-1.1362052,-0.71718687,-2.13256,0.8935466,1,0.05155160903930664,-0.1636590067545573,0.5257758045196533,0.4181704966227213,-0.9867922416896338,-0.16019403200687857,-0.024061252056508803,-0.5976852592098476,-34.24484282990689,2
3.189999999999976,,,,,17.771618,-0.71718687,-2.13256,0.8935466,-9.585696,9.633027,2.2628613,0.031495105,0.2790438,0.34762907,-0.8945938,-10.359008,4.1162467,-1.127977,-0.71718687,-2.13256,0.8935466,1,0.05155160903930664,-0.1636590067545573,0.5257758045196533,0.4181704966227213,-0.9867922416896338,-0.16019403200687857,-0.024061252056508803,-0.5976852592098476,-34.24484282990689,2
3.1999999999999758,,,,,17.771618,-0.71718687,-2.13256,0.8935466,-9.689707,9.67362,2.2516277,0.04019672,0.27092484,0.34922904,-0.8961163,-10.442522,4.00204,-1.1185405,-0.71718687,-2.13256,0.8935466,1,0.05155160903930664,-0.1636590067545573,0.5257758045196533,0.4181704966227213,-0.9867922416896338,-0.16019403200687857,-0.024061252056508803,-0.5976852592098476,-34.24484282990689,2
3.2099999999999755,,,,,17.923859,-0.9749617,-2.088267,0.6786896,-9.794534,9.713063,2.2404945,0.04889245,0.2627662,0.3507778,-0.89750755,-10.522488,3.886419,-1.1079239,-0.71718687,-2.13256,0.8935466,1,0.054982690811157225,-0.05953738530476888,0.5274913454055786,0.47023130734761553,-0.9697950275422459,-0.23872333065929555,-0.05008768265020232,-0.5951627507304442,-34.10031374025111,2
3.2199999999999753,,,,,17.923859,-0.9749617,-2.088267,0.6786896,-9.9001465,9.751338,2.2294776,0.0568779,0.25432825,0.3537254,-0.89831054,-10.599495,3.7683382,-1.0953352,-0.9749617,-2.088267,0.6786896,1,0.054982690811157225,-0.05953738530476888,0.5274913454055786,0.47023130734761553,-0.9697950275422459,-0.23872333065929555,-0.05008768265020232,-0.5951627507304442,-34.10031374025111,2
3.229999999999975,,,,,17.923859,-0.9749617,-2.088267,0.6786896,-10.00651,9.788424,2.2185905,0.06485514,0.24585363,0.35662198,-0.89898384,-10.67278,3.648657,-1.0819411,-0.9749617,-2.088267,0.6786896,1,0.054982690811157225,-0.05953738530476888,0.5274913454055786,0.47023130734761553,-0.9697950275422459,-0.23872333065929555,-0.05008768265020232,-0.5951627507304442,-34.10031374025111,2
3.239999999999975,,,,,17.923859,-0.9749617,-2.088267,0.6786896,-10.113587,9.824306,2.2078414,0.07282303,0.23734352,0.3594671,-0.89952743,-10.742301,3.5274577,-1.0677793,-0.9749617,-2.088267,0.6786896,1,0.054982690811157225,-0.05953738530476888,0.5274913454055786,0.47023130734761553,-0.9697950275422459,-0.23872333065929555,-0.05008768265020232,-0.5951627507304442,-34.10031374025111,2
3.2499999999999747,,,,,17.929466,-0.89407957,-2.220786,0.5598476,-10.221342,9.858968,2.1972375,0.08078041,0.22879916,0.3622603,-0.89994127,-10.808018,3.4048226,-1.0528882,-0.9749617,-2.088267,0.6786896,1,0.054982690811157225,-0.05953738530476888,0.5274913454055786,0.47023130734761553,-0.9697950275422459,-0.23872333065929555,-0.05008768265020232,-0.5951627507304442,-34.10031374025111,2
3.2599999999999745,,,,,17.929466,-0.89407957,-2.220786,0.5598476,-10.329735,9.892397,2.1867864,0.0883386,0.21944216,0.36471856,-0.90056825,-10.869852,3.2808337,-1.0371965,-0.89407957,-2.220786,0.5598476,1,0.054982690811157225,-0.05953738530476888,0.5274913454055786,0.47023130734761553,-0.9697950275422459,-0.23872333065929555,-0.05008768265020232,-0.5951627507304442,-34.10031374025111,2
3.2699999999999743,,,,,17.929466,-0.89407957,-2.220786,0.5598476,-10.438726,9.924582,2.1764965,0.09588345,0.21005198,0.3671217,-0.90105915,-10.927643,3.1556787,-1.0206596,-0.89407957,-2.220786,0.5598476,1,0.0661640453338623,0.02217047055562337,0.5330820226669312,0.5110852352778117,-0.9510599733733798,-0.3058885588474879,-0.04378489023890582,-0.5923111966368877,-33.936931725637066,2
3.279999999999974,,,,,17.929466,-0.89407957,-2.220786,0.5598476,-10.548274,9.955508,2.1663759,0.103413805,0.20063008,0.3694693,-0.90141386,-10.981357,3.0294452,-1.003325,-0.89407957,-2.220786,0.5598476,1,0.0661640453338623,0.02217047055562337,0.5330820226669312,0.5110852352778117,-0.9510599733733798,-0.3058885588474879,-0.04378489023890582,-0.5923111966368877,-33.936931725637066,2
3.289999999999974,,,,,18.105362,-0.9768405,-2.1489308,0.42059293,-10.658339,9.9851675,2.1564326,0.11092853,0.19117785,0.3717611,-0.90163237,-11.030962,2.9022212,-0.98524123,-0.89407957,-2.220786,0.5598476,1,0.0661640453338623,0.02217047055562337,0.5330820226669312,0.5110852352778117,-0.9510599733733798,-0.3058885588474879,-0.04378489023890582,-0.5923111966368877,-33.936931725637066,2
3.2999999999999736,,,,,18.105362,-0.9768405,-2.1489308,0.42059293,-10.768881,10.013543,2.1466794,0.11774469,0.1817166,0.37454414,-0.9015727,-11.0769005,2.7727964,-0.96536666,-0.9768405,-2.1489308,0.42059293,1,0.0661640453338623,0.02217047055562337,0.5330820226669312,0.5110852352778117,-0.9510599733733798,-0.3058885588474879,-0.04378489023890582,-0.5923111966368877,-33.936931725637066,2
3.3099999999999734,,,,,18.105362,-0.9768405,-2.1489308,0.42059293,-10.879863,10.04062,2.1371272,0.124543935,0.17222925,0.37727335,-0.9013834,-11.1187,2.6424341,-0.9449863,-0.9768405,-2.1489308,0.42059293,1,0.0661640453338623,0.02217047055562337,0.5330820226669312,0.5110852352778117,-0.9510599733733798,-0.3058885588474879,-0.04378489023890582,-0.5923111966368877,-33.936931725637066,2
3.319999999999973,,,,,18.105362,-0.9768405,-2.1489308,0.42059293,-10.991241,10.066388,2.1277812,0.13132527,0.16271713,0.37994835,-0.90106463,-11.156336,2.5112193,-0.92415273,-0.9768405,-2.1489308,0.42059293,1,0.0661640453338623,0.02217047055562337,0.5330820226669312,0.5110852352778117,-0.9510599733733798,-0.3058885588474879,-0.04378489023890582,-0.5923111966368877,-33.936931725637066,2
3.329999999999973,,,,,17.970018,-0.74121815,-1.9187,0.35284588,-11.102976,10.09084,2.1186454,0.13808773,0.15318164,0.38256875,-0.9006163,-11.189787,2.3792365,-0.9029187,-0.9768405,-2.1489308,0.42059293,1,0.0661640453338623,0.02217047055562337,0.5330820226669312,0.5110852352778117,-0.9510599733733798,-0.3058885588474879,-0.04378489023890582,-0.5923111966368877,-33.936931725637066,2
3.3399999999999728,,,,,17.970018,-0.74121815,-1.9187,0.35284588,-11.215022,10.113976,2.1097195,0.14390688,0.1446966,0.38429067,-0.90037537,-11.219016,2.2476466,-0.8821873,-0.74121815,-1.9187,0.35284588,1,0.10874461174011231,0.19999435424804687,0.5543723058700561,0.5999971771240235,-0.9505217216268615,-0.3027928859072373,-0.06946167979162227,-0.506116053003776,-28.99831378093584,2
3.3499999999999726,,,,,17.970018,-0.74121815,-1.9187,0.35284588,-11.327343,10.135792,2.101003,0.14971034,0.13619575,0.38597074,-0.9000364,-11.244593,2.1156752,-0.8610373,-0.74121815,-1.9187,0.35284588,1,0.10874461174011231,0.19999435424804687,0.5543723058700561,0.5999971771240235,-0.9505217216268615,-0.3027928859072373,-0.06946167979162227,-0.506116053003776,-28.99831378093584,2
3.3599999999999723,,,,,17.970018,-0.74121815,-1.9187,0.35284588,-11.439902,10.156287,2.0925,0.15549752,0.1276801,0.38760877,-0.89959943,-11.266506,1.983387,-0.8395095,-0.74121815,-1.9187,0.35284588,1,0.10874461174011231,0.19999435424804687,0.5543723058700561,0.5999971771240235,-0.9505217216268615,-0.3027928859072373,-0.06946167979162227,-0.506116053003776,-28.99831378093584,2
3.369999999999972,,,,,17.66397,-0.81333524,-1.7353804,0.46511647,-11.552661,10.175458,2.0842142,0.16126777,0.119150534,0.38920462,-0.8990645,-11.284746,1.8508468,-0.8176449,-0.74121815,-1.9187,0.35284588,1,0.10874461174011231,0.19999435424804687,0.5543723058700561,0.5999971771240235,-0.9505217216268615,-0.3027928859072373,-0.06946167979162227,-0.506116053003776,-28.99831378093584,2
3.379999999999972,,,,,17.66397,-0.81333524,-1.7353804,0.46511647,-11.665583,10.193315,2.076138,0.16721232,0.111593075,0.39116547,-0.89809686,-11.299152,1.7203245,-0.79760474,-0.81333524,-1.7353804,0.46511647,1,0.10874461174011231,0.19999435424804687,0.5543723058700561,0.5999971771240235,-0.9505217216268615,-0.3027928859072373,-0.06946167979162227,-0.506116053003776,-28.99831378093584,2
3.3899999999999717,,,,,17.66397,-0.81333524,-1.7353804,0.46511647,-11.778632,10.209865,2.0682626,0.17314062,0.10402476,0.3930883,-0.89704186,-11.310185,1.5895314,-0.77750105,-0.81333524,-1.7353804,0.46511647,1,0.10874461174011231,0.19999435424804687,0.5543723058700561,0.5999971771240235,-0.9505217216268615,-0.3027928859072373,-0.06946167979162227,-0.506116053003776,-28.99831378093584,2
3.3999999999999715,,,,,17.66397,-0.81333524,-1.7353804,0.46511647,-11.891774,10.225104,2.0605881,0.17905207,0.096446335,0.39497292,-0.89589965,-11.31784,1.4585259,-0.75736535,-0.81333524,-1.7353804,0.46511647,1,0.10874461174011231,0.19999435424804687,0.5543723058700561,0.5999971771240235,-0.9505217216268615,-0.3027928859072373,-0.06946167979162227,-0.506116053003776,-28.99831378093584,2
3.4099999999999713,,,,,17.564224,-0.74319637,-1.483974,0.60145164,-12.004976,10.239035,2.0531151,0.18494612,0.08885854,0.3968191,-0.89467037,-11.322113,1.3273667,-0.7372296,-0.81333524,-1.7353804,0.46511647,1,-0.08508261680603027,0.21391512552897135,0.4574586915969849,0.6069575627644856,-0.8388041906590251,-0.5259118673488858,-0.14079857071172963,-0.6767244127622245,-38.77345274474453,2
3.419999999999971,,,,,17.564224,-0.74319637,-1.483974,0.60145164,-12.118205,10.251656,2.04584,0.19090389,0.08272291,0.3984887,-0.89326406,-11.323168,1.1968377,-0.7178109,-0.74319637,-1.483974,0.60145164,1,-0.08508261680603027,0.21391512552897135,0.4574586915969849,0.6069575627644856,-0.8388041906590251,-0.5259118673488858,-0.14079857071172963,-0.6767244127622245,-38.77345274474453,2
3.429999999999971,,,,,17.564224,-0.74319637,-1.483974,0.60145164,-12.23143,10.262971,2.0387585,0.19684678,0.076580815,0.40012726,-0.8917881,-11.32131,1.0662243,-0.69849616,-0.74319637,-1.483974,0.60145164,1,-0.08508261680603027,0.21391512552897135,0.4574586915969849,0.6069575627644856,-0.8388041906590251,-0.5259118673488858,-0.14079857071172963,-0.6767244127622245,-38.77345274474453,2
3.4399999999999706,,,,,17.564224,-0.74319637,-1.483974,0.60145164,-12.344622,10.27298,2.0318696,0.20277436,0.07043276,0.40173465,-0.8902428,-11.31654,0.9355741,-0.67930454,-0.74319637,-1.483974,0.60145164,1,-0.08508261680603027,0.21391512552897135,0.4574586915969849,0.6069575627644856,-0.8388041906590251,-0.5259118673488858,-0.14079857071172963,-0.6767244127622245,-38.77345274474453,2
3.4499999999999704,,,,,17.57956,-0.69337755,-1.060151,0.7284702,-12.45775,10.281683,2.025172,0.20868613,0.06427922,0.40331075,-0.8886282,-11.308859,0.80493474,-0.6602555,-0.74319637,-1.483974,0.60145164,1,-0.08508261680603027,0.21391512552897135,0.4574586915969849,0.6069575627644856,-0.8388041906590251,-0.5259118673488858,-0.14079857071172963,-0.6767244127622245,-38.77345274474453,2
3.45999999999997,,,,,17.57956,-0.69337755,-1.060151,0.7284702,-12.570788,10.289079,2.0186646,0.2142779,0.060312647,0.4050404,-0.8867869,-11.298524,0.67416835,-0.64132094,-0.69337755,-1.060151,0.7284702,1,-0.08508261680603027,0.21391512552897135,0.4574586915969849,0.6069575627644856,-0.8388041906590251,-0.5259118673488858,-0.14079857071172963,-0.6767244127622245,-38.77345274474453,2
3.46999999999997,,,,,17.57956,-0.69337755,-1.060151,0.7284702,-12.683713,10.295166,2.0123448,0.21985821,0.056342855,0.40674844,-0.88489825,-11.285988,0.54330814,-0.6227068,-0.69337755,-1.060151,0.7284702,1,-0.01848937392234802,0.15368151346842449,0.49075531303882597,0.5768407567342122,-0.7991329987739142,-0.6003045470231644,-0.03195154290365898,-0.6923683441005277,-39.66978398542175,2
3.47999999999997,,,,,17.57956,-0.69337755,-1.060151,0.7284702,-12.796501,10.299945,2.0062096,0.22542682,0.052370053,0.40843478,-0.8829624,-11.27125,0.412386,-0.6044199,-0.69337755,-1.060151,0.7284702,1,-0.01848937392234802,0.15368151346842449,0.49075531303882597,0.5768407567342122,-0.7991329987739142,-0.6003045470231644,-0.03195154290365898,-0.6923683441005277,-39.66978398542175,2
3.4899999999999696,,,,,17.826574,-0.4573031,-0.60378283,0.8758997,-12.909131,10.303413,2.0002553,0.23098338,0.048394453,0.4100993,-0.8809794,-11.254311,0.2814337,-0.5864669,-0.69337755,-1.060151,0.7284702,1,-0.01848937392234802,0.15368151346842449,0.49075531303882597,0.5768407567342122,-0.7991329987739142,-0.6003045470231644,-0.03195154290365898,-0.6923683441005277,-39.66978398542175,2
3.4999999999999694,,,,,17.826574,-0.4573031,-0.60378283,0.8758997,-13.02158,10.305563,1.9944873,0.23618641,0.04700193,0.4111975,-0.8791615,-11.235243,0.14861704,-0.5672012,-0.4573031,-0.60378283,0.8758997,1,-0.01848937392234802,0.15368151346842449,0.49075531303882597,0.5768407567342122,-0.7991329987739142,-0.6003045470231644,-0.03195154290365898,-0.6923683441005277,-39.66978398542175,2
3.509999999999969,,,,,17.826574,-0.4573031,-0.60378283,0.8758997,-13.133831,10.306385,1.9889104,0.24138156,0.04560784,0.41228196,-0.8773141,-11.214853,0.015755262,-0.54820895,-0.4573031,-0.60378283,0.8758997,1,-0.01848937392234802,0.15368151346842449,0.49075531303882597,0.5768407567342122,-0.7991329987739142,-0.6003045470231644,-0.03195154290365898,-0.6923683441005277,-39.66978398542175,2
3.519999999999969,,,,,17.826574,-0.4573031,-0.60378283,0.8758997,-13.245872,10.305879,1.9835222,0.2465686,0.04421221,0.41335264,-0.87543726,-11.193142,-0.117136165,-0.5294883,-0.4573031,-0.60378283,0.8758997,1,-0.01848937392234802,0.15368151346842449,0.49075531303882597,0.5768407567342122,-0.7991329987739142,-0.6003045470231644,-0.03195154290365898,-0.6923683441005277,-39.66978398542175,2
3.5299999999999687,,,,,18.253403,-0.3016189,-0.28551638,0.9827813,-13.357689,10.304042,1.9783198,0.25174737,0.0428151,0.41440937,-0.8735311,-11.170108,-0.25004172,-0.5110375,-0.4573031,-0.60378283,0.8758997,1,-0.01848937392234802,0.15368151346842449,0.49075531303882597,0.5768407567342122,-0.7991329987739142,-0.6003045470231644,-0.03195154290365898,-0.6923683441005277,-39.66978398542175,2
3.5399999999999685,,,,,18.253403,-0.3016189,-0.28551638,0.9827813,-13.469268,10.300861,1.9733144,0.25669238,0.04322416,0.41515106,-0.8717177,-11.145406,-0.3861606,-0.49005702,-0.3016189,-0.28551638,0.9827813,1,-0.04739891052246094,0.035439249674479166,0.47630054473876954,0.5177196248372395,-0.6752281626415692,-0.737400192175703,0.01754665081794693,-0.7947478269700019,-45.535696262574525,2
3.5499999999999683,,,,,18.253403,-0.3016189,-0.28551638,0.9827813,-13.580596,10.296319,1.9685177,0.2616301,0.043631993,0.41588092,-0.8698795,-11.119989,-0.5223541,-0.46931285,-0.3016189,-0.28551638,0.9827813,1,-0.04739891052246094,0.035439249674479166,0.47630054473876954,0.5177196248372395,-0.6752281626415692,-0.737400192175703,0.01754665081794693,-0.7947478269700019,-45.535696262574525,2
3.559999999999968,,,,,18.253403,-0.3016189,-0.28551638,0.9827813,-13.691667,10.290414,1.9639273,0.26656035,0.04403858,0.41659898,-0.86801654,-11.093853,-0.658615,-0.44880185,-0.3016189,-0.28551638,0.9827813,1,-0.04739891052246094,0.035439249674479166,0.47630054473876954,0.5177196248372395,-0.6752281626415692,-0.737400192175703,0.01754665081794693,-0.7947478269700019,-45.535696262574525,2
3.569999999999968,,,,,18.405931,-0.1462852,-0.22521283,0.9582032,-13.802471,10.283146,1.9595407,0.27148297,0.044443913,0.41730514,-0.866129,-11.066998,-0.79493594,-0.42852086,-0.3016189,-0.28551638,0.9827813,1,-0.04739891052246094,0.035439249674479166,0.47630054473876954,0.5177196248372395,-0.6752281626415692,-0.737400192175703,0.01754665081794693,-0.7947478269700019,-45.535696262574525,2
3.5799999999999677,,,,,18.405931,-0.1462852,-0.22521283,0.9582032,-13.913002,10.274509,1.9553611,0.27613166,0.045268785,0.41741484,-0.86456245,-11.03928,-0.9324136,-0.40741724,-0.1462852,-0.22521283,0.9582032,1,-0.04739891052246094,0.035439249674479166,0.47630054473876954,0.5177196248372395,-0.6752281626415692,-0.737400192175703,0.01754665081794693,-0.7947478269700019,-45.535696262574525,2
3.5899999999999674,,,,,18.405931,-0.1462852,-0.22521283,0.9582032,-14.023254,10.264499,1.9513922,0.2807735,0.046092544,0.4175142,-0.86297446,-11.011074,-1.0698438,-0.38637355,-0.1462852,-0.22521283,0.9582032,1,-0.04739891052246094,0.035439249674479166,0.47630054473876954,0.5177196248372395,-0.6752281626415692,-0.737400192175703,0.01754665081794693,-0.7947478269700019,-45.535696262574525,2
3.5999999999999672,,,,,18.405931,-0.1462852,-0.22521283,0.9582032,-14.133223,10.253112,1.9476333,0.28540838,0.04691516,0.41760322,-0.86136514,-10.98238,-1.2072225,-0.36538708,-0.1462852,-0.22521283,0.9582032,1,-0.04739891052246094,0.035439249674479166,0.47630054473876954,0.5177196248372395,-0.6752281626415692,-0.737400192175703,0.01754665081794693,-0.7947478269700019,-45.535696262574525,2
3.609999999999967,,,,,18.51715,-0.13974474,-0.26681072,0.8824097,-14.242901,10.240352,1.944084,0.29003623,0.04773661,0.41768193,-0.8597345,-10.9531975,-1.3445457,-0.34445515,-0.1462852,-0.22521283,0.9582032,1,0.06086623191833496,0.07697986602783204,0.5304331159591675,0.538489933013916,-0.708173670869841,-0.7054564626321247,0.02865713204953064,-0.6613333120926126,-37.891607634314795,2
3.619999999999967,,,,,18.51715,-0.13974474,-0.26681072,0.8824097,-14.3522835,10.226216,1.9407476,0.29441682,0.048229337,0.41768056,-0.8582173,-10.923327,-1.4826231,-0.32284355,-0.13974474,-0.26681072,0.8824097,1,0.06086623191833496,0.07697986602783204,0.5304331159591675,0.538489933013916,-0.708173670869841,-0.7054564626321247,0.02865713204953064,-0.6613333120926126,-37.891607634314795,2
3.6299999999999666,,,,,18.51715,-0.13974474,-0.26681072,0.8824097,-14.461365,10.2107,1.9376272,0.29879102,0.04872101,0.41767013,-0.8566815,-10.892909,-1.6205949,-0.30124807,-0.13974474,-0.26681072,0.8824097,1,0.06086623191833496,0.07697986602783204,0.5304331159591675,0.538489933013916,-0.708173670869841,-0.7054564626321247,0.02865713204953064,-0.6613333120926126,-37.891607634314795,2
3.6399999999999664,,,,,18.51715,-0.13974474,-0.26681072,0.8824097,-14.57014,10.193805,1.9347225,0.3031587,0.049211632,0.41765064,-0.85512716,-10.861944,-1.7584567,-0.27966604,-0.13974474,-0.26681072,0.8824097,1,0.06086623191833496,0.07697986602783204,0.5304331159591675,0.538489933013916,-0.708173670869841,-0.7054564626321247,0.02865713204953064,-0.6613333120926126,-37.891607634314795,2
3.649999999999966,,,,,18.4575,-0.17678912,-0.5135339,0.7912531,-14.678602,10.175531,1.9320339,0.30751982,0.04970118,0.4176221,-0.8535542,-10.830434,-1.8962042,-0.25809473,-0.13974474,-0.26681072,0.8824097,1,0.06086623191833496,0.07697986602783204,0.5304331159591675,0.538489933013916,-0.708173670869841,-0.7054564626321247,0.02865713204953064,-0.6613333120926126,-37.891607634314795,2
3.659999999999966,,,,,18.4575,-0.17678912,-0.5135339,0.7912531,-14.786747,10.155883,1.929559,0.31200942,0.048889358,0.41738555,-0.85208625,-10.798329,-2.0333183,-0.23687616,-0.17678912,-0.5135339,0.7912531,1,0.06086623191833496,0.07697986602783204,0.5304331159591675,0.538489933013916,-0.708173670869841,-0.7054564626321247,0.02865713204953064,-0.6613333120926126,-37.891607634314795,2
3.6699999999999657,,,,,18.4575,-0.17678912,-0.5135339,0.7912531,-14.894565,10.134866,1.9272969,0.3164918,0.04807641,0.41713938,-0.85059863,-10.765279,-2.1701174,-0.21555421,-0.17678912,-0.5135339,0.7912531,1,0.02643298864364624,0.014985451698303223,0.5132164943218231,0.5074927258491516,-0.6207284986787174,-0.7834072094011527,0.031133184648613657,-0.7018217827194291,-40.21142612017078,2
3.6799999999999655,,,,,18.4575,-0.17678912,-0.5135339,0.7912531,-15.0020485,10.112481,1.9252485,0.32096693,0.047262356,0.41688362,-0.8490915,-10.731287,-2.3065925,-0.19412641,-0.17678912,-0.5135339,0.7912531,1,0.02643298864364624,0.014985451698303223,0.5132164943218231,0.5074927258491516,-0.6207284986787174,-0.7834072094011527,0.031133184648613657,-0.7018217827194291,-40.21142612017078,2
3.6899999999999653,,,,,18.459436,-0.31793433,-0.6896603,0.7190831,-15.109186,10.088734,1.9234148,0.32543463,0.046447217,0.41661826,-0.84756476,-10.696355,-2.442735,-0.1725903,-0.17678912,-0.5135339,0.7912531,1,0.02643298864364624,0.014985451698303223,0.5132164943218231,0.5074927258491516,-0.6207284986787174,-0.7834072094011527,0.031133184648613657,-0.7018217827194291,-40.21142612017078,2
3.699999999999965,,,,,18.459436,-0.31793433,-0.6896603,0.7190831,-15.21597,10.063627,1.921797,0.32998797,0.044504516,0.4166707,-0.845881,-10.660329,-2.5785308,-0.15095443,-0.31793433,-0.6896603,0.7190831,1,0.02643298864364624,0.014985451698303223,0.5132164943218231,0.5074927258491516,-0.6207284986787174,-0.7834072094011527,0.031133184648613657,-0.7018217827194291,-40.21142612017078,2
3.709999999999965,,,,,18.459436,-0.31793433,-0.6896603,0.7190831,-15.322388,10.037165,1.9203959,0.3345323,0.0425606,0.41671178,-0.8441741,-10.622963,-2.71392,-0.12926918,-0.31793433,-0.6896603,0.7190831,1,0.02643298864364624,0.014985451698303223,0.5132164943218231,0.5074927258491516,-0.6207284986787174,-0.7834072094011527,0.031133184648613657,-0.7018217827194291,-40.21142612017078,2
3.7199999999999647,,,,,18.459436,-0.31793433,-0.6896603,0.7190831,-15.428425,10.00935,1.9192119,0.33906746,0.040615514,0.41674146,-0.8424441,-10.584261,-2.8488894,-0.1075338,-0.31793433,-0.6896603,0.7190831,1,0.02643298864364624,0.014985451698303223,0.5132164943218231,0.5074927258491516,-0.6207284986787174,-0.7834072094011527,0.031133184648613657,-0.7018217827194291,-40.21142612017078,2
3.7299999999999645,,,,,18.476215,-0.375666,-0.528807,0.64211535,-15.534068,9.980187,1.9182454,0.34359336,0.038669318,0.4167597,-0.84069103,-10.544228,-2.983424,-0.08574754,-0.31793433,-0.6896603,0.7190831,1,0.02643298864364624,0.014985451698303223,0.5132164943218231,0.5074927258491516,-0.6207284986787174,-0.7834072094011527,0.031133184648613657,-0.7018217827194291,-40.21142612017078,2
3.7399999999999642,,,,,18.476215,-0.375666,-0.528807,0.64211535,-15.639305,9.949681,1.9174974,0.34746343,0.03713876,0.41730183,-0.83889854,-10.502889,-3.1177099,-0.06386676,-0.375666,-0.528807,0.64211535,1,-0.012829422950744629,-0.040085525512695314,0.4935852885246277,0.47995723724365236,-0.5093038459698297,-0.8596436907419301,0.04027800203501023,-0.7473817974346617,-42.821822677907534,2
3.749999999999964,,,,,18.476215,-0.375666,-0.528807,0.64211535,-15.744122,9.917833,1.9169676,0.35132626,0.035607427,0.41783527,-0.8370886,-10.460385,-3.2517426,-0.04210991,-0.375666,-0.528807,0.64211535,1,-0.012829422950744629,-0.040085525512695314,0.4935852885246277,0.47995723724365236,-0.5093038459698297,-0.8596436907419301,0.04027800203501023,-0.7473817974346617,-42.821822677907534,2
3.759999999999964,,,,,18.476215,-0.375666,-0.528807,0.64211535,-15.848508,9.884647,1.9166548,0.35518178,0.034075353,0.41836,-0.8352612,-10.4167185,-3.3855114,-0.020476233,-0.375666,-0.528807,0.64211535,1,-0.012829422950744629,-0.040085525512695314,0.4935852885246277,0.47995723724365236,-0.5093038459698297,-0.8596436907419301,0.04027800203501023,-0.7473817974346617,-42.821822677907534,2
3.7699999999999636,,,,,18.360226,-0.46991354,-0.24399099,0.57226586,-15.952452,9.850124,1.9165577,0.35902992,0.03254257,0.41887602,-0.83341646,-10.371892,-3.5190058,0.001035043,-0.375666,-0.528807,0.64211535,1,-0.012829422950744629,-0.040085525512695314,0.4935852885246277,0.47995723724365236,-0.5093038459698297,-0.8596436907419301,0.04027800203501023,-0.7473817974346617,-42.821822677907534,2
3.7799999999999634,,,,,18.360226,-0.46991354,-0.24399099,0.57226586,-16.05594,9.814272,1.916671,0.36199933,0.031880572,0.4202999,-0.83143836,-10.326301,-3.6515162,0.0215611,-0.46991354,-0.24399099,0.57226586,1,-0.012829422950744629,-0.040085525512695314,0.4935852885246277,0.47995723724365236,-0.5093038459698297,-0.8596436907419301,0.04027800203501023,-0.7473817974346617,-42.821822677907534,2
3.789999999999963,,,,,18.360226,-0.46991354,-0.24399099,0.57226586,-16.158972,9.777094,1.9169874,0.36496323,0.031218087,0.42171738,-0.8294476,-10.279838,-3.784102,0.041664112,-0.46991354,-0.24399099,0.57226586,1,-0.012829422950744629,-0.040085525512695314,0.4935852885246277,0.47995723724365236,-0.5093038459698297,-0.8596436907419301,0.04027800203501023,-0.7473817974346617,-42.821822677907534,2
3.799999999999963,,,,,18.360226,-0.46991354,-0.24399099,0.57226586,-16.261534,9.73859,1.9175029,0.3679216,0.030555129,0.42312846,-0.8274443,-10.232502,-3.9167554,0.061344277,-0.46991354,-0.24399099,0.57226586,1,-0.012829422950744629,-0.040085525512695314,0.4935852885246277,0.47995723724365236,-0.5093038459698297,-0.8596436907419301,0.04027800203501023,-0.7473817974346617,-42.821822677907534,2
3.8099999999999627,,,,,18.044024,-0.507284,-0.19113155,0.5551958,-16.363619,9.698759,1.9182129,0.37087438,0.029891707,0.4245331,-0.82542837,-10.184293,-4.049469,0.080601804,-0.46991354,-0.24399099,0.57226586,1,-0.12974663734436034,-0.3014923604329427,0.43512668132781984,0.34925381978352865,-0.2208003672766919,-0.9666185985207689,0.1299833943402857,-0.9677716021735236,-55.44922833715663,2
3.8199999999999625,,,,,18.044024,-0.507284,-0.19113155,0.5551958,-16.46522,9.657612,1.9191034,0.37364447,0.029340457,0.4261861,-0.82334447,-10.136065,-4.1799784,0.09739281,-0.507284,-0.19113155,0.5551958,1,-0.12974663734436034,-0.3014923604329427,0.43512668132781984,0.34925381978352865,-0.2208003672766919,-0.9666185985207689,0.1299833943402857,-0.9677716021735236,-55.44922833715663,2
3.8299999999999623,,,,,18.044024,-0.507284,-0.19113155,0.5551958,-16.566336,9.615159,1.9201592,0.37640893,0.028788766,0.42783275,-0.8212482,-10.087003,-4.3106127,0.11368804,-0.507284,-0.19113155,0.5551958,1,-0.12974663734436034,-0.3014923604329427,0.43512668132781984,0.34925381978352865,-0.2208003672766919,-0.9666185985207689,0.1299833943402857,-0.9677716021735236,-55.44922833715663,2
3.839999999999962,,,,,18.044024,-0.507284,-0.19113155,0.5551958,-16.666956,9.571399,1.9213755,0.37916777,0.028236642,0.42947292,-0.8191395,-10.037106,-4.441364,0.12948728,-0.507284,-0.19113155,0.5551958,1,-0.12974663734436034,-0.3014923604329427,0.43512668132781984,0.34925381978352865,-0.2208003672766919,-0.9666185985207689,0.1299833943402857,-0.9677716021735236,-55.44922833715663,2
3.849999999999962,,,,,17.796293,-0.48344365,-0.37700063,0.53928626,-16.767075,9.526331,1.9227473,0.3819209,0.027684093,0.43110663,-0.8170184,-9.986372,-4.5722246,0.14479038,-0.507284,-0.19113155,0.5551958,1,-0.12974663734436034,-0.3014923604329427,0.43512668132781984,0.34925381978352865,-0.2208003672766919,-0.9666185985207689,0.1299833943402857,-0.9677716021735236,-55.44922833715663,2
3.8599999999999617,,,,,17.796293,-0.48344365,-0.37700063,0.53928626,-16.866684,9.479963,1.924262,0.38500032,0.026383046,0.4322834,-0.8149919,-9.935432,-4.701309,0.15810443,-0.48344365,-0.37700063,0.53928626,1,-0.12974663734436034,-0.3014923604329427,0.43512668132781984,0.34925381978352865,-0.2208003672766919,-0.9666185985207689,0.1299833943402857,-0.9677716021735236,-55.44922833715663,2
3.8699999999999615,,,,,17.796293,-0.48344365,-0.37700063,0.53928626,-16.965778,9.432305,1.9259083,0.3880733,0.02508156,0.43345293,-0.8129518,-9.883463,-4.830273,0.17108193,-0.48344365,-0.37700063,0.53928626,1,-0.0340155553817749,0.04505318959554037,0.48299222230911254,0.5225265947977702,-0.46057952802139757,-0.8847599575217076,-0.07117805795168476,-0.6362432026894962,-36.45405025799472,2
3.8799999999999613,,,,,17.796293,-0.48344365,-0.37700063,0.53928626,-17.06435,9.383358,1.9276825,0.3911398,0.023779655,0.43461525,-0.8108981,-9.830463,-4.9591074,0.1837229,-0.48344365,-0.37700063,0.53928626,1,-0.0340155553817749,0.04505318959554037,0.48299222230911254,0.5225265947977702,-0.46057952802139757,-0.8847599575217076,-0.07117805795168476,-0.6362432026894962,-36.45405025799472,2
3.889999999999961,,,,,17.613459,-0.36894768,-0.6363792,0.51096165,-17.162386,9.333123,1.9295815,0.3941998,0.022477357,0.43577033,-0.808831,-9.776436,-5.087803,0.19602741,-0.48344365,-0.37700063,0.53928626,1,-0.0340155553817749,0.04505318959554037,0.48299222230911254,0.5225265947977702,-0.46057952802139757,-0.8847599575217076,-0.07117805795168476,-0.6362432026894962,-36.45405025799472,2
3.899999999999961,,,,,17.613459,-0.36894768,-0.6363792,0.51096165,-17.25988,9.28161,1.9315966,0.39769027,0.020289637,0.43594632,-0.8070835,-9.721878,-5.214901,0.20698173,-0.36894768,-0.6363792,0.51096165,1,-0.0340155553817749,0.04505318959554037,0.48299222230911254,0.5225265947977702,-0.46057952802139757,-0.8847599575217076,-0.07117805795168476,-0.6362432026894962,-36.45405025799472,2
3.9099999999999606,,,,,17.613459,-0.36894768,-0.6363792,0.51096165,-17.356821,9.228827,1.9337211,0.4011728,0.01810151,0.43611354,-0.8053198,-9.666126,-5.3414984,0.21791472,-0.36894768,-0.6363792,0.51096165,1,-0.0340155553817749,0.04505318959554037,0.48299222230911254,0.5225265947977702,-0.46057952802139757,-0.8847599575217076,-0.07117805795168476,-0.6362432026894962,-36.45405025799472,2
3.9199999999999604,,,,,17.613459,-0.36894768,-0.6363792,0.51096165,-17.453197,9.174781,1.9359548,0.4046472,0.015913019,0.43627203,-0.8035399,-9.609184,-5.467583,0.22882566,-0.36894768,-0.6363792,0.51096165,1,-0.0340155553817749,0.04505318959554037,0.48299222230911254,0.5225265947977702,-0.46057952802139757,-0.8847599575217076,-0.07117805795168476,-0.6362432026894962,-36.45405025799472,2
3.92999999999996,,,,,17.622643,-0.29239845,-0.8243113,0.48938587,-17.549,9.119476,1.9382976,0.4081135,0.01372421,0.43642178,-0.8017438,-9.551057,-5.5931463,0.23971383,-0.36894768,-0.6363792,0.51096165,1,-0.0340155553817749,0.04505318959554037,0.48299222230911254,0.5225265947977702,-0.46057952802139757,-0.8847599575217076,-0.07117805795168476,-0.6362432026894962,-36.45405025799472,2
3.93999999999996,,,,,17.622643,-0.29239845,-0.8243113,0.48938587,-17.644215,9.06292,1.9407496,0.411889,0.010890852,0.43587276,-0.8001537,-9.491669,-5.7181473,0.250717,-0.29239845,-0.8243113,0.48938587,1,0.036716115474700925,0.029336039225260416,0.5183580577373504,0.5146680196126302,-0.4435846817767869,-0.8961504068447932,-0.012127588585465345,-0.5689547387413909,-32.59870526385009,2
3.9499999999999598,,,,,17.622643,-0.29239845,-0.8243113,0.48938587,-17.738827,9.0051155,1.9433126,0.4156541,0.008057219,0.43531284,-0.7985435,-9.430976,-5.8423505,0.26191264,-0.29239845,-0.8243113,0.48938587,1,0.036716115474700925,0.029336039225260416,0.5183580577373504,0.5146680196126302,-0.4435846817767869,-0.8961504068447932,-0.012127588585465345,-0.5689547387413909,-32.59870526385009,2
3.9599999999999596,,,,,17.622643,-0.29239845,-0.8243113,0.48938587,-17.832827,8.946074,1.9459885,0.41940883,0.005223384,0.434742,-0.7969131,-9.368986,-5.965743,0.2732981,-0.29239845,-0.8243113,0.48938587,1,0.036716115474700925,0.029336039225260416,0.5183580577373504,0.5146680196126302,-0.4435846817767869,-0.8961504068447932,-0.012127588585465345,-0.5689547387413909,-32.59870526385009,2
3.9699999999999593,,,,,17.552618,-0.15314555,-0.91497225,0.4645334,-17.9262,8.885802,1.9487793,0.42315298,0.0023894184,0.4341602,-0.7952628,-9.305706,-6.0883117,0.28487098,-0.29239845,-0.8243113,0.48938587,1,0.036716115474700925,0.029336039225260416,0.5183580577373504,0.5146680196126302,-0.4435846817767869,-0.8961504068447932,-0.012127588585465345,-0.5689547387413909,-32.59870526385009,2
3.979999999999959,,,,,17.552618,-0.15314555,-0.91497225,0.4645334,-18.01894,8.824312,1.9516848,0.42698246,-0.00056442793,0.4328219,-0.79394776,-9.241426,-6.209496,0.29627725,-0.15314555,-0.91497225,0.4645334,1,0.036716115474700925,0.029336039225260416,0.5183580577373504,0.5146680196126302,-0.4435846817767869,-0.8961504068447932,-0.012127588585465345,-0.5689547387413909,-32.59870526385009,2
3.989999999999959,,,,,17.552618,-0.15314555,-0.91497225,0.4645334,-18.111027,8.761616,1.9547063,0.43080044,-0.003518259,0.43147194,-0.7926113,-9.175942,-6.3296623,0.3080913,-0.15314555,-0.91497225,0.4645334,1,0.036716115474700925,0.029336039225260416,0.5183580577373504,0.5146680196126302,-0.4435846817767869,-0.8961504068447932,-0.012127588585465345,-0.5689547387413909,-32.59870526385009,2
3.9999999999999587,,,,,17.552618,-0.15314555,-0.91497225,0.4645334,-18.202454,8.697723,1.957848,0.43460685,-0.0064719957,0.4301104,-0.79125357,-9.109265,-6.448798,0.32030925,-0.15314555,-0.91497225,0.4645334,1,0.036716115474700925,0.029336039225260416,0.5183580577373504,0.5146680196126302,-0.4435846817767869,-0.8961504068447932,-0.012127588585465345,-0.5689547387413909,-32.59870526385009,2
4.009999999999959,,,,,17.496706,-0.046292156,-0.83553725,0.41720515,-18.29321,8.632644,1.9611139,0.43840155,-0.009425558,0.42873725,-0.7898745,-9.041404,-6.5668893,0.3329272,-0.15314555,-0.91497225,0.4645334,1,0.053006739616394044,0.08803941090901693,0.526503369808197,0.5440197054545085,-0.42848889797166617,-0.9032231869020405,-0.0241896456681089,-0.4996695576615071,-28.628956805173083,2
4.019999999999959,,,,,17.496706,-0.046292156,-0.83553725,0.41720515,-18.383282,8.566391,1.9645063,0.44183338,-0.01193241,0.42710355,-0.7888128,-8.972668,-6.6835704,0.34561652,-0.046292156,-0.83553725,0.41720515,1,0.053006739616394044,0.08803941090901693,0.526503369808197,0.5440197054545085,-0.42848889797166617,-0.9032231869020405,-0.0241896456681089,-0.4996695576615071,-28.628956805173083,2
4.0299999999999585,,,,,17.496706,-0.046292156,-0.83553725,0.41720515,-18.472662,8.498976,1.968028,0.44525558,-0.014439001,0.42546052,-0.78773373,-8.902985,-6.799238,0.35877508,-0.046292156,-0.83553725,0.41720515,1,0.053006739616394044,0.08803941090901693,0.526503369808197,0.5440197054545085,-0.42848889797166617,-0.9032231869020405,-0.0241896456681089,-0.4996695576615071,-28.628956805173083,2
4.039999999999958,,,,,17.496706,-0.046292156,-0.83553725,0.41720515,-18.56134,8.430409,1.9716835,0.44866803,-0.016945276,0.42380816,-0.7866375,-8.832362,-6.9138837,0.37239936,-0.046292156,-0.83553725,0.41720515,1,0.053006739616394044,0.08803941090901693,0.526503369808197,0.5440197054545085,-0.42848889797166617,-0.9032231869020405,-0.0241896456681089,-0.4996695576615071,-28.628956805173083,2
4.049999999999958,,,,,17.41576,0.000839293,-0.70436364,0.36790296,-18.649307,8.360702,1.9754776,0.45207065,-0.019451182,0.42214656,-0.7855241,-8.76081,-7.027497,0.38648587,-0.046292156,-0.83553725,0.41720515,1,0.053006739616394044,0.08803941090901693,0.526503369808197,0.5440197054545085,-0.42848889797166617,-0.9032231869020405,-0.0241896456681089,-0.4996695576615071,-28.628956805173083,2
4.059999999999958,,,,,17.41576,0.000839293,-0.70436364,0.36790296,-18.736555,8.2898655,1.9794122,0.45499885,-0.021439053,0.4205836,-0.7846196,-8.688745,-7.139602,0.40050083,0.000839293,-0.70436364,0.36790296,1,0.053006739616394044,0.08803941090901693,0.526503369808197,0.5440197054545085,-0.42848889797166617,-0.9032231869020405,-0.0241896456681089,-0.4996695576615071,-28.628956805173083,2
4.069999999999958,,,,,17.41576,0.000839293,-0.70436364,0.36790296,-18.82308,8.217912,1.9834892,0.4579199,-0.023426587,0.41901398,-0.7837028,-8.615962,-7.25081,0.41494533,0.000839293,-0.70436364,0.36790296,1,0.03693828344345093,0.05012725194295247,0.5184691417217254,0.5250636259714763,-0.34953514774895744,-0.9368520080717015,0.011554023547463436,-0.5141254675040365,-29.45721942817165,2
4.079999999999957,,,,,17.41576,0.000839293,-0.70436364,0.36790296,-18.908873,8.144851,1.9877127,0.4608337,-0.02541375,0.4174378,-0.78277355,-8.542469,-7.3611145,0.42981684,0.000839293,-0.70436364,0.36790296,1,0.03693828344345093,0.05012725194295247,0.5184691417217254,0.5250636259714763,-0.34953514774895744,-0.9368520080717015,0.011554023547463436,-0.5141254675040365,-29.45721942817165,2
4.089999999999957,,,,,17.26924,0.04229983,-0.55322844,0.31015104,-18.993927,8.070691,1.992087,0.46374023,-0.027400514,0.415855,-0.7818319,-8.468273,-7.470508,0.4451128,0.000839293,-0.70436364,0.36790296,1,0.03693828344345093,0.05012725194295247,0.5184691417217254,0.5250636259714763,-0.34953514774895744,-0.9368520080717015,0.011554023547463436,-0.5141254675040365,-29.45721942817165,2
4.099999999999957,,,,,17.26924,0.04229983,-0.55322844,0.31015104,-19.078238,7.9954467,1.9966116,0.4661064,-0.028820062,0.41444725,-0.781121,-8.394083,-7.57814,0.45985782,0.04229983,-0.55322844,0.31015104,1,0.03693828344345093,0.05012725194295247,0.5184691417217254,0.5250636259714763,-0.34953514774895744,-0.9368520080717015,0.011554023547463436,-0.5141254675040365,-29.45721942817165,2
4.109999999999957,,,,,17.26924,0.04229983,-0.55322844,0.31015104,-19.161806,7.91913,2.0012856,0.46846792,-0.030239316,0.41303533,-0.7804022,-8.319406,-7.685037,0.4749784,0.04229983,-0.55322844,0.31015104,1,0.03693828344345093,0.05012725194295247,0.5184691417217254,0.5250636259714763,-0.34953514774895744,-0.9368520080717015,0.011554023547463436,-0.5141254675040365,-29.45721942817165,2
4.119999999999957,,,,,17.26924,0.04229983,-0.55322844,0.31015104,-19.244625,7.841748,2.0061126,0.4708247,-0.031658266,0.41161925,-0.7796755,-8.244245,-7.7911954,0.4904729,0.04229983,-0.55322844,0.31015104,1,0.03693828344345093,0.05012725194295247,0.5184691417217254,0.5250636259714763,-0.34953514774895744,-0.9368520080717015,0.011554023547463436,-0.5141254675040365,-29.45721942817165,2
4.129999999999956,,,,,16.961397,0.10252537,-0.5228618,0.25756833,-19.32669,7.7633085,2.0110965,0.4731767,-0.033076897,0.410199,-0.7789409,-8.168605,-7.8966126,0.50633985,0.04229983,-0.55322844,0.31015104,1,0.03693828344345093,0.05012725194295247,0.5184691417217254,0.5250636259714763,-0.34953514774895744,-0.9368520080717015,0.011554023547463436,-0.5141254675040365,-29.45721942817165,2
4.139999999999956,,,,,16.961397,0.10252537,-0.5228618,0.25756833,-19.408005,7.6838274,2.0162308,0.4752671,-0.03434231,0.40860343,-0.7784519,-8.093885,-7.9994245,0.5205586,0.10252537,-0.5228618,0.25756833,1,0.032142858505249026,0.1982211430867513,0.5160714292526245,0.5991105715433757,-0.39673690291974495,-0.9142460199343723,-0.08218299639103056,-0.38184105233927257,-21.87788074387429,0
4.149999999999956,,,,,16.961397,0.10252537,-0.5228618,0.25756833,-19.48857,7.603322,2.0215094,0.47735336,-0.035607424,0.4070043,-0.7779561,-8.018805,-8.10152,0.5351909,0.10252537,-0.5228618,0.25756833,1,0.032142858505249026,0.1982211430867513,0.5160714292526245,0.5991105715433757,-0.39673690291974495,-0.9142460199343723,-0.08218299639103056,-0.38184105233927257,-21.87788074387429,0
4.159999999999956,,,,,16.961397,0.10252537,-0.5228618,0.25756833,-19.56838,7.521799,2.0269363,0.47943544,-0.036872223,0.40540165,-0.7774535,-7.9433675,-8.202892,0.5502349,0.10252537,-0.5228618,0.25756833,1,0.032142858505249026,0.1982211430867513,0.5160714292526245,0.5991105715433757,-0.39673690291974495,-0.9142460199343723,-0.08218299639103056,-0.38184105233927257,-21.87788074387429,0
4.1699999999999555,,,,,17.20359,0.22931126,-0.72169787,0.51413155,-19.647434,7.439266,2.0325155,0.48151332,-0.0381367,0.40379542,-0.7769441,-7.867577,-8.303541,0.5656888,0.10252537,-0.5228618,0.25756833,1,0.032142858505249026,0.1982211430867513,0.5160714292526245,0.5991105715433757,-0.39673690291974495,-0.9142460199343723,-0.08218299639103056,-0.38184105233927257,-21.87788074387429,0
4.179999999999955,,,,,17.20359,0.22931126,-0.72169787,0.51413155,-19.725725,7.355724,2.0382597,0.48500633,-0.039349787,0.40126088,-0.77602345,-7.7903423,-8.404774,0.5832744,0.22931126,-0.72169787,0.51413155,1,0.032142858505249026,0.1982211430867513,0.5160714292526245,0.5991105715433757,-0.39673690291974495,-0.9142460199343723,-0.08218299639103056,-0.38184105233927257,-21.87788074387429,0
4.189999999999955,,,,,17.20359,0.22931126,-0.72169787,0.51413155,-19.80324,7.2711744,2.0441833,0.48848918,-0.040562056,0.39871797,-0.7750866,-7.712737,-8.504951,0.6015287,0.22931126,-0.72169787,0.51413155,1,0.032142858505249026,0.1982211430867513,0.5160714292526245,0.5991105715433757,-0.39673690291974495,-0.9142460199343723,-0.08218299639103056,-0.38184105233927257,-21.87788074387429,0
4.199999999999955,,,,,17.20359,0.22931126,-0.72169787,0.51413155,-19.879976,7.1856284,2.0502927,0.4919618,-0.041773472,0.39616668,-0.7741335,-7.634772,-8.604067,0.62044835,0.22931126,-0.72169787,0.51413155,1,0.032142858505249026,0.1982211430867513,0.5160714292526245,0.5991105715433757,-0.39673690291974495,-0.9142460199343723,-0.08218299639103056,-0.38184105233927257,-21.87788074387429,0
4.209999999999955,,,,,16.854183,0.19448355,-0.41203395,0.5908289,-19.955933,7.099097,2.0565944,0.49542415,-0.042984013,0.3936071,-0.7731642,-7.556456,-8.702116,0.64003026,0.22931126,-0.72169787,0.51413155,1,0.03725718975067139,0.11010159810384114,0.5186285948753357,0.5550507990519206,-0.3060366848337655,-0.9520112894550279,0.0040065304358273685,-0.40401967854510024,-23.148622420866463,0
4.2199999999999545,,,,,16.854183,0.19448355,-0.41203395,0.5908289,-20.031113,7.011599,2.0630832,0.49855745,-0.042932037,0.39195886,-0.77198946,-7.4794803,-8.797287,0.65779036,0.19448355,-0.41203395,0.5908289,1,0.03725718975067139,0.11010159810384114,0.5186285948753357,0.5550507990519206,-0.3060366848337655,-0.9520112894550279,0.0040065304358273685,-0.40401967854510024,-23.148622420866463,0
4.229999999999954,,,,,16.854183,0.19448355,-0.41203395,0.5908289,-20.105522,6.9231534,2.0697515,0.5016838,-0.042879462,0.39030516,-0.770804,-7.4023986,-8.891836,0.67598826,0.19448355,-0.41203395,0.5908289,1,0.03725718975067139,0.11010159810384114,0.5186285948753357,0.5550507990519206,-0.3060366848337655,-0.9520112894550279,0.0040065304358273685,-0.40401967854510024,-23.148622420866463,0
4.239999999999954,,,,,16.854183,0.19448355,-0.41203395,0.5908289,-20.179161,6.8337646,2.0766041,0.5048032,-0.04282628,0.388646,-0.7696078,-7.325217,-8.985763,0.6946236,0.19448355,-0.41203395,0.5908289,1,0.03725718975067139,0.11010159810384114,0.5186285948753357,0.5550507990519206,-0.3060366848337655,-0.9520112894550279,0.0040065304358273685,-0.40401967854510024,-23.148622420866463,0
4.249999999999954,,,,,16.389614,-0.062648736,-0.29899886,0.5976305,-20.252028,6.74344,2.083645,0.5079155,-0.0427725,0.38698146,-0.76840085,-7.2479396,-9.079064,0.7136959,0.19448355,-0.41203395,0.5908289,1,0.03725718975067139,0.11010159810384114,0.5186285948753357,0.5550507990519206,-0.3060366848337655,-0.9520112894550279,0.0040065304358273685,-0.40401967854510024,-23.148622420866463,0
4.259999999999954,,,,,16.389614,-0.062648736,-0.29899886,0.5976305,-20.324131,6.6521983,2.0908628,0.5107739,-0.04292376,0.38658848,-0.76669365,-7.172621,-9.169272,0.7298396,-0.062648736,-0.29899886,0.5976305,1,0.03725718975067139,0.11010159810384114,0.5186285948753357,0.5550507990519206,-0.3060366848337655,-0.9520112894550279,0.0040065304358273685,-0.40401967854510024,-23.148622420866463,0
4.269999999999953,,,,,16.389614,-0.062648736,-0.29899886,0.5976305,-20.39548,6.560056,2.0982423,0.5136266,-0.04307453,0.3861911,-0.7649779,-7.0969915,-9.259099,0.74607915,-0.062648736,-0.29899886,0.5976305,1,0.06272626876831054,0.06604132970174154,0.5313631343841553,0.5330206648508707,-0.2626202119863128,-0.9635351776080862,0.051289236375850936,-0.3878749585032215,-22.223598101046534,0
4.279999999999953,,,,,16.389614,-0.062648736,-0.29899886,0.5976305,-20.46607,6.4670177,2.1057847,0.5164734,-0.04322482,0.38578942,-0.7632535,-7.021055,-9.348541,0.76241535,-0.062648736,-0.29899886,0.5976305,1,0.06272626876831054,0.06604132970174154,0.5313631343841553,0.5330206648508707,-0.2626202119863128,-0.9635351776080862,0.051289236375850936,-0.3878749585032215,-22.223598101046534,0
4.289999999999953,,,,,15.684284,-0.3048117,-0.5019111,0.62234986,-20.535898,6.3730865,2.1134908,0.5193144,-0.04337462,0.38538334,-0.76152056,-6.9448147,-9.437599,0.7788494,-0.062648736,-0.29899886,0.5976305,1,0.06272626876831054,0.06604132970174154,0.5313631343841553,0.5330206648508707,-0.2626202119863128,-0.9635351776080862,0.051289236375850936,-0.3878749585032215,-22.223598101046534,0
4.299999999999953,,,,,15.684284,-0.3048117,-0.5019111,0.62234986,-20.604982,6.2782865,2.1213372,0.52258027,-0.044877544,0.38537213,-0.75920147,-6.8714037,-9.522379,0.7903988,-0.3048117,-0.5019111,0.62234986,1,0.06272626876831054,0.06604132970174154,0.5313631343841553,0.5330206648508707,-0.2626202119863128,-0.9635351776080862,0.051289236375850936,-0.3878749585032215,-22.223598101046534,0
4.3099999999999525,,,,,15.684284,-0.3048117,-0.5019111,0.62234986,-20.673326,6.182641,2.1292987,0.5258366,-0.04637965,0.38535386,-0.7568684,-6.797275,-9.606581,0.8019094,-0.3048117,-0.5019111,0.62234986,1,0.06272626876831054,0.06604132970174154,0.5313631343841553,0.5330206648508707,-0.2626202119863128,-0.9635351776080862,0.051289236375850936,-0.3878749585032215,-22.223598101046534,0
4.319999999999952,,,,,15.684284,-0.3048117,-0.5019111,0.62234986,-20.740927,6.086157,2.1373754,0.5290834,-0.047880903,0.38532856,-0.75452155,-6.7224336,-9.690202,0.8133815,-0.3048117,-0.5019111,0.62234986,1,0.06272626876831054,0.06604132970174154,0.5313631343841553,0.5330206648508707,-0.2626202119863128,-0.9635351776080862,0.051289236375850936,-0.3878749585032215,-22.223598101046534,0
4.329999999999952,,,,,14.885989,-0.6357143,-0.892946,0.76916313,-20.807774,5.988839,2.1455665,0.5323204,-0.04938128,0.3852962,-0.75216085,-6.6468854,-9.773234,0.82481545,-0.3048117,-0.5019111,0.62234986,1,0.06272626876831054,0.06604132970174154,0.5313631343841553,0.5330206648508707,-0.2626202119863128,-0.9635351776080862,0.051289236375850936,-0.3878749585032215,-22.223598101046534,0
4.339999999999952,,,,,14.885989,-0.6357143,-0.892946,0.76916313,-20.87388,5.890716,2.1538436,0.5367644,-0.052948583,0.3854916,-0.7486516,-6.5742817,-9.851317,0.8305946,-0.6357143,-0.892946,0.76916313,1,0.030133154392242432,0.10281113942464193,0.5150665771961213,0.551405569712321,-0.20281028275077878,-0.9792171858823074,-0.001300801016272314,-0.3842486942039227,-22.01582846129775,0
4.349999999999952,,,,,14.885989,-0.6357143,-0.892946,0.76916313,-20.939255,5.791817,2.1621778,0.54118425,-0.05651351,0.38566974,-0.74510884,-6.5003986,-9.9284,0.8362189,-0.6357143,-0.892946,0.76916313,1,0.030133154392242432,0.10281113942464193,0.5150665771961213,0.551405569712321,-0.20281028275077878,-0.9792171858823074,-0.001300801016272314,-0.3842486942039227,-22.01582846129775,0
4.3599999999999515,,,,,14.885989,-0.6357143,-0.892946,0.76916313,-21.003883,5.6921515,2.1705675,0.5455799,-0.060075905,0.38583058,-0.7415327,-6.42525,-10.004465,0.84168476,-0.6357143,-0.892946,0.76916313,1,0.030133154392242432,0.10281113942464193,0.5150665771961213,0.551405569712321,-0.20281028275077878,-0.9792171858823074,-0.001300801016272314,-0.3842486942039227,-22.01582846129775,0
4.369999999999951,,,,,13.913939,-0.55917966,-1.1100483,0.7965355,-21.067753,5.5917306,2.179011,0.54995114,-0.06363561,0.38597414,-0.73792326,-6.3488493,-10.079495,0.8469888,-0.6357143,-0.892946,0.76916313,1,0.030133154392242432,0.10281113942464193,0.5150665771961213,0.551405569712321,-0.20281028275077878,-0.9792171858823074,-0.001300801016272314,-0.3842486942039227,-22.01582846129775,0
4.379999999999951,,,,,13.913939,-0.55917966,-1.1100483,0.7965355,-21.130878,5.490589,2.187473,0.5548393,-0.06772988,0.3852279,-0.7342805,-6.276268,-10.148543,0.8454487,-0.55917966,-1.1100483,0.7965355,1,0.030133154392242432,0.10281113942464193,0.5150665771961213,0.551405569712321,-0.20281028275077878,-0.9792171858823074,-0.001300801016272314,-0.3842486942039227,-22.01582846129775,0
4.389999999999951,,,,,13.913939,-0.55917966,-1.1100483,0.7965355,-21.193272,5.388764,2.1959198,0.55969733,-0.071820475,0.38446066,-0.73059785,-6.2025113,-10.216322,0.84391725,-0.55917966,-1.1100483,0.7965355,1,0.030133154392242432,0.10281113942464193,0.5150665771961213,0.551405569712321,-0.20281028275077878,-0.9792171858823074,-0.001300801016272314,-0.3842486942039227,-22.01582846129775,0
4.399999999999951,,,,,13.913939,-0.55917966,-1.1100483,0.7965355,-21.254925,5.2862673,2.2043512,0.5645248,-0.07590714,0.38367245,-0.72687536,-6.1275983,-10.282816,0.8423894,-0.55917966,-1.1100483,0.7965355,1,0.030133154392242432,0.10281113942464193,0.5150665771961213,0.551405569712321,-0.20281028275077878,-0.9792171858823074,-0.001300801016272314,-0.3842486942039227,-22.01582846129775,0
4.40999999999995,,,,,13.090763,-0.4894807,-1.7909217,0.90438795,-21.315819,5.183112,2.2127674,0.5693216,-0.07998968,0.38286334,-0.7231133,-6.0515475,-10.348008,0.8408602,-0.55917966,-1.1100483,0.7965355,1,0.029327635765075685,0.10637561162312825,0.5146638178825378,0.5531878058115641,-0.10826685577160726,-0.9940931466396987,0.007556702012968972,-0.4206875981552811,-24.103623867793164,0
4.41999999999995,,,,,13.090763,-0.4894807,-1.7909217,0.90438795,-21.375973,5.079332,2.2211404,0.5757937,-0.08612258,0.3798764,-0.71884704,-5.978858,-10.407803,0.8337395,-0.4894807,-1.7909217,0.90438795,1,0.029327635765075685,0.10637561162312825,0.5146638178825378,0.5531878058115641,-0.10826685577160726,-0.9940931466396987,0.007556702012968972,-0.4206875981552811,-24.103623867793164,0
4.42999999999995,,,,,13.090763,-0.4894807,-1.7909217,0.90438795,-21.435392,4.9749637,2.2294433,0.58220434,-0.092246294,0.37684894,-0.71450424,-5.90492,-10.465537,0.82694256,-0.4894807,-1.7909217,0.90438795,1,0.029327635765075685,0.10637561162312825,0.5146638178825378,0.5531878058115641,-0.10826685577160726,-0.9940931466396987,0.007556702012968972,-0.4206875981552811,-24.103623867793164,0
4.43999999999995,,,,,13.090763,-0.4894807,-1.7909217,0.90438795,-21.494066,4.8700285,2.2376797,0.58855295,-0.09836017,0.37378132,-0.7100852,-5.829774,-10.521187,0.82045346,-0.4894807,-1.7909217,0.90438795,1,0.029327635765075685,0.10637561162312825,0.5146638178825378,0.5531878058115641,-0.10826685577160726,-0.9940931466396987,0.007556702012968972,-0.4206875981552811,-24.103623867793164,0
4.4499999999999496,,,,,12.741395,-0.3963574,-1.9377255,0.91420794,-21.551985,4.7645473,2.245853,0.5948388,-0.10446356,0.37067384,-0.7055904,-5.753459,-10.574724,0.8142561,-0.4894807,-1.7909217,0.90438795,1,0.029327635765075685,0.10637561162312825,0.5146638178825378,0.5531878058115641,-0.10826685577160726,-0.9940931466396987,0.007556702012968972,-0.4206875981552811,-24.103623867793164,0
4.459999999999949,,,,,12.741395,-0.3963574,-1.9377255,0.91420794,-21.609144,4.6585484,2.2539535,0.60141295,-0.11077792,0.3667646,-0.7010829,-5.678099,-10.62469,0.80592316,-0.3963574,-1.9377255,0.91420794,1,0.029327635765075685,0.10637561162312825,0.5146638178825378,0.5531878058115641,-0.10826685577160726,-0.9940931466396987,0.007556702012968972,-0.4206875981552811,-24.103623867793164,0
4.469999999999949,,,,,12.741395,-0.3963574,-1.9377255,0.91420794,-21.665545,4.552061,2.2619727,0.6079157,-0.11707914,0.36281183,-0.6964922,-5.6017265,-10.67238,0.7979713,-0.3963574,-1.9377255,0.91420794,1,-0.1349591064453125,0.09325213750203451,0.43252044677734375,0.5466260687510173,0.14116966493833893,-0.9890421230821109,-0.04320653272860542,-0.6251294024478613,-35.817276409797564,2
4.479999999999949,,,,,12.741395,-0.3963574,-1.9377255,0.91420794,-21.721176,4.4451084,2.2699142,0.6143463,-0.12336645,0.35881597,-0.6918188,-5.524387,-10.7177725,0.79038125,-0.3963574,-1.9377255,0.91420794,1,-0.1349591064453125,0.09325213750203451,0.43252044677734375,0.5466260687510173,0.14116966493833893,-0.9890421230821109,-0.04320653272860542,-0.6251294024478613,-35.817276409797564,2
4.489999999999949,,,,,12.441397,-0.91629124,-1.4146318,0.90113294,-21.77603,4.3377137,2.2777815,0.62070405,-0.12963912,0.35477751,-0.6870633,-5.446126,-10.760842,0.7831333,-0.3963574,-1.9377255,0.91420794,1,-0.1349591064453125,0.09325213750203451,0.43252044677734375,0.5466260687510173,0.14116966493833893,-0.9890421230821109,-0.04320653272860542,-0.6251294024478613,-35.817276409797564,2
4.4999999999999485,,,,,12.441397,-0.91629124,-1.4146318,0.90113294,-21.830105,4.229904,2.2855668,0.6256867,-0.13573804,0.35410285,-0.68169296,-5.3687167,-10.8008375,0.7738408,-0.91629124,-1.4146318,0.90113294,1,-0.1349591064453125,0.09325213750203451,0.43252044677734375,0.5466260687510173,0.14116966493833893,-0.9890421230821109,-0.04320653272860542,-0.6251294024478613,-35.817276409797564,2
4.509999999999948,,,,,12.441397,-0.91629124,-1.4146318,0.90113294,-21.8834,4.1217027,2.2932577,0.6306123,-0.14182457,0.35339585,-0.6762605,-5.2901244,-10.839127,0.7642599,-0.91629124,-1.4146318,0.90113294,1,-0.1349591064453125,0.09325213750203451,0.43252044677734375,0.5466260687510173,0.14116966493833893,-0.9890421230821109,-0.04320653272860542,-0.6251294024478613,-35.817276409797564,2
4.519999999999948,,,,,12.441397,-0.91629124,-1.4146318,0.90113294,-21.935904,4.0131273,2.3008509,0.63548034,-0.14789815,0.35265657,-0.6707661,-5.21038,-10.8756895,0.75437856,-0.91629124,-1.4146318,0.90113294,1,-0.1349591064453125,0.09325213750203451,0.43252044677734375,0.5466260687510173,0.14116966493833893,-0.9890421230821109,-0.04320653272860542,-0.6251294024478613,-35.817276409797564,2
4.529999999999948,,,,,12.170626,-1.030802,-1.1070143,0.925362,-21.987604,3.904195,2.3083441,0.6402903,-0.1539582,0.3518851,-0.6652105,-5.129517,-10.910505,0.7441848,-0.91629124,-1.4146318,0.90113294,1,-0.1349591064453125,0.09325213750203451,0.43252044677734375,0.5466260687510173,0.14116966493833893,-0.9890421230821109,-0.04320653272860542,-0.6251294024478613,-35.817276409797564,2
4.539999999999948,,,,,12.170626,-1.030802,-1.1070143,0.925362,-22.038498,3.794927,2.315724,0.6444971,-0.15930603,0.35246804,-0.65955615,-5.049331,-10.942969,0.73169154,-1.030802,-1.1070143,0.925362,1,-0.13119282722473144,0.05465251286824544,0.43440358638763427,0.5273262564341227,0.28882928559758436,-0.9573170923426124,0.011028530721511498,-0.7253343043399239,-41.55859437473523,2
4.549999999999947,,,,,12.170626,-1.030802,-1.1070143,0.925362,-22.088585,3.6853406,2.3229764,0.6486532,-0.16464132,0.3530233,-0.6538499,-4.968057,-10.974039,0.7186875,-1.030802,-1.1070143,0.925362,1,-0.13119282722473144,0.05465251286824544,0.43440358638763427,0.5273262564341227,0.28882928559758436,-0.9573170923426124,0.011028530721511498,-0.7253343043399239,-41.55859437473523,2
4.559999999999947,,,,,12.170626,-1.030802,-1.1070143,0.925362,-22.137852,3.575451,2.330096,0.65275836,-0.16996367,0.3535508,-0.64809227,-4.8857207,-11.003696,0.70516425,-1.030802,-1.1070143,0.925362,1,-0.13119282722473144,0.05465251286824544,0.43440358638763427,0.5273262564341227,0.28882928559758436,-0.9573170923426124,0.011028530721511498,-0.7253343043399239,-41.55859437473523,2
4.569999999999947,,,,,12.18939,-1.2529126,-1.0293182,0.94352543,-22.186293,3.4652715,2.337078,0.6568122,-0.17527267,0.3540505,-0.64228374,-4.802349,-11.031927,0.6911139,-1.030802,-1.1070143,0.925362,1,-0.13119282722473144,0.05465251286824544,0.43440358638763427,0.5273262564341227,0.28882928559758436,-0.9573170923426124,0.011028530721511498,-0.7253343043399239,-41.55859437473523,2
4.579999999999947,,,,,12.18939,-1.2529126,-1.0293182,0.94352543,-22.233894,3.354817,2.3439171,0.6605374,-0.1810148,0.35550502,-0.636037,-4.7177687,-11.058777,0.6765787,-1.2529126,-1.0293182,0.94352543,1,-0.13119282722473144,0.05465251286824544,0.43440358638763427,0.5273262564341227,0.28882928559758436,-0.9573170923426124,0.011028530721511498,-0.7253343043399239,-41.55859437473523,2
4.589999999999947,,,,,12.18939,-1.2529126,-1.0293182,0.94352543,-22.280645,3.2441008,2.3506072,0.6642046,-0.18674101,0.3569283,-0.6297342,-4.63202,-11.084222,0.66128933,-1.2529126,-1.0293182,0.94352543,1,-0.13119282722473144,0.05465251286824544,0.43440358638763427,0.5273262564341227,0.28882928559758436,-0.9573170923426124,0.011028530721511498,-0.7253343043399239,-41.55859437473523,2
4.599999999999946,,,,,12.18939,-1.2529126,-1.0293182,0.94352543,-22.326532,3.133137,2.3571403,0.6678133,-0.1924508,0.35832018,-0.6233761,-4.5451336,-11.108243,0.64523554,-1.2529126,-1.0293182,0.94352543,1,-0.13119282722473144,0.05465251286824544,0.43440358638763427,0.5273262564341227,0.28882928559758436,-0.9573170923426124,0.011028530721511498,-0.7253343043399239,-41.55859437473523,2
4.609999999999946,,,,,12.261734,-1.4246358,-0.8972443,0.96486783,-22.371544,3.0219405,2.3635092,0.67136323,-0.19814365,0.35968053,-0.616963,-4.45714,-11.130821,0.6284076,-1.2529126,-1.0293182,0.94352543,1,-0.10862653732299804,0.06485264460245768,0.445686731338501,0.5324263223012289,0.37637970380610575,-0.9264613499948766,0.002772278575268905,-0.7667660673036372,-43.93245953034244,2
4.619999999999946,,,,,12.261734,-1.4246358,-0.8972443,0.96486783,-22.415667,2.9105248,2.369708,0.67451024,-0.2039491,0.3620023,-0.6102442,-4.3674884,-11.152111,0.6112029,-1.4246358,-0.8972443,0.96486783,1,-0.10862653732299804,0.06485264460245768,0.445686731338501,0.5324263223012289,0.37637970380610575,-0.9264613499948766,0.002772278575268905,-0.7667660673036372,-43.93245953034244,2
4.629999999999946,,,,,12.261734,-1.4246358,-0.8972443,0.96486783,-22.458887,2.798903,2.3757303,0.6775937,-0.20973532,0.36429003,-0.60346794,-4.2766447,-11.172034,0.59301066,-1.4246358,-0.8972443,0.96486783,1,-0.10862653732299804,0.06485264460245768,0.445686731338501,0.5324263223012289,0.37637970380610575,-0.9264613499948766,0.002772278575268905,-0.7667660673036372,-43.93245953034244,2
4.6399999999999455,,,,,12.261734,-1.4246358,-0.8972443,0.96486783,-22.501192,2.687089,2.3815656,0.6806134,-0.2155018,0.36654344,-0.59663486,-4.1846423,-11.190572,0.57381994,-1.4246358,-0.8972443,0.96486783,1,-0.10862653732299804,0.06485264460245768,0.445686731338501,0.5324263223012289,0.37637970380610575,-0.9264613499948766,0.002772278575268905,-0.7667660673036372,-43.93245953034244,2
4.649999999999945,,,,,12.767855,-1.580972,-0.8907713,0.98972356,-22.542574,2.5750961,2.3872037,0.683569,-0.221248,0.36876234,-0.58974564,-4.0915146,-11.207704,0.55362,-1.4246358,-0.8972443,0.96486783,1,-0.10862653732299804,0.06485264460245768,0.445686731338501,0.5324263223012289,0.37637970380610575,-0.9264613499948766,0.002772278575268905,-0.7667660673036372,-43.93245953034244,2
4.659999999999945,,,,,12.767855,-1.580972,-0.8907713,0.98972356,-22.583,2.4629364,2.3926504,0.6863444,-0.22744137,0.37145483,-0.5824311,-3.993358,-11.224046,0.5355178,-1.580972,-0.8907713,0.98972356,1,-0.10862653732299804,0.06485264460245768,0.445686731338501,0.5324263223012289,0.37637970380610575,-0.9264613499948766,0.002772278575268905,-0.7667660673036372,-43.93245953034244,2
4.669999999999945,,,,,12.767855,-1.580972,-0.8907713,0.98972356,-22.622437,2.3506207,2.39791,0.6890465,-0.23361045,0.37410763,-0.57505435,-3.8939755,-11.23885,0.51619226,-1.580972,-0.8907713,0.98972356,1,-0.057542519569396974,0.17282068888346355,0.47122874021530153,0.5864103444417318,0.3602789125951054,-0.9306915456719331,-0.06334312870451389,-0.7028748479583029,-40.27176231391018,2
4.679999999999945,,,,,12.767855,-1.580972,-0.8907713,0.98972356,-22.660877,2.238165,2.40297,0.6916749,-0.23975459,0.37672046,-0.56761616,-3.7934077,-11.252092,0.49563068,-1.580972,-0.8907713,0.98972356,1,-0.057542519569396974,0.17282068888346355,0.47122874021530153,0.5864103444417318,0.3602789125951054,-0.9306915456719331,-0.06334312870451389,-0.7028748479583029,-40.27176231391018,2
4.689999999999944,,,,,13.034197,-1.4999357,-0.8026136,1.0030333,-22.698305,2.1255844,2.4078186,0.6942294,-0.2458731,0.37929302,-0.56011736,-3.6916962,-11.263753,0.47382098,-1.580972,-0.8907713,0.98972356,1,-0.057542519569396974,0.17282068888346355,0.47122874021530153,0.5864103444417318,0.3602789125951054,-0.9306915456719331,-0.06334312870451389,-0.7028748479583029,-40.27176231391018,2
4.699999999999944,,,,,13.034197,-1.4999357,-0.8026136,1.0030333,-22.734697,2.0128944,2.4124503,0.6966828,-0.25141308,0.3819223,-0.5527773,-3.5867572,-11.274073,0.45233658,-1.4999357,-0.8026136,1.0030333,1,-0.057542519569396974,0.17282068888346355,0.47122874021530153,0.5864103444417318,0.3602789125951054,-0.9306915456719331,-0.06334312870451389,-0.7028748479583029,-40.27176231391018,2
4.709999999999944,,,,,13.034197,-1.4999357,-0.8026136,1.0030333,-22.770037,1.9001086,2.416861,0.69906825,-0.25692853,0.38451433,-0.5453832,-3.4807844,-11.282876,0.42960888,-1.4999357,-0.8026136,1.0030333,1,-0.057542519569396974,0.17282068888346355,0.47122874021530153,0.5864103444417318,0.3602789125951054,-0.9306915456719331,-0.06334312870451389,-0.7028748479583029,-40.27176231391018,2
4.719999999999944,,,,,13.034197,-1.4999357,-0.8026136,1.0030333,-22.804312,1.7872422,2.4210382,0.70138556,-0.262419,0.3870689,-0.537936,-3.3738167,-11.290144,0.40562928,-1.4999357,-0.8026136,1.0030333,1,-0.057542519569396974,0.17282068888346355,0.47122874021530153,0.5864103444417318,0.3602789125951054,-0.9306915456719331,-0.06334312870451389,-0.7028748479583029,-40.27176231391018,2
4.729999999999944,,,,,13.444817,-1.3531054,-0.7593212,1.0243789,-22.837511,1.6743109,2.4249692,0.70363444,-0.26788384,0.3895857,-0.5304363,-3.2658935,-11.295857,0.3803895,-1.4999357,-0.8026136,1.0030333,1,-0.057542519569396974,0.17282068888346355,0.47122874021530153,0.5864103444417318,0.3602789125951054,-0.9306915456719331,-0.06334312870451389,-0.7028748479583029,-40.27176231391018,2
4.739999999999943,,,,,13.444817,-1.3531054,-0.7593212,1.0243789,-22.86961,1.5613296,2.428653,0.70598763,-0.27265108,0.39185816,-0.5231567,-3.153661,-11.300173,0.35619038,-1.3531054,-0.7593212,1.0243789,1,-0.009832436442375183,0.15523738861083985,0.4950837817788124,0.5776186943054199,0.4436852187545294,-0.8941009649097783,-0.06104826947710342,-0.7327880402533793,-41.98566198418132,2
4.749999999999943,,,,,13.444817,-1.3531054,-0.7593212,1.0243789,-22.900581,1.4483126,2.432089,0.7082798,-0.27739477,0.39409676,-0.5158319,-3.0406182,-11.302964,0.3308192,-1.3531054,-0.7593212,1.0243789,1,-0.009832436442375183,0.15523738861083985,0.4950837817788124,0.5776186943054199,0.4436852187545294,-0.8941009649097783,-0.06104826947710342,-0.7327880402533793,-41.98566198418132,2
4.759999999999943,,,,,13.444817,-1.3531054,-0.7593212,1.0243789,-22.93042,1.3352755,2.4352655,0.71051073,-0.2821145,0.3963013,-0.5084625,-2.9267998,-11.304216,0.30427176,-1.3531054,-0.7593212,1.0243789,1,-0.009832436442375183,0.15523738861083985,0.4950837817788124,0.5776186943054199,0.4436852187545294,-0.8941009649097783,-0.06104826947710342,-0.7327880402533793,-41.98566198418132,2
4.769999999999943,,,,,14.073126,-0.99297184,-0.5633089,1.0563071,-22.959114,1.2222337,2.4381707,0.7126802,-0.28680986,0.39847162,-0.50104916,-2.8122413,-11.303917,0.27654433,-1.3531054,-0.7593212,1.0243789,1,-0.009832436442375183,0.15523738861083985,0.4950837817788124,0.5776186943054199,0.4436852187545294,-0.8941009649097783,-0.06104826947710342,-0.7327880402533793,-41.98566198418132,2
4.7799999999999425,,,,,14.073126,-0.99297184,-0.5633089,1.0563071,-22.986633,1.1092024,2.440809,0.7150033,-0.2896462,0.4004547,-0.4944839,-2.6916645,-11.302124,0.25099206,-0.99297184,-0.5633089,1.0563071,1,-0.009832436442375183,0.15523738861083985,0.4950837817788124,0.5776186943054199,0.4436852187545294,-0.8941009649097783,-0.06104826947710342,-0.7327880402533793,-41.98566198418132,2
4.789999999999942,,,,,14.073126,-0.99297184,-0.5633089,1.0563071,-23.012945,0.99619526,2.4431875,0.7172831,-0.29246506,0.40241358,-0.48788866,-2.5705717,-11.2991085,0.22453427,-0.99297184,-0.5633089,1.0563071,1,-0.009832436442375183,0.15523738861083985,0.4950837817788124,0.5776186943054199,0.4436852187545294,-0.8941009649097783,-0.06104826947710342,-0.7327880402533793,-41.98566198418132,2
4.799999999999942,,,,,14.073126,-0.99297184,-0.5633089,1.0563071,-23.038044,0.8832245,2.4452968,0.7195196,-0.29526618,0.4043481,-0.48126397,-2.4489856,-11.29486,0.19717267,-0.99297184,-0.5633089,1.0563071,1,-0.009832436442375183,0.15523738861083985,0.4950837817788124,0.5776186943054199,0.4436852187545294,-0.8941009649097783,-0.06104826947710342,-0.7327880402533793,-41.98566198418132,2
4.809999999999942,,,,,14.973822,-0.95455545,-0.52591985,1.1433711,-23.061924,0.7703024,2.4471278,0.7217125,-0.29804945,0.40625817,-0.47461015,-2.3269289,-11.289367,0.16890915,-0.99297184,-0.5633089,1.0563071,1,0.049926252365112306,0.11865679423014323,0.5249631261825561,0.5593283971150717,0.5219318501859198,-0.851841331634598,-0.04419829725790185,-0.7529829567958757,-43.14274546968529,2
4.819999999999942,,,,,14.973822,-0.95455545,-0.52591985,1.1433711,-23.084541,0.6574435,2.448694,0.72404903,-0.3004102,0.4083168,-0.46774673,-2.1965888,-11.282216,0.14416926,-0.95455545,-0.52591985,1.1433711,1,0.049926252365112306,0.11865679423014323,0.5249631261825561,0.5593283971150717,0.5219318501859198,-0.851841331634598,-0.04419829725790185,-0.7529829567958757,-43.14274546968529,2
4.8299999999999415,,,,,14.973822,-0.95455545,-0.52591985,1.1433711,-23.105854,0.5446625,2.4500084,0.72634035,-0.30275226,0.4103499,-0.46085417,-2.0658083,-11.273795,0.118505485,-0.95455545,-0.52591985,1.1433711,1,0.049926252365112306,0.11865679423014323,0.5249631261825561,0.5593283971150717,0.5219318501859198,-0.851841331634598,-0.04419829725790185,-0.7529829567958757,-43.14274546968529,2
4.839999999999941,,,,,14.973822,-0.95455545,-0.52591985,1.1433711,-23.125854,0.43197203,2.451061,0.7285864,-0.3050754,0.41235745,-0.45393288,-1.9346112,-11.264092,0.091921665,-0.95455545,-0.52591985,1.1433711,1,0.049926252365112306,0.11865679423014323,0.5249631261825561,0.5593283971150717,0.5219318501859198,-0.851841331634598,-0.04419829725790185,-0.7529829567958757,-43.14274546968529,2
4.849999999999941,,,,,16.077843,-0.7835252,-0.5008913,1.1721761,-23.144543,0.31938505,2.4518435,0.730787,-0.30737948,0.4143393,-0.44698328,-1.8030206,-11.253097,0.06442192,-0.95455545,-0.52591985,1.1433711,1,0.049926252365112306,0.11865679423014323,0.5249631261825561,0.5593283971150717,0.5219318501859198,-0.851841331634598,-0.04419829725790185,-0.7529829567958757,-43.14274546968529,2
4.859999999999941,,,,,16.077843,-0.7835252,-0.5008913,1.1721761,-23.161865,0.20691885,2.452372,0.7332197,-0.30892488,0.4160501,-0.4402947,-1.6613669,-11.23995,0.041228384,-0.7835252,-0.5008913,1.1721761,1,0.049926252365112306,0.11865679423014323,0.5249631261825561,0.5593283971150717,0.5219318501859198,-0.851841331634598,-0.04419829725790185,-0.7529829567958757,-43.14274546968529,2
4.869999999999941,,,,,16.077843,-0.7835252,-0.5008913,1.1721761,-23.177769,0.09459037,2.452665,0.7356114,-0.31045297,0.41773757,-0.43358153,-1.5194355,-11.225546,0.017274126,-0.7835252,-0.5008913,1.1721761,1,0.051163854598999026,0.10728235880533854,0.5255819272994995,0.5536411794026692,0.5891860306495568,-0.8031296179658998,-0.0885586700067692,-0.7674679359992673,-43.97267364437439,2
4.87999999999994,,,,,16.077843,-0.7835252,-0.5008913,1.1721761,-23.192251,-0.017587733,2.452715,0.7379619,-0.3119637,0.41940168,-0.42684406,-1.3772463,-11.209877,-0.007434493,-0.7835252,-0.5008913,1.1721761,1,0.051163854598999026,0.10728235880533854,0.5255819272994995,0.5536411794026692,0.5891860306495568,-0.8031296179658998,-0.0885586700067692,-0.7674679359992673,-43.97267364437439,2
4.88999999999994,,,,,17.047123,-0.2224588,-0.4814747,1.1037402,-23.205313,-0.12960279,2.452514,0.74027115,-0.31345695,0.42104232,-0.4200827,-1.234819,-11.192935,-0.03289096,-0.7835252,-0.5008913,1.1721761,1,0.051163854598999026,0.10728235880533854,0.5255819272994995,0.5536411794026692,0.5891860306495568,-0.8031296179658998,-0.0885586700067692,-0.7674679359992673,-43.97267364437439,2
4.89999999999994,,,,,17.047123,-0.2224588,-0.4814747,1.1037402,-23.216906,-0.2414371,2.4520772,0.74324054,-0.31296217,0.42144948,-0.4147666,-1.0836978,-11.173788,-0.054465014,-0.2224588,-0.4814747,1.1037402,1,0.051163854598999026,0.10728235880533854,0.5255819272994995,0.5536411794026692,0.5891860306495568,-0.8031296179658998,-0.0885586700067692,-0.7674679359992673,-43.97267364437439,2
4.90999999999994,,,,,17.047123,-0.2224588,-0.4814747,1.1037402,-23.226988,-0.3530755,2.4514246,0.746182,-0.31245565,0.4218408,-0.40943494,-0.9326885,-11.153745,-0.076047815,-0.2224588,-0.4814747,1.1037402,1,0.051163854598999026,0.10728235880533854,0.5255819272994995,0.5536411794026692,0.5891860306495568,-0.8031296179658998,-0.0885586700067692,-0.7674679359992673,-43.97267364437439,2
4.9199999999999395,,,,,17.047123,-0.2224588,-0.4814747,1.1037402,-23.23556,-0.46450892,2.4505563,0.74909556,-0.31193742,0.4222163,-0.40408793,-0.7817997,-11.132805,-0.09763259,-0.2224588,-0.4814747,1.1037402,1,0.051163854598999026,0.10728235880533854,0.5255819272994995,0.5536411794026692,0.5891860306495568,-0.8031296179658998,-0.0885586700067692,-0.7674679359992673,-43.97267364437439,2
4.929999999999939,,,,,17.599371,0.3801827,-0.2759323,0.9946821,-23.242624,-0.5757285,2.449472,0.751981,-0.31140748,0.42257598,-0.39872578,-0.6310403,-11.11097,-0.119212545,-0.2224588,-0.4814747,1.1037402,1,0.051163854598999026,0.10728235880533854,0.5255819272994995,0.5536411794026692,0.5891860306495568,-0.8031296179658998,-0.0885586700067692,-0.7674679359992673,-43.97267364437439,2
4.939999999999939,,,,,17.599371,0.3801827,-0.2759323,0.9946821,-23.24816,-0.68672246,2.4481852,0.75512767,-0.3084218,0.42232293,-0.3953535,-0.4756285,-11.087818,-0.1380347,0.3801827,-0.2759323,0.9946821,1,0.010018751621246338,0.09317078272501628,0.5050093758106232,0.5465853913625082,0.6651962143332442,-0.7291407176760213,-0.16083472965630802,-0.7824403290442424,-44.8305285750625,2
4.949999999999939,,,,,17.599371,0.3801827,-0.2759323,0.9946821,-23.25214,-0.7974845,2.446714,0.7582514,-0.30542678,0.4220571,-0.3919692,-0.32060218,-11.064581,-0.1561304,0.3801827,-0.2759323,0.9946821,1,0.010018751621246338,0.09317078272501628,0.5050093758106232,0.5465853913625082,0.6651962143332442,-0.7291407176760213,-0.16083472965630802,-0.7824403290442424,-44.8305285750625,2
4.959999999999939,,,,,17.599371,0.3801827,-0.2759323,0.9946821,-23.254572,-0.9080138,2.4450653,0.7613523,-0.30242252,0.4217785,-0.3885731,-0.16596411,-11.041267,-0.1735002,0.3801827,-0.2759323,0.9946821,1,0.010018751621246338,0.09317078272501628,0.5050093758106232,0.5465853913625082,0.6651962143332442,-0.7291407176760213,-0.16083472965630802,-0.7824403290442424,-44.8305285750625,2
4.9699999999999385,,,,,17.928188,0.644489,-0.04585218,0.8243768,-23.25546,-1.0183097,2.4432466,0.76443005,-0.2994091,0.42148715,-0.38516527,-0.011717096,-11.017887,-0.1901447,0.3801827,-0.2759323,0.9946821,1,0.010018751621246338,0.09317078272501628,0.5050093758106232,0.5465853913625082,0.6651962143332442,-0.7291407176760213,-0.16083472965630802,-0.7824403290442424,-44.8305285750625,2
4.979999999999938,,,,,17.928188,0.644489,-0.04585218,0.8243768,-23.254795,-1.1283699,2.4412727,0.7670686,-0.29529262,0.42129907,-0.3832987,0.14500462,-10.994232,-0.2044549,0.644489,-0.04585218,0.8243768,1,0.010018751621246338,0.09317078272501628,0.5050093758106232,0.5465853913625082,0.6651962143332442,-0.7291407176760213,-0.16083472965630802,-0.7824403290442424,-44.8305285750625,2
4.989999999999938,,,,,17.928188,0.644489,-0.04585218,0.8243768,-23.252563,-1.2381964,2.4391603,0.7696862,-0.29116806,0.42109942,-0.38142163,0.30130595,-10.971123,-0.21783309,0.644489,-0.04585218,0.8243768,1,0.010018751621246338,0.09317078272501628,0.5050093758106232,0.5465853913625082,0.6651962143332442,-0.7291407176760213,-0.16083472965630802,-0.7824403290442424,-44.8305285750625,2
4.999999999999938,,,,,17.928188,0.644489,-0.04585218,0.8243768,-23.24877,-1.3477943,2.436919,0.7722826,-0.28703555,0.42088825,-0.37953407,0.45718348,-10.948566,-0.2302863,0.644489,-0.04585218,0.8243768,1,0.010018751621246338,0.09317078272501628,0.5050093758106232,0.5465853913625082,0.6651962143332442,-0.7291407176760213,-0.16083472965630802,-0.7824403290442424,-44.8305285750625,2
5.009999999999938,,,,,18.06474,0.6156421,0.057215378,0.6431223,-23.243418,-1.4571697,2.434558,0.7748578,-0.28289515,0.42066553,-0.3776361,0.6126339,-10.926573,-0.24182168,0.644489,-0.04585218,0.8243768,1,0.05696248531341553,0.03171103795369466,0.5284812426567078,0.5158555189768473,0.705977908057893,-0.6990789709961033,-0.1135067647553685,-0.7342985941328768,-42.07221034620363,2
5.019999999999937,,,,,18.06474,0.6156421,0.057215378,0.6431223,-23.23651,-1.5663272,2.432089,0.77681494,-0.27904645,0.42063025,-0.37651655,0.7688665,-10.905035,-0.25182554,0.6156421,0.057215378,0.6431223,1,0.05696248531341553,0.03171103795369466,0.5284812426567078,0.5158555189768473,0.705977908057893,-0.6990789709961033,-0.1135067647553685,-0.7342985941328768,-42.07221034620363,2
5.029999999999937,,,,,18.06474,0.6156421,0.057215378,0.6431223,-23.22804,-1.675273,2.429524,0.77875656,-0.27519217,0.42058662,-0.3753895,0.9247476,-10.884205,-0.2610399,0.6156421,0.057215378,0.6431223,1,0.05696248531341553,0.03171103795369466,0.5284812426567078,0.5158555189768473,0.705977908057893,-0.6990789709961033,-0.1135067647553685,-0.7342985941328768,-42.07221034620363,2
5.039999999999937,,,,,18.06474,0.6156421,0.057215378,0.6431223,-23.218014,-1.7840137,2.4268708,0.7806827,-0.2713324,0.42053458,-0.37425494,1.0802739,-10.864088,-0.26947194,0.6156421,0.057215378,0.6431223,1,0.05696248531341553,0.03171103795369466,0.5284812426567078,0.5158555189768473,0.705977908057893,-0.6990789709961033,-0.1135067647553685,-0.7342985941328768,-42.07221034620363,2
5.049999999999937,,,,,18.13622,0.21212704,-0.1595815,0.49615765,-23.206436,-1.8925571,2.424137,0.78259325,-0.2674673,0.4204742,-0.37311298,1.2354423,-10.84469,-0.2771287,0.6156421,0.057215378,0.6431223,1,0.05696248531341553,0.03171103795369466,0.5284812426567078,0.5158555189768473,0.705977908057893,-0.6990789709961033,-0.1135067647553685,-0.7342985941328768,-42.07221034620363,2
5.0599999999999365,,,,,18.13622,0.21212704,-0.1595815,0.49615765,-23.193302,-2.0009089,2.4213321,0.784135,-0.2658908,0.42011592,-0.3714026,1.3909069,-10.825667,-0.28378913,0.21212704,-0.1595815,0.49615765,1,0.05696248531341553,0.03171103795369466,0.5284812426567078,0.5158555189768473,0.705977908057893,-0.6990789709961033,-0.1135067647553685,-0.7342985941328768,-42.07221034620363,2
5.069999999999936,,,,,18.13622,0.21212704,-0.1595815,0.49615765,-23.178617,-2.1090705,2.4184628,0.7856705,-0.26431218,0.4197543,-0.36968932,1.5461262,-10.806635,-0.2900355,0.21212704,-0.1595815,0.49615765,1,0.04460779666900635,-0.0015802686413129172,0.5223038983345032,0.49920986567934356,0.735758562321053,-0.6674994496608756,-0.11447192963205463,-0.6918955981130086,-39.64269763555516,2
5.079999999999936,,,,,18.13622,0.21212704,-0.1595815,0.49615765,-23.16238,-2.2170417,2.4155328,0.7871998,-0.2627315,0.41938934,-0.36797306,1.7010992,-10.787596,-0.29586825,0.21212704,-0.1595815,0.49615765,1,0.04460779666900635,-0.0015802686413129172,0.5223038983345032,0.49920986567934356,0.735758562321053,-0.6674994496608756,-0.11447192963205463,-0.6918955981130086,-39.64269763555516,2
5.089999999999936,,,,,17.840834,0.04632084,-0.5515346,0.41875464,-23.144596,-2.3248222,2.4125469,0.7887228,-0.26114872,0.41902104,-0.36625394,1.8558247,-10.768553,-0.30128798,0.21212704,-0.1595815,0.49615765,1,0.04460779666900635,-0.0015802686413129172,0.5223038983345032,0.49920986567934356,0.735758562321053,-0.6674994496608756,-0.11447192963205463,-0.6918955981130086,-39.64269763555516,2
5.099999999999936,,,,,17.840834,0.04632084,-0.5515346,0.41875464,-23.125278,-2.4324133,2.4095013,0.790701,-0.26109716,0.41730544,-0.36397722,2.0077257,-10.749544,-0.30776784,0.04632084,-0.5515346,0.41875464,1,0.04460779666900635,-0.0015802686413129172,0.5223038983345032,0.49920986567934356,0.735758562321053,-0.6674994496608756,-0.11447192963205463,-0.6918955981130086,-39.64269763555516,2
5.1099999999999355,,,,,17.840834,0.04632084,-0.5515346,0.41875464,-23.104445,-2.5398107,2.4063935,0.7926696,-0.26104245,0.41558483,-0.3616961,2.1592174,-10.729803,-0.31372616,0.04632084,-0.5515346,0.41875464,1,0.04460779666900635,-0.0015802686413129172,0.5223038983345032,0.49920986567934356,0.735758562321053,-0.6674994496608756,-0.11447192963205463,-0.6918955981130086,-39.64269763555516,2
5.119999999999935,,,,,17.840834,0.04632084,-0.5515346,0.41875464,-23.082098,-2.647007,2.4032285,0.7946287,-0.2609846,0.41385922,-0.35941067,2.3102934,-10.709332,-0.31916296,0.04632084,-0.5515346,0.41875464,1,0.04460779666900635,-0.0015802686413129172,0.5223038983345032,0.49920986567934356,0.735758562321053,-0.6674994496608756,-0.11447192963205463,-0.6918955981130086,-39.64269763555516,2
5.129999999999935,,,,,17.062948,0.91053283,-1.0653883,0.39980638,-23.05824,-2.7539947,2.400012,0.7965782,-0.2609236,0.4121286,-0.35712084,2.4609485,-10.688137,-0.32407832,0.04632084,-0.5515346,0.41875464,1,0.04460779666900635,-0.0015802686413129172,0.5223038983345032,0.49920986567934356,0.735758562321053,-0.6674994496608756,-0.11447192963205463,-0.6918955981130086,-39.64269763555516,2
5.139999999999935,,,,,17.062948,0.91053283,-1.0653883,0.39980638,-23.032915,-2.8607721,2.39673,0.80065423,-0.25836864,0.40677014,-0.35600534,2.6042945,-10.667256,-0.33201241,0.91053283,-1.0653883,0.39980638,1,0.033103907108306886,-0.01418872038523356,0.5165519535541534,0.4929056398073832,0.7724818451036349,-0.6265044637345997,-0.10374948629224992,-0.6499120883034285,-37.237219714320126,2
5.149999999999935,,,,,17.062948,0.91053283,-1.0653883,0.39980638,-23.00616,-2.9673386,2.3933785,0.80468774,-0.25579995,0.40139005,-0.35487095,2.7463298,-10.645906,-0.33800215,0.91053283,-1.0653883,0.39980638,1,0.033103907108306886,-0.01418872038523356,0.5165519535541534,0.4929056398073832,0.7724818451036349,-0.6265044637345997,-0.10374948629224992,-0.6499120883034285,-37.237219714320126,2
5.159999999999934,,,,,17.062948,0.91053283,-1.0653883,0.39980638,-22.977993,-3.073689,2.389977,0.8086785,-0.2532177,0.39598867,-0.3537177,2.887026,-10.6241045,-0.34206343,0.91053283,-1.0653883,0.39980638,1,0.033103907108306886,-0.01418872038523356,0.5165519535541534,0.4929056398073832,0.7724818451036349,-0.6265044637345997,-0.10374948629224992,-0.6499120883034285,-37.237219714320126,2
5.169999999999934,,,,,16.75089,0.80219847,-1.3095224,0.42269528,-22.948425,-3.1798193,2.3865442,0.81262636,-0.25062203,0.39056623,-0.35254568,3.0263553,-10.601861,-0.3442125,0.91053283,-1.0653883,0.39980638,1,0.033103907108306886,-0.01418872038523356,0.5165519535541534,0.4929056398073832,0.7724818451036349,-0.6265044637345997,-0.10374948629224992,-0.6499120883034285,-37.237219714320126,2
5.179999999999934,,,,,16.75089,0.80219847,-1.3095224,0.42269528,-22.917484,-3.2857265,2.3830905,0.8169081,-0.24883753,0.38434878,-0.35074264,3.1617246,-10.579444,-0.3462321,0.80219847,-1.3095224,0.42269528,1,0.033103907108306886,-0.01418872038523356,0.5165519535541534,0.4929056398073832,0.7724818451036349,-0.6265044637345997,-0.10374948629224992,-0.6499120883034285,-37.237219714320126,2
5.189999999999934,,,,,16.75089,0.80219847,-1.3095224,0.42269528,-22.885197,-3.3914053,2.3796263,0.82113814,-0.24703725,0.37810695,-0.34891737,3.2955794,-10.556197,-0.34634614,0.80219847,-1.3095224,0.42269528,1,0.033103907108306886,-0.01418872038523356,0.5165519535541534,0.4929056398073832,0.7724818451036349,-0.6265044637345997,-0.10374948629224992,-0.6499120883034285,-37.237219714320126,2
5.199999999999934,,,,,16.75089,0.80219847,-1.3095224,0.42269528,-22.85158,-3.4968476,2.3761704,0.825316,-0.2452213,0.3718411,-0.34706995,3.427887,-10.532132,-0.34457406,0.80219847,-1.3095224,0.42269528,1,0.033103907108306886,-0.01418872038523356,0.5165519535541534,0.4929056398073832,0.7724818451036349,-0.6265044637345997,-0.10374948629224992,-0.6499120883034285,-37.237219714320126,2
5.209999999999933,,,,,16.139122,-0.686064,-1.2962656,0.33280337,-22.816647,-3.6020453,2.3727415,0.8294415,-0.2433898,0.36555168,-0.3452005,3.5586152,-10.507268,-0.34093577,0.80219847,-1.3095224,0.42269528,1,-0.06942634582519532,-0.03266502062479655,0.4652868270874023,0.4836674896876017,0.8541252068469626,-0.5116396018997202,-0.0932472455171163,-0.7045403734043534,-40.36718989264052,2
5.219999999999933,,,,,16.139122,-0.686064,-1.2962656,0.33280337,-22.780436,-3.7069936,2.3693373,0.8315268,-0.24785721,0.3617547,-0.34097916,3.6833763,-10.481982,-0.3398287,-0.686064,-1.2962656,0.33280337,1,-0.06942634582519532,-0.03266502062479655,0.4652868270874023,0.4836674896876017,0.8541252068469626,-0.5116396018997202,-0.0932472455171163,-0.7045403734043534,-40.36718989264052,2
5.229999999999933,,,,,16.139122,-0.686064,-1.2962656,0.33280337,-22.742981,-3.8116777,2.365945,0.8335651,-0.2523106,0.35793722,-0.33673853,3.8075123,-10.454419,-0.33854434,-0.686064,-1.2962656,0.33280337,1,-0.06942634582519532,-0.03266502062479655,0.4652868270874023,0.4836674896876017,0.8541252068469626,-0.5116396018997202,-0.0932472455171163,-0.7045403734043534,-40.36718989264052,2
5.239999999999933,,,,,16.139122,-0.686064,-1.2962656,0.33280337,-22.704288,-3.9160748,2.3625667,0.83555627,-0.25674972,0.3540995,-0.33247885,3.9309921,-10.424589,-0.33709785,-0.686064,-1.2962656,0.33280337,1,-0.06942634582519532,-0.03266502062479655,0.4652868270874023,0.4836674896876017,0.8541252068469626,-0.5116396018997202,-0.0932472455171163,-0.7045403734043534,-40.36718989264052,2
5.2499999999999325,,,,,15.17487,-0.98034966,-0.743505,0.25628656,-22.664364,-4.020162,2.3592036,0.8375002,-0.26117432,0.35024178,-0.32820037,4.053785,-10.392498,-0.3355044,-0.686064,-1.2962656,0.33280337,1,-0.06942634582519532,-0.03266502062479655,0.4652868270874023,0.4836674896876017,0.8541252068469626,-0.5116396018997202,-0.0932472455171163,-0.7045403734043534,-40.36718989264052,2
5.259999999999932,,,,,15.17487,-0.98034966,-0.743505,0.25628656,-22.623251,-4.123927,2.3558264,0.83792603,-0.26604563,0.3490649,-0.32443297,4.1687984,-10.360329,-0.3399855,-0.98034966,-0.743505,0.25628656,1,-0.06942634582519532,-0.03266502062479655,0.4652868270874023,0.4836674896876017,0.8541252068469626,-0.5116396018997202,-0.0932472455171163,-0.7045403734043534,-40.36718989264052,2
5.269999999999932,,,,,15.17487,-0.98034966,-0.743505,0.25628656,-22.580988,-4.227362,2.352402,0.83831877,-0.27090645,0.3478742,-0.32065278,4.283731,-10.326372,-0.34500024,-0.98034966,-0.743505,0.25628656,1,-0.1304677200317383,0.1156438700358073,0.43476613998413083,0.5578219350179037,0.8457463798578507,-0.48656412800511883,-0.21901691783046895,-0.6555024723279481,-37.55752512478246,2
5.279999999999932,,,,,15.17487,-0.98034966,-0.743505,0.25628656,-22.537577,-4.3304486,2.3489246,0.8386784,-0.27575657,0.34666976,-0.31685993,4.3985624,-10.290632,-0.3505592,-0.98034966,-0.743505,0.25628656,1,-0.1304677200317383,0.1156438700358073,0.43476613998413083,0.5578219350179037,0.8457463798578507,-0.48656412800511883,-0.21901691783046895,-0.6555024723279481,-37.55752512478246,2
5.289999999999932,,,,,14.978586,-0.63497114,-0.19429599,0.29605222,-22.493017,-4.433169,2.345389,0.83900493,-0.2805958,0.34545165,-0.31305453,4.513273,-10.253113,-0.35667294,-0.98034966,-0.743505,0.25628656,1,-0.1304677200317383,0.1156438700358073,0.43476613998413083,0.5578219350179037,0.8457463798578507,-0.48656412800511883,-0.21901691783046895,-0.6555024723279481,-37.55752512478246,2
5.299999999999931,,,,,14.978586,-0.63497114,-0.19429599,0.29605222,-22.44732,-4.5355086,2.3417833,0.83890754,-0.28305045,0.34604356,-0.3104412,4.62647,-10.214676,-0.36452475,-0.63497114,-0.19429599,0.29605222,1,-0.1304677200317383,0.1156438700358073,0.43476613998413083,0.5578219350179037,0.8457463798578507,-0.48656412800511883,-0.21901691783046895,-0.6555024723279481,-37.55752512478246,2
5.309999999999931,,,,,14.978586,-0.63497114,-0.19429599,0.29605222,-22.400488,-4.6374598,2.3380964,0.83879906,-0.28550133,0.34663087,-0.30782372,4.739812,-10.175415,-0.37291446,-0.63497114,-0.19429599,0.29605222,1,-0.1304677200317383,0.1156438700358073,0.43476613998413083,0.5578219350179037,0.8457463798578507,-0.48656412800511883,-0.21901691783046895,-0.6555024723279481,-37.55752512478246,2
5.319999999999931,,,,,14.978586,-0.63497114,-0.19429599,0.29605222,-22.352522,-4.739014,2.334323,0.8386795,-0.28794846,0.34721363,-0.3052022,4.8532915,-10.13533,-0.3818443,-0.63497114,-0.19429599,0.29605222,1,-0.1304677200317383,0.1156438700358073,0.43476613998413083,0.5578219350179037,0.8457463798578507,-0.48656412800511883,-0.21901691783046895,-0.6555024723279481,-37.55752512478246,2
5.329999999999931,,,,,15.158236,-0.52106553,-0.42932212,0.3966669,-22.303421,-4.8401637,2.3304574,0.83854884,-0.29039177,0.34779176,-0.30257663,4.9669023,-10.094421,-0.39131653,-0.63497114,-0.19429599,0.29605222,1,-0.1304677200317383,0.1156438700358073,0.43476613998413083,0.5578219350179037,0.8457463798578507,-0.48656412800511883,-0.21901691783046895,-0.6555024723279481,-37.55752512478246,2
5.339999999999931,,,,,15.158236,-0.52106553,-0.42932212,0.3966669,-22.253178,-4.940897,2.3265002,0.8391325,-0.29253396,0.3473533,-0.29938173,5.081904,-10.052136,-0.40017703,-0.52106553,-0.42932212,0.3966669,1,-0.10507362365722656,0.007349224885304769,0.44746318817138675,0.5036746124426524,0.9045976286884797,-0.4035475042491116,-0.13730455923053975,-0.6831029473819572,-39.13891585793329,2
5.34999999999993,,,,,15.158236,-0.52106553,-0.42932212,0.3966669,-22.201784,-5.041203,2.3224528,0.83970326,-0.29467168,0.34690955,-0.29618222,5.196767,-10.00888,-0.40932408,-0.52106553,-0.42932212,0.3966669,1,-0.10507362365722656,0.007349224885304769,0.44746318817138675,0.5036746124426524,0.9045976286884797,-0.4035475042491116,-0.13730455923053975,-0.6831029473819572,-39.13891585793329,2
5.35999999999993,,,,,15.158236,-0.52106553,-0.42932212,0.3966669,-22.149242,-5.141072,2.3183126,0.84026116,-0.29680488,0.34646043,-0.29297817,5.311482,-9.964651,-0.41875866,-0.52106553,-0.42932212,0.3966669,1,-0.10507362365722656,0.007349224885304769,0.44746318817138675,0.5036746124426524,0.9045976286884797,-0.4035475042491116,-0.13730455923053975,-0.6831029473819572,-39.13891585793329,2
5.36999999999993,,,,,15.501287,-0.33179104,-0.62626,0.45208105,-22.095554,-5.240493,2.3140767,0.8408062,-0.29893354,0.34600607,-0.28976965,5.4260416,-9.919453,-0.42848167,-0.52106553,-0.42932212,0.3966669,1,-0.10507362365722656,0.007349224885304769,0.44746318817138675,0.5036746124426524,0.9045976286884797,-0.4035475042491116,-0.13730455923053975,-0.6831029473819572,-39.13891585793329,2
5.37999999999993,,,,,15.501287,-0.33179104,-0.62626,0.45208105,-22.040709,-5.339452,2.3097525,0.8420413,-0.300451,0.34452662,-0.28635648,5.542928,-9.872234,-0.43637636,-0.33179104,-0.62626,0.45208105,1,-0.10507362365722656,0.007349224885304769,0.44746318817138675,0.5036746124426524,0.9045976286884797,-0.4035475042491116,-0.13730455923053975,-0.6831029473819572,-39.13891585793329,2
5.3899999999999295,,,,,15.501287,-0.33179104,-0.62626,0.45208105,-21.984695,-5.437934,2.3053493,0.84326154,-0.30196315,0.3430411,-0.28293827,5.6593757,-9.824009,-0.44423655,-0.33179104,-0.62626,0.45208105,1,-0.10507362365722656,0.007349224885304769,0.44746318817138675,0.5036746124426524,0.9045976286884797,-0.4035475042491116,-0.13730455923053975,-0.6831029473819572,-39.13891585793329,2
5.399999999999929,,,,,15.501287,-0.33179104,-0.62626,0.45208105,-21.92752,-5.5359287,2.300868,0.84446687,-0.30346996,0.34154952,-0.27951506,5.7753763,-9.774781,-0.4520626,-0.33179104,-0.62626,0.45208105,1,-0.10507362365722656,0.007349224885304769,0.44746318817138675,0.5036746124426524,0.9045976286884797,-0.4035475042491116,-0.13730455923053975,-0.6831029473819572,-39.13891585793329,2
5.409999999999929,,,,,15.676172,0.08443129,-0.72807413,0.44861972,-21.869188,-5.633426,2.2963085,0.8456572,-0.3049714,0.3400519,-0.2760869,5.8909216,-9.724554,-0.4598551,-0.33179104,-0.62626,0.45208105,1,-0.08145099639892578,0.03489439328511556,0.4592745018005371,0.5174471966425578,0.9113332868222286,-0.3862781683783137,-0.14234049657103792,-0.625233949250555,-35.823266500353505,2
5.419999999999929,,,,,15.676172,0.08443129,-0.72807413,0.44861972,-21.809696,-5.730414,2.291677,0.8476353,-0.30485386,0.3375378,-0.2732208,6.0072017,-9.672876,-0.46639898,0.08443129,-0.72807413,0.44861972,1,-0.08145099639892578,0.03489439328511556,0.4592745018005371,0.5174471966425578,0.9113332868222286,-0.3862781683783137,-0.14234049657103792,-0.625233949250555,-35.823266500353505,2
5.429999999999929,,,,,15.676172,0.08443129,-0.72807413,0.44861972,-21.749044,-5.826882,2.2869825,0.8495978,-0.3047307,0.3350174,-0.27034965,6.1227374,-9.620522,-0.47238687,0.08443129,-0.72807413,0.44861972,1,-0.08145099639892578,0.03489439328511556,0.4592745018005371,0.5174471966425578,0.9113332868222286,-0.3862781683783137,-0.14234049657103792,-0.625233949250555,-35.823266500353505,2
5.4399999999999284,,,,,15.676172,0.08443129,-0.72807413,0.44861972,-21.687243,-5.9228225,2.282231,0.8515446,-0.30460194,0.3324909,-0.26747355,6.237522,-9.567497,-0.4778204,0.08443129,-0.72807413,0.44861972,1,-0.08145099639892578,0.03489439328511556,0.4592745018005371,0.5174471966425578,0.9113332868222286,-0.3862781683783137,-0.14234049657103792,-0.625233949250555,-35.823266500353505,2
5.449999999999928,,,,,16.094288,0.37743616,-0.69809526,0.43303707,-21.624298,-6.0182295,2.2774282,0.8534757,-0.30446753,0.32995823,-0.26459247,6.3515487,-9.513809,-0.48270118,0.08443129,-0.72807413,0.44861972,1,-0.08145099639892578,0.03489439328511556,0.4592745018005371,0.5174471966425578,0.9113332868222286,-0.3862781683783137,-0.14234049657103792,-0.625233949250555,-35.823266500353505,2
5.459999999999928,,,,,16.094288,0.37743616,-0.69809526,0.43303707,-21.560204,-6.1130896,2.2725918,0.8557661,-0.30306295,0.3271357,-0.2623018,6.467798,-9.458147,-0.48441464,0.37743616,-0.69809526,0.43303707,1,-0.08145099639892578,0.03489439328511556,0.4592745018005371,0.5174471966425578,0.9113332868222286,-0.3862781683783137,-0.14234049657103792,-0.625233949250555,-35.823266500353505,2
5.469999999999928,,,,,16.094288,0.37743616,-0.69809526,0.43303707,-21.49495,-6.2073913,2.2677426,0.8580391,-0.30165216,0.32430652,-0.26000577,6.5831676,-9.402168,-0.4852578,0.37743616,-0.69809526,0.43303707,1,-0.0234261155128479,0.12586652119954428,0.48828694224357605,0.5629332605997721,0.8855291967761844,-0.4401945572971951,-0.14854895954819963,-0.4986295504358934,-28.56936878048231,2
5.479999999999928,,,,,16.094288,0.37743616,-0.69809526,0.43303707,-21.428543,-6.3011317,2.2628894,0.8602945,-0.30023518,0.3214707,-0.2577044,6.6976504,-9.345882,-0.4852345,0.37743616,-0.69809526,0.43303707,1,-0.0234261155128479,0.12586652119954428,0.48828694224357605,0.5629332605997721,0.8855291967761844,-0.4401945572971951,-0.14854895954819963,-0.4986295504358934,-28.56936878048231,2
5.489999999999927,,,,,16.260105,0.5995599,-0.6025144,0.4254779,-21.360998,-6.3943076,2.258041,0.86253244,-0.29881206,0.3186283,-0.25539777,6.8112397,-9.289298,-0.48434874,0.37743616,-0.69809526,0.43303707,1,-0.0234261155128479,0.12586652119954428,0.48828694224357605,0.5629332605997721,0.8855291967761844,-0.4401945572971951,-0.14854895954819963,-0.4986295504358934,-28.56936878048231,2
5.499999999999927,,,,,16.260105,0.5995599,-0.6025144,0.4254779,-21.292316,-6.486914,2.2532108,0.8649217,-0.29631454,0.31589633,-0.25361496,6.925095,-9.231968,-0.48150724,0.5995599,-0.6025144,0.4254779,1,-0.0234261155128479,0.12586652119954428,0.48828694224357605,0.5629332605997721,0.8855291967761844,-0.4401945572971951,-0.14854895954819963,-0.4986295504358934,-28.56936878048231,2
5.509999999999927,,,,,16.260105,0.5995599,-0.6025144,0.4254779,-21.2225,-6.578947,2.2484143,0.86729145,-0.2938103,0.3131572,-0.25182638,7.0380483,-9.174702,-0.47762093,0.5995599,-0.6025144,0.4254779,1,-0.0234261155128479,0.12586652119954428,0.48828694224357605,0.5629332605997721,0.8855291967761844,-0.4401945572971951,-0.14854895954819963,-0.4986295504358934,-28.56936878048231,2
5.519999999999927,,,,,16.260105,0.5995599,-0.6025144,0.4254779,-21.15156,-6.6704073,2.2436619,0.86964154,-0.29129946,0.31041104,-0.25003216,7.1500926,-9.11751,-0.47269607,0.5995599,-0.6025144,0.4254779,1,-0.0234261155128479,0.12586652119954428,0.48828694224357605,0.5629332605997721,0.8855291967761844,-0.4401945572971951,-0.14854895954819963,-0.4986295504358934,-28.56936878048231,2
5.5299999999999265,,,,,16.512882,0.6168258,-0.54681873,0.4234616,-21.079502,-6.761297,2.238964,0.871972,-0.28878203,0.30765787,-0.24823226,7.2612214,-9.0604,-0.4667389,0.5995599,-0.6025144,0.4254779,1,-0.0234261155128479,0.12586652119954428,0.48828694224357605,0.5629332605997721,0.8855291967761844,-0.4401945572971951,-0.14854895954819963,-0.4986295504358934,-28.56936878048231,2
5.539999999999926,,,,,16.512882,0.6168258,-0.54681873,0.4234616,-21.006329,-6.851612,2.234339,0.87422,-0.28611693,0.3051164,-0.24654266,7.373163,-9.002525,-0.4581288,0.6168258,-0.54681873,0.4234616,1,-0.12079939842224122,-0.04563797314961751,0.4396003007888794,0.47718101342519126,0.9705641795001472,-0.23369058049442992,-0.058257068750344684,-0.6482900435981722,-37.1442833985274,2
5.549999999999926,,,,,16.512882,0.6168258,-0.54681873,0.4234616,-20.932041,-6.9413486,2.229805,0.8764493,-0.28344572,0.30256835,-0.24484777,7.4842196,-8.944832,-0.4485008,0.6168258,-0.54681873,0.4234616,1,-0.12079939842224122,-0.04563797314961751,0.4396003007888794,0.47718101342519126,0.9705641795001472,-0.23369058049442992,-0.058257068750344684,-0.6482900435981722,-37.1442833985274,2
5.559999999999926,,,,,16.512882,0.6168258,-0.54681873,0.4234616,-20.856647,-7.0305095,2.2253726,0.8786597,-0.2807684,0.3000138,-0.24314761,7.5943847,-8.887326,-0.43786144,0.6168258,-0.54681873,0.4234616,1,-0.12079939842224122,-0.04563797314961751,0.4396003007888794,0.47718101342519126,0.9705641795001472,-0.23369058049442992,-0.058257068750344684,-0.6482900435981722,-37.1442833985274,2
5.569999999999926,,,,,16.599861,0.4916365,-0.696155,0.42382503,-20.780157,-7.119096,2.2210512,0.88085127,-0.27808505,0.29745284,-0.24144226,7.703653,-8.830019,-0.42621732,0.6168258,-0.54681873,0.4234616,1,-0.12079939842224122,-0.04563797314961751,0.4396003007888794,0.47718101342519126,0.9705641795001472,-0.23369058049442992,-0.058257068750344684,-0.6482900435981722,-37.1442833985274,2
5.5799999999999255,,,,,16.599861,0.4916365,-0.696155,0.42382503,-20.702576,-7.2071085,2.2168546,0.88307184,-0.27612668,0.29437926,-0.23933615,7.8125443,-8.772507,-0.41300493,0.4916365,-0.696155,0.42382503,1,-0.12079939842224122,-0.04563797314961751,0.4396003007888794,0.47718101342519126,0.9705641795001472,-0.23369058049442992,-0.058257068750344684,-0.6482900435981722,-37.1442833985274,2
5.589999999999925,,,,,16.599861,0.4916365,-0.696155,0.42382503,-20.623909,-7.2945457,2.2127945,0.88527256,-0.27416205,0.29129902,-0.23722461,7.920401,-8.714915,-0.39883068,0.4916365,-0.696155,0.42382503,1,-0.12079939842224122,-0.04563797314961751,0.4396003007888794,0.47718101342519126,0.9705641795001472,-0.23369058049442992,-0.058257068750344684,-0.6482900435981722,-37.1442833985274,2
5.599999999999925,,,,,16.599861,0.4916365,-0.696155,0.42382503,-20.54417,-7.3814063,2.208881,0.8874531,-0.27219123,0.28821212,-0.23510769,8.027217,-8.657254,-0.383701,0.4916365,-0.696155,0.42382503,1,-0.12079939842224122,-0.04563797314961751,0.4396003007888794,0.47718101342519126,0.9705641795001472,-0.23369058049442992,-0.058257068750344684,-0.6482900435981722,-37.1442833985274,2
5.609999999999925,,,,,16.410494,0.09950693,-0.9326778,0.47693673,-20.463367,-7.46769,2.2051237,0.8896135,-0.2702142,0.2851187,-0.23298545,8.132985,-8.599534,-0.36762235,0.4916365,-0.696155,0.42382503,1,-0.12790306091308593,-0.1306806182861328,0.43604846954345705,0.43465969085693357,0.9887592527063908,-0.14422196967536915,0.0394355632704364,-0.6684335883194209,-38.29842349548798,2
5.619999999999925,,,,,16.410494,0.09950693,-0.9326778,0.47693673,-20.38152,-7.553399,2.201525,0.8916208,-0.27017444,0.28149462,-0.22974253,8.236462,-8.54216,-0.35200712,0.09950693,-0.9326778,0.47693673,1,-0.12790306091308593,-0.1306806182861328,0.43604846954345705,0.43465969085693357,0.9887592527063908,-0.14422196967536915,0.0394355632704364,-0.6684335883194209,-38.29842349548798,2
5.629999999999924,,,,,16.410494,0.09950693,-0.9326778,0.47693673,-20.298641,-7.638531,2.1980858,0.8936035,-0.27012718,0.27786273,-0.22649325,8.33877,-8.484047,-0.33571306,0.09950693,-0.9326778,0.47693673,1,-0.12790306091308593,-0.1306806182861328,0.43604846954345705,0.43465969085693357,0.9887592527063908,-0.14422196967536915,0.0394355632704364,-0.6684335883194209,-38.29842349548798,2
5.639999999999924,,,,,16.410494,0.09950693,-0.9326778,0.47693673,-20.214746,-7.723078,2.194813,0.8955614,-0.27007243,0.27422315,-0.22323771,8.439901,-8.425205,-0.31874612,0.09950693,-0.9326778,0.47693673,1,-0.12790306091308593,-0.1306806182861328,0.43604846954345705,0.43465969085693357,0.9887592527063908,-0.14422196967536915,0.0394355632704364,-0.6684335883194209,-38.29842349548798,2
5.649999999999924,,,,,16.042185,-0.29225633,-1.0021808,0.52334976,-20.129847,-7.8070326,2.191713,0.8974945,-0.27001023,0.27057597,-0.21997598,8.539845,-8.365646,-0.3011122,0.09950693,-0.9326778,0.47693673,1,-0.12790306091308593,-0.1306806182861328,0.43604846954345705,0.43465969085693357,0.9887592527063908,-0.14422196967536915,0.0394355632704364,-0.6684335883194209,-38.29842349548798,2
5.659999999999924,,,,,16.042185,-0.29225633,-1.0021808,0.52334976,-20.043964,-7.8903947,2.1887794,0.8990161,-0.27171135,0.26710212,-0.21587534,8.636402,-8.306534,-0.28555667,-0.29225633,-1.0021808,0.52334976,1,-0.12790306091308593,-0.1306806182861328,0.43604846954345705,0.43465969085693357,0.9887592527063908,-0.14422196967536915,0.0394355632704364,-0.6684335883194209,-38.29842349548798,2
5.6699999999999235,,,,,16.042185,-0.29225633,-1.0021808,0.52334976,-19.957123,-7.9731593,2.1860027,0.90050703,-0.27340323,0.26361912,-0.21176736,8.731846,-8.246207,-0.26969996,-0.29225633,-1.0021808,0.52334976,1,-0.2517940902709961,-0.10265370686848958,0.37410295486450196,0.4486731465657552,0.9996247484305795,-0.011934160187434567,-0.02465640171885141,-0.744863949437011,-42.67756061418668,2
5.679999999999923,,,,,16.042185,-0.29225633,-1.0021808,0.52334976,-19.869331,-8.055314,2.1833863,0.9019673,-0.27508578,0.2601272,-0.20765214,8.826163,-8.184677,-0.25354847,-0.29225633,-1.0021808,0.52334976,1,-0.2517940902709961,-0.10265370686848958,0.37410295486450196,0.4486731465657552,0.9996247484305795,-0.011934160187434567,-0.02465640171885141,-0.744863949437011,-42.67756061418668,2
5.689999999999923,,,,,16.05708,-0.5723007,-1.019183,0.56238747,-19.780602,-8.1368475,2.180933,0.9033968,-0.27675894,0.25662637,-0.20352986,8.919338,-8.121957,-0.23710877,-0.29225633,-1.0021808,0.52334976,1,-0.2517940902709961,-0.10265370686848958,0.37410295486450196,0.4486731465657552,0.9996247484305795,-0.011934160187434567,-0.02465640171885141,-0.744863949437011,-42.67756061418668,2
5.699999999999923,,,,,16.05708,-0.5723007,-1.019183,0.56238747,-19.690948,-8.217748,2.1786454,0.90446585,-0.27965373,0.25337797,-0.19884065,9.011473,-8.057863,-0.22037925,-0.5723007,-1.019183,0.56238747,1,-0.2517940902709961,-0.10265370686848958,0.37410295486450196,0.4486731465657552,0.9996247484305795,-0.011934160187434567,-0.02465640171885141,-0.744863949437011,-42.67756061418668,2
5.709999999999923,,,,,16.05708,-0.5723007,-1.019183,0.56238747,-19.600378,-8.297999,2.1765254,0.90549695,-0.28253675,0.25011894,-0.19414307,9.102513,-7.992245,-0.20363808,-0.5723007,-1.019183,0.56238747,1,-0.2517940902709961,-0.10265370686848958,0.37410295486450196,0.4486731465657552,0.9996247484305795,-0.011934160187434567,-0.02465640171885141,-0.744863949437011,-42.67756061418668,2
5.7199999999999225,,,,,16.05708,-0.5723007,-1.019183,0.56238747,-19.508902,-8.377587,2.1745727,0.90648997,-0.28540784,0.24684939,-0.18943731,9.192441,-7.9251156,-0.18689357,-0.5723007,-1.019183,0.56238747,1,-0.2517940902709961,-0.10265370686848958,0.37410295486450196,0.4486731465657552,0.9996247484305795,-0.011934160187434567,-0.02465640171885141,-0.744863949437011,-42.67756061418668,2
5.729999999999922,,,,,16.218977,-0.66102135,-1.0704026,0.6673099,-19.41653,-8.456496,2.1727874,0.90744483,-0.288267,0.24356945,-0.1847236,9.281237,-7.856488,-0.17015402,-0.5723007,-1.019183,0.56238747,1,-0.2517940902709961,-0.10265370686848958,0.37410295486450196,0.4486731465657552,0.9996247484305795,-0.011934160187434567,-0.02465640171885141,-0.744863949437011,-42.67756061418668,2
5.739999999999922,,,,,16.218977,-0.66102135,-1.0704026,0.6673099,-19.323273,-8.534708,2.1711752,0.908389,-0.2914348,0.240279,-0.17934339,9.369753,-7.785614,-0.1522927,-0.66102135,-1.0704026,0.6673099,1,-0.22115779876708985,-0.12788622538248698,0.3894211006164551,0.4360568873087565,0.9973815547458378,0.06436283441642748,0.032976655358882834,-0.7577609986290667,-43.41650710106408,2
5.749999999999922,,,,,16.218977,-0.66102135,-1.0704026,0.6673099,-19.229137,-8.612203,2.1697412,0.90928704,-0.29458782,0.23697636,-0.17395408,9.4570465,-7.7131076,-0.13451394,-0.66102135,-1.0704026,0.6673099,1,-0.22115779876708985,-0.12788622538248698,0.3894211006164551,0.4360568873087565,0.9973815547458378,0.06436283441642748,0.032976655358882834,-0.7577609986290667,-43.41650710106408,2
5.759999999999922,,,,,16.218977,-0.66102135,-1.0704026,0.6673099,-19.134136,-8.688964,2.1684847,0.910139,-0.29772595,0.2336617,-0.16855596,9.5430975,-7.6389866,-0.11682658,-0.66102135,-1.0704026,0.6673099,1,-0.22115779876708985,-0.12788622538248698,0.3894211006164551,0.4360568873087565,0.9973815547458378,0.06436283441642748,0.032976655358882834,-0.7577609986290667,-43.41650710106408,2
5.769999999999921,,,,,16.540483,-0.6627828,-1.1475296,0.79681575,-19.03828,-8.764977,2.1674042,0.9109449,-0.300849,0.2303352,-0.16314931,9.627882,-7.563268,-0.09923941,-0.66102135,-1.0704026,0.6673099,1,-0.22115779876708985,-0.12788622538248698,0.3894211006164551,0.4360568873087565,0.9973815547458378,0.06436283441642748,0.032976655358882834,-0.7577609986290667,-43.41650710106408,2
5.779999999999921,,,,,16.540483,-0.6627828,-1.1475296,0.79681575,-18.941578,-8.840218,2.1665106,0.91189224,-0.30387715,0.22684094,-0.15702574,9.712995,-7.484416,-0.079455405,-0.6627828,-1.1475296,0.79681575,1,-0.22115779876708985,-0.12788622538248698,0.3894211006164551,0.4360568873087565,0.9973815547458378,0.06436283441642748,0.032976655358882834,-0.7577609986290667,-43.41650710106408,2
5.789999999999921,,,,,16.540483,-0.6627828,-1.1475296,0.79681575,-18.844028,-8.914661,2.1658146,0.91278505,-0.30688715,0.22333312,-0.15089278,9.796663,-7.4039164,-0.059751894,-0.6627828,-1.1475296,0.79681575,1,-0.22115779876708985,-0.12788622538248698,0.3894211006164551,0.4360568873087565,0.9973815547458378,0.06436283441642748,0.032976655358882834,-0.7577609986290667,-43.41650710106408,2
5.799999999999921,,,,,16.540483,-0.6627828,-1.1475296,0.79681575,-18.745651,-8.988292,2.1653152,0.91362333,-0.30987883,0.21981195,-0.1447508,9.878864,-7.3217916,-0.040137313,-0.6627828,-1.1475296,0.79681575,1,-0.22115779876708985,-0.12788622538248698,0.3894211006164551,0.4360568873087565,0.9973815547458378,0.06436283441642748,0.032976655358882834,-0.7577609986290667,-43.41650710106408,2
5.809999999999921,,,,,16.718767,-0.60037404,-1.1804392,0.8698895,-18.646458,-9.061092,2.1650114,0.914407,-0.31285197,0.21627763,-0.13860019,9.959575,-7.238064,-0.020620096,-0.6627828,-1.1475296,0.79681575,1,-0.2526645278930664,-0.16759947458902993,0.3736677360534668,0.41620026270548505,0.9760899144883228,0.2103529133815883,0.05477344854997371,-0.8407099531339552,-48.169132109216875,2
5.81999999999992,,,,,16.718767,-0.60037404,-1.1804392,0.8698895,-18.546461,-9.133043,2.164909,0.9153185,-0.3154644,0.21265066,-0.13212298,10.039601,-7.151858,8.92058e-05,-0.60037404,-1.1804392,0.8698895,1,-0.2526645278930664,-0.16759947458902993,0.3736677360534668,0.41620026270548505,0.9760899144883228,0.2103529133815883,0.05477344854997371,-0.8407099531339552,-48.169132109216875,2
5.82999999999992,,,,,16.718767,-0.60037404,-1.1804392,0.8698895,-18.445671,-9.204124,2.165013,0.91617256,-0.31805706,0.20901035,-0.12563749,10.118013,-7.064137,0.020767108,-0.60037404,-1.1804392,0.8698895,1,-0.2526645278930664,-0.16759947458902993,0.3736677360534668,0.41620026270548505,0.9760899144883228,0.2103529133815883,0.05477344854997371,-0.8407099531339552,-48.169132109216875,2
5.83999999999992,,,,,16.718767,-0.60037404,-1.1804392,0.8698895,-18.344105,-9.274321,2.165324,0.91696906,-0.32062972,0.20535693,-0.11914411,10.194787,-6.974928,0.04140633,-0.60037404,-1.1804392,0.8698895,1,-0.2526645278930664,-0.16759947458902993,0.3736677360534668,0.41620026270548505,0.9760899144883228,0.2103529133815883,0.05477344854997371,-0.8407099531339552,-48.169132109216875,2
5.84999999999992,,,,,16.822245,-0.63327426,-1.0971112,0.9140947,-18.24178,-9.343618,2.1658409,0.91770804,-0.32318228,0.2016906,-0.11264326,10.269899,-6.8842554,0.061999604,-0.60037404,-1.1804392,0.8698895,1,-0.2526645278930664,-0.16759947458902993,0.3736677360534668,0.41620026270548505,0.9760899144883228,0.2103529133815883,0.05477344854997371,-0.8407099531339552,-48.169132109216875,2
5.8599999999999195,,,,,16.822245,-0.63327426,-1.0971112,0.9140947,-18.138708,-9.411998,2.1665673,0.9182779,-0.3257743,0.1984841,-0.10603407,10.343831,-6.7915773,0.08324527,-0.63327426,-1.0971112,0.9140947,1,-0.2526645278930664,-0.16759947458902993,0.3736677360534668,0.41620026270548505,0.9760899144883228,0.2103529133815883,0.05477344854997371,-0.8407099531339552,-48.169132109216875,2
5.869999999999919,,,,,16.822245,-0.63327426,-1.0971112,0.9140947,-18.034906,-9.4794445,2.1675055,0.91879183,-0.32834646,0.1952655,-0.09941842,10.416177,-6.697483,0.10435467,-0.63327426,-1.0971112,0.9140947,1,-0.2786178207397461,-0.30666669209798175,0.36069108963012697,0.34666665395100915,0.9091647334185466,0.3913789663455621,0.14227435542030212,-0.9779351966596695,-56.03155940589523,2
5.879999999999919,,,,,16.822245,-0.63327426,-1.0971112,0.9140947,-17.93039,-9.545943,2.1686542,0.91924965,-0.33089858,0.19203499,-0.09279669,10.486915,-6.601997,0.12532234,-0.63327426,-1.0971112,0.9140947,1,-0.2786178207397461,-0.30666669209798175,0.36069108963012697,0.34666665395100915,0.9091647334185466,0.3913789663455621,0.14227435542030212,-0.9779351966596695,-56.03155940589523,2
5.889999999999919,,,,,16.628016,-0.6518277,-1.0590622,0.94790494,-17.825172,-9.61148,2.1700115,0.9196514,-0.3334305,0.18879277,-0.0861693,10.556023,-6.5051446,0.14614289,-0.63327426,-1.0971112,0.9140947,1,-0.2786178207397461,-0.30666669209798175,0.36069108963012697,0.34666665395100915,0.9091647334185466,0.3913789663455621,0.14227435542030212,-0.9779351966596695,-56.03155940589523,2
5.899999999999919,,,,,16.628016,-0.6518277,-1.0590622,0.94790494,-17.719276,-9.676046,2.1715693,0.91994476,-0.335979,0.18577832,-0.07942711,10.6227255,-6.4080834,0.16542539,-0.6518277,-1.0590622,0.94790494,1,-0.2786178207397461,-0.30666669209798175,0.36069108963012697,0.34666665395100915,0.9091647334185466,0.3913789663455621,0.14227435542030212,-0.9779351966596695,-56.03155940589523,2
5.909999999999918,,,,,16.628016,-0.6518277,-1.0590622,0.94790494,-17.612722,-9.739636,2.1733193,0.9201819,-0.33850703,0.18275253,-0.072680056,10.687837,-6.3097167,0.1845144,-0.6518277,-1.0590622,0.94790494,1,-0.2786178207397461,-0.30666669209798175,0.36069108963012697,0.34666665395100915,0.9091647334185466,0.3913789663455621,0.14227435542030212,-0.9779351966596695,-56.03155940589523,2
5.919999999999918,,,,,16.628016,-0.6518277,-1.0590622,0.94790494,-17.505526,-9.802237,2.175259,0.9203627,-0.34101436,0.17971557,-0.06592856,10.751336,-6.210069,0.20340557,-0.6518277,-1.0590622,0.94790494,1,-0.2786178207397461,-0.30666669209798175,0.36069108963012697,0.34666665395100915,0.9091647334185466,0.3913789663455621,0.14227435542030212,-0.9779351966596695,-56.03155940589523,2
5.929999999999918,,,,,16.236168,-0.70908976,-1.1272289,0.9915316,-17.397701,-9.863832,2.1773868,0.9204873,-0.34350082,0.17666762,-0.059173044,10.813205,-6.1091666,0.22209463,-0.6518277,-1.0590622,0.94790494,1,-0.2786178207397461,-0.30666669209798175,0.36069108963012697,0.34666665395100915,0.9091647334185466,0.3913789663455621,0.14227435542030212,-0.9779351966596695,-56.03155940589523,2
5.939999999999918,,,,,16.236168,-0.70908976,-1.1272289,0.9915316,-17.289274,-9.924426,2.1796865,0.92052674,-0.34621015,0.17338632,-0.05204524,10.871964,-6.0094056,0.2378189,-0.70908976,-1.1272289,0.9915316,1,-0.2959016036987305,-0.22669815063476562,0.35204919815063473,0.3866509246826172,0.8841148682362782,0.4611489181783154,0.0753828563170589,-0.9857200610744129,-56.477599280941604,2
5.949999999999918,,,,,16.236168,-0.70908976,-1.1272289,0.9915316,-17.180267,-9.984015,2.1821423,0.9205028,-0.3488956,0.17009307,-0.044913847,10.928989,-5.908377,0.25330746,-0.70908976,-1.1272289,0.9915316,1,-0.2959016036987305,-0.22669815063476562,0.35204919815063473,0.3866509246826172,0.8841148682362782,0.4611489181783154,0.0753828563170589,-0.9857200610744129,-56.477599280941604,2
5.959999999999917,,,,,16.236168,-0.70908976,-1.1272289,0.9915316,-17.070702,-10.042588,2.1847515,0.9204154,-0.35155702,0.1667881,-0.03777936,10.98426,-5.80611,0.26855534,-0.70908976,-1.1272289,0.9915316,1,-0.2959016036987305,-0.22669815063476562,0.35204919815063473,0.3866509246826172,0.8841148682362782,0.4611489181783154,0.0753828563170589,-0.9857200610744129,-56.477599280941604,2
5.969999999999917,,,,,15.884771,-0.7859588,-0.9860614,1.0078906,-16.96059,-10.100133,2.1875124,0.9202646,-0.35419422,0.16347165,-0.03064227,11.037753,-5.7026334,0.28355756,-0.70908976,-1.1272289,0.9915316,1,-0.2959016036987305,-0.22669815063476562,0.35204919815063473,0.3866509246826172,0.8841148682362782,0.4611489181783154,0.0753828563170589,-0.9857200610744129,-56.477599280941604,2
5.979999999999917,,,,,15.884771,-0.7859588,-0.9860614,1.0078906,-16.849957,-10.156649,2.1904097,0.91980314,-0.35712636,0.16083454,-0.023615021,11.08841,-5.6002226,0.29581317,-0.7859588,-0.9860614,1.0078906,1,-0.2959016036987305,-0.22669815063476562,0.35204919815063473,0.3866509246826172,0.8841148682362782,0.4611489181783154,0.0753828563170589,-0.9857200610744129,-56.477599280941604,2
5.989999999999917,,,,,15.884771,-0.7859588,-0.9860614,1.0078906,-16.738827,-10.212133,2.1934276,0.9192817,-0.36003524,0.15818693,-0.016586233,11.137497,-5.4966326,0.30767655,-0.7859588,-0.9860614,1.0078906,1,-0.2959016036987305,-0.22669815063476562,0.35204919815063473,0.3866509246826172,0.8841148682362782,0.4611489181783154,0.0753828563170589,-0.9857200610744129,-56.477599280941604,2
5.9999999999999165,,,,,15.884771,-0.7859588,-0.9860614,1.0078906,-16.627213,-10.266577,2.196562,0.9187004,-0.36292067,0.15552902,-0.009556366,11.184995,-5.3918886,0.31914422,-0.7859588,-0.9860614,1.0078906,1,-0.2959016036987305,-0.22669815063476562,0.35204919815063473,0.3866509246826172,0.8841148682362782,0.4611489181783154,0.0753828563170589,-0.9857200610744129,-56.477599280941604,2
6.009999999999916,,,,,15.85677,-0.92565364,-0.8514119,0.9998412,-16.515133,-10.319967,2.1998088,0.91805923,-0.36578247,0.152861,-0.0025258758,11.2308855,-5.2860184,0.33021283,-0.7859588,-0.9860614,1.0078906,1,-0.1841537857055664,-0.1763094711303711,0.4079231071472168,0.41184526443481445,0.8780782291897022,0.4671877356948754,0.10350962776173048,-0.9288710529403392,-53.22039104535429,2
6.019999999999916,,,,,15.85677,-0.92565364,-0.8514119,0.9998412,-16.402601,-10.372293,2.2031631,0.917,-0.3692662,0.15078816,0.0043283384,11.275141,-5.1791844,0.3406091,-0.92565364,-0.8514119,0.9998412,1,-0.1841537857055664,-0.1763094711303711,0.4079231071472168,0.41184526443481445,0.8780782291897022,0.4671877356948754,0.10350962776173048,-0.9288710529403392,-53.22039104535429,2
6.029999999999916,,,,,15.85677,-0.92565364,-0.8514119,0.9998412,-16.289633,-10.423546,2.2066188,0.9158816,-0.37272614,0.1487056,0.011182274,11.317933,-5.071141,0.35039142,-0.92565364,-0.8514119,0.9998412,1,-0.1841537857055664,-0.1763094711303711,0.4079231071472168,0.41184526443481445,0.8780782291897022,0.4671877356948754,0.10350962776173048,-0.9288710529403392,-53.22039104535429,2
6.039999999999916,,,,,15.85677,-0.92565364,-0.8514119,0.9998412,-16.176245,-10.473712,2.210169,0.914704,-0.37616202,0.14661343,0.018035486,11.359245,-4.961911,0.359556,-0.92565364,-0.8514119,0.9998412,1,-0.1841537857055664,-0.1763094711303711,0.4079231071472168,0.41184526443481445,0.8780782291897022,0.4671877356948754,0.10350962776173048,-0.9288710529403392,-53.22039104535429,2
6.0499999999999154,,,,,16.044497,-1.1758039,-0.78836197,0.9765371,-16.06245,-10.522779,2.213808,0.9134676,-0.3795736,0.14451182,0.024887536,11.39906,-4.851523,0.36809915,-0.92565364,-0.8514119,0.9998412,1,-0.1841537857055664,-0.1763094711303711,0.4079231071472168,0.41184526443481445,0.8780782291897022,0.4671877356948754,0.10350962776173048,-0.9288710529403392,-53.22039104535429,2
6.059999999999915,,,,,16.044497,-1.1758039,-0.78836197,0.9765371,-15.948266,-10.57073,2.2175348,0.9116504,-0.38412613,0.14261281,0.0316925,11.437822,-4.7385774,0.37715802,-1.1758039,-0.78836197,0.9765371,1,-0.1841537857055664,-0.1763094711303711,0.4079231071472168,0.41184526443481445,0.8780782291897022,0.4671877356948754,0.10350962776173048,-0.9288710529403392,-53.22039104535429,2
6.069999999999915,,,,,16.044497,-1.1758039,-0.78836197,0.9765371,-15.8337,-10.617546,2.2213478,0.9097659,-0.38865024,0.14070326,0.038495127,11.475061,-4.6242366,0.38527334,-1.1758039,-0.78836197,0.9765371,1,-0.2164469528198242,-0.21631001790364585,0.3917765235900879,0.39184499104817705,0.8053215706656164,0.5872327284227903,0.08133197704341086,-1.01312330609638,-58.047689565663205,2
6.079999999999915,,,,,16.044497,-1.1758039,-0.78836197,0.9765371,-15.71877,-10.663211,2.2252371,0.9078141,-0.39314562,0.1387833,0.0452949,11.510754,-4.508531,0.3924376,-1.1758039,-0.78836197,0.9765371,1,-0.2164469528198242,-0.21631001790364585,0.3917765235900879,0.39184499104817705,0.8053215706656164,0.5872327284227903,0.08133197704341086,-1.01312330609638,-58.047689565663205,2
6.089999999999915,,,,,16.190714,-1.1950779,-0.5934979,0.91884565,-15.603491,-10.707712,2.2291934,0.9057951,-0.39761192,0.13685308,0.052091327,11.544876,-4.391492,0.39864367,-1.1758039,-0.78836197,0.9765371,1,-0.2164469528198242,-0.21631001790364585,0.3917765235900879,0.39184499104817705,0.8053215706656164,0.5872327284227903,0.08133197704341086,-1.01312330609638,-58.047689565663205,2
6.099999999999914,,,,,16.190714,-1.1950779,-0.5934979,0.91884565,-15.487876,-10.751031,2.2332115,0.9035563,-0.402228,0.13567613,0.05824864,11.577815,-4.272066,0.40478384,-1.1950779,-0.5934979,0.91884565,1,-0.2164469528198242,-0.21631001790364585,0.3917765235900879,0.39184499104817705,0.8053215706656164,0.5872327284227903,0.08133197704341086,-1.01312330609638,-58.047689565663205,2
6.109999999999914,,,,,16.190714,-1.1950779,-0.5934979,0.91884565,-15.371939,-10.79315,2.2372856,0.9012582,-0.40681764,0.13449027,0.064402126,11.609423,-4.1513367,0.40982968,-1.1950779,-0.5934979,0.91884565,1,-0.2164469528198242,-0.21631001790364585,0.3917765235900879,0.39184499104817705,0.8053215706656164,0.5872327284227903,0.08133197704341086,-1.01312330609638,-58.047689565663205,2
6.119999999999914,,,,,16.190714,-1.1950779,-0.5934979,0.91884565,-15.2556925,-10.834055,2.2414043,0.8989009,-0.41138062,0.13329558,0.07055139,11.639678,-4.029332,0.41377434,-1.1950779,-0.5934979,0.91884565,1,-0.2164469528198242,-0.21631001790364585,0.3917765235900879,0.39184499104817705,0.8053215706656164,0.5872327284227903,0.08133197704341086,-1.01312330609638,-58.047689565663205,2
6.129999999999914,,,,,16.33165,-1.259978,-0.596709,0.9174144,-15.139151,-10.873733,2.245557,0.89648473,-0.4159166,0.13209215,0.07669602,11.668561,-3.9060802,0.41661122,-1.1950779,-0.5934979,0.91884565,1,-0.2164469528198242,-0.21631001790364585,0.3917765235900879,0.39184499104817705,0.8053215706656164,0.5872327284227903,0.08133197704341086,-1.01312330609638,-58.047689565663205,2
6.1399999999999135,,,,,16.33165,-1.259978,-0.596709,0.9174144,-15.0223255,-10.912167,2.249737,0.89387566,-0.42071506,0.13083753,0.08287859,11.69628,-3.7804997,0.4191746,-1.259978,-0.596709,0.9174144,1,-0.14801712036132814,-0.15501694997151694,0.42599143981933596,0.42249152501424153,0.7984509797021929,0.6007583239587908,0.039566010752074623,-0.9576616767019099,-54.86997227644136,2
6.149999999999913,,,,,16.33165,-1.259978,-0.596709,0.9174144,-14.90523,-10.949339,2.2539365,0.8912043,-0.42548424,0.12957379,0.08905539,11.722542,-3.6536512,0.42053178,-1.259978,-0.596709,0.9174144,1,-0.14801712036132814,-0.15501694997151694,0.42599143981933596,0.42249152501424153,0.7984509797021929,0.6007583239587908,0.039566010752074623,-0.9576616767019099,-54.86997227644136,2
6.159999999999913,,,,,16.33165,-1.259978,-0.596709,0.9174144,-14.787879,-10.985235,2.2581437,0.88847095,-0.4302238,0.12830102,0.09522598,11.747327,-3.525566,0.42067567,-1.259978,-0.596709,0.9174144,1,-0.14801712036132814,-0.15501694997151694,0.42599143981933596,0.42249152501424153,0.7984509797021929,0.6007583239587908,0.039566010752074623,-0.9576616767019099,-54.86997227644136,2
6.169999999999913,,,,,16.576832,-1.1402211,-0.52204716,0.9107908,-14.670287,-11.019846,2.2623458,0.88567567,-0.4349334,0.12701933,0.10138995,11.770614,-3.3962758,0.41959956,-1.259978,-0.596709,0.9174144,1,-0.14801712036132814,-0.15501694997151694,0.42599143981933596,0.42249152501424153,0.7984509797021929,0.6007583239587908,0.039566010752074623,-0.9576616767019099,-54.86997227644136,2
6.179999999999913,,,,,16.576832,-1.1402211,-0.52204716,0.9107908,-14.552469,-11.053148,2.2665386,0.88303936,-0.43912652,0.12610634,0.107279606,11.792776,-3.263894,0.41877645,-1.1402211,-0.52204716,0.9107908,1,-0.14801712036132814,-0.15501694997151694,0.42599143981933596,0.42249152501424153,0.7984509797021929,0.6007583239587908,0.039566010752074623,-0.9576616767019099,-54.86997227644136,2
6.1899999999999125,,,,,16.576832,-1.1402211,-0.52204716,0.9107908,-14.434437,-11.085121,2.2707176,0.88035,-0.4432933,0.12518577,0.113162816,11.813556,-3.1304595,0.41681343,-1.1402211,-0.52204716,0.9107908,1,-0.14801712036132814,-0.15501694997151694,0.42599143981933596,0.42249152501424153,0.7984509797021929,0.6007583239587908,0.039566010752074623,-0.9576616767019099,-54.86997227644136,2
6.199999999999912,,,,,16.576832,-1.1402211,-0.52204716,0.9107908,-14.316203,-11.115753,2.2748713,0.87760776,-0.44743344,0.124257684,0.11903923,11.832933,-2.9959993,0.41370672,-1.1402211,-0.52204716,0.9107908,1,-0.14801712036132814,-0.15501694997151694,0.42599143981933596,0.42249152501424153,0.7984509797021929,0.6007583239587908,0.039566010752074623,-0.9576616767019099,-54.86997227644136,2
6.209999999999912,,,,,16.964334,-1.1392705,-0.4682799,0.9035512,-14.197783,-11.145037,2.2789881,0.87481284,-0.4515467,0.12332214,0.1249085,11.850894,-2.8605404,0.40945292,-1.1402211,-0.52204716,0.9107908,1,-0.0794196081161499,-0.14362929026285806,0.46029019594192505,0.42818535486857096,0.7730159991560068,0.6337171091759725,0.029135726977185843,-0.9235441082571759,-52.91517959730939,2
6.219999999999912,,,,,16.964334,-1.1392705,-0.4682799,0.9035512,-14.079189,-11.172945,2.2830675,0.87193966,-0.4556671,0.122598715,0.13061672,11.867841,-2.7209177,0.40620485,-1.1392705,-0.4682799,0.9035512,1,-0.0794196081161499,-0.14362929026285806,0.46029019594192505,0.42818535486857096,0.7730159991560068,0.6337171091759725,0.029135726977185843,-0.9235441082571759,-52.91517959730939,2
6.229999999999912,,,,,16.964334,-1.1392705,-0.4682799,0.9035512,-13.960431,-11.199452,2.2871082,0.8690156,-0.459761,0.12186814,0.13631733,11.883389,-2.5803194,0.4017477,-1.1392705,-0.4682799,0.9035512,1,-0.0794196081161499,-0.14362929026285806,0.46029019594192505,0.42818535486857096,0.7730159991560068,0.6337171091759725,0.029135726977185843,-0.9235441082571759,-52.91517959730939,2
6.239999999999911,,,,,16.964334,-1.1392705,-0.4682799,0.9035512,-13.841526,-11.224549,2.2910984,0.8660407,-0.463828,0.12113046,0.14200999,11.897525,-2.4387734,0.39607862,-1.1392705,-0.4682799,0.9035512,1,-0.0794196081161499,-0.14362929026285806,0.46029019594192505,0.42818535486857096,0.7730159991560068,0.6337171091759725,0.029135726977185843,-0.9235441082571759,-52.91517959730939,2
6.249999999999911,,,,,17.177256,-1.0977514,-0.4283681,0.8703811,-13.722486,-11.248225,2.2950258,0.86301535,-0.46786794,0.120385714,0.14769436,11.910231,-2.2963066,0.389195,-1.1392705,-0.4682799,0.9035512,1,-0.0794196081161499,-0.14362929026285806,0.46029019594192505,0.42818535486857096,0.7730159991560068,0.6337171091759725,0.029135726977185843,-0.9235441082571759,-52.91517959730939,2
6.259999999999911,,,,,17.177256,-1.0977514,-0.4283681,0.8703811,-13.603325,-11.270463,2.298884,0.8600393,-0.47175196,0.11975951,0.15310897,11.921666,-2.151158,0.38223585,-1.0977514,-0.4283681,0.8703811,1,-0.0794196081161499,-0.14362929026285806,0.46029019594192505,0.42818535486857096,0.7730159991560068,0.6337171091759725,0.029135726977185843,-0.9235441082571759,-52.91517959730939,2
6.269999999999911,,,,,17.177256,-1.0977514,-0.4283681,0.8703811,-13.484057,-11.2912445,2.3026664,0.85701716,-0.47561067,0.11912687,0.15851538,11.931714,-2.005159,0.3740739,-1.0977514,-0.4283681,0.8703811,1,-0.0713588047027588,-0.12372414906819662,0.4643205976486206,0.4381379254659017,0.7383833467651513,0.6739013161531077,-0.02543716389465977,-0.9062690212044245,-51.925390018465635,2
6.2799999999999105,,,,,17.177256,-1.0977514,-0.4283681,0.8703811,-13.3646965,-11.310562,2.3063612,0.85394895,-0.4794439,0.11848785,0.16391328,11.94036,-1.8583353,0.36470735,-1.0977514,-0.4283681,0.8703811,1,-0.0713588047027588,-0.12372414906819662,0.4643205976486206,0.4381379254659017,0.7383833467651513,0.6739013161531077,-0.02543716389465977,-0.9062690212044245,-51.925390018465635,2
6.28999999999991,,,,,17.462143,-1.0840852,-0.48408955,0.86264133,-13.245256,-11.328408,2.3099563,0.85083497,-0.48325142,0.117842466,0.16930239,11.94759,-1.7107134,0.35413474,-1.0977514,-0.4283681,0.8703811,1,-0.0713588047027588,-0.12372414906819662,0.4643205976486206,0.4381379254659017,0.7383833467651513,0.6739013161531077,-0.02543716389465977,-0.9062690212044245,-51.925390018465635,2
6.29999999999991,,,,,17.462143,-1.0840852,-0.48408955,0.86264133,-13.12575,-11.344762,2.3134468,0.8477477,-0.4869322,0.11694656,0.17477605,11.953455,-1.5598689,0.34380683,-1.0840852,-0.48408955,0.86264133,1,-0.0713588047027588,-0.12372414906819662,0.4643205976486206,0.4381379254659017,0.7383833467651513,0.6739013161531077,-0.02543716389465977,-0.9062690212044245,-51.925390018465635,2
6.30999999999991,,,,,17.462143,-1.0840852,-0.48408955,0.86264133,-13.006192,-11.359604,2.3168283,0.84461474,-0.49058673,0.11604437,0.1802403,11.957776,-1.4082956,0.332305,-1.0840852,-0.48408955,0.86264133,1,-0.0713588047027588,-0.12372414906819662,0.4643205976486206,0.4381379254659017,0.7383833467651513,0.6739013161531077,-0.02543716389465977,-0.9062690212044245,-51.925390018465635,2
6.31999999999991,,,,,17.462143,-1.0840852,-0.48408955,0.86264133,-12.886599,-11.372926,2.3200889,0.84143627,-0.49421486,0.11513594,0.18569486,11.960539,-1.2560213,0.31962883,-1.0840852,-0.48408955,0.86264133,1,-0.0713588047027588,-0.12372414906819662,0.4643205976486206,0.4381379254659017,0.7383833467651513,0.6739013161531077,-0.02543716389465977,-0.9062690212044245,-51.925390018465635,2
6.3299999999999095,,,,,17.613321,-0.9577545,-0.600238,0.81745315,-12.766987,-11.384722,2.3232167,0.83821255,-0.4978164,0.114221305,0.1911394,11.961732,-1.1030736,0.30577815,-1.0840852,-0.48408955,0.86264133,1,-0.0713588047027588,-0.12372414906819662,0.4643205976486206,0.4381379254659017,0.7383833467651513,0.6739013161531077,-0.02543716389465977,-0.9062690212044245,-51.925390018465635,2
6.339999999999909,,,,,17.613321,-0.9577545,-0.600238,0.81745315,-12.64737,-11.394979,2.326204,0.8353698,-0.5007778,0.11282229,0.19660173,11.961307,-0.9482025,0.2915676,-0.9577545,-0.600238,0.81745315,1,-0.002712511420249939,-0.17093157450358074,0.498643744289875,0.4145342127482096,0.6837799979614578,0.7296799318965063,0.003480140132074497,-0.8969672690989001,-51.39243888074216,2
6.349999999999909,,,,,17.613321,-0.9577545,-0.600238,0.81745315,-12.527767,-11.403684,2.3290448,0.83248645,-0.5037148,0.11141778,0.2020545,11.959189,-0.7928455,0.27642778,-0.9577545,-0.600238,0.81745315,1,-0.002712511420249939,-0.17093157450358074,0.498643744289875,0.4145342127482096,0.6837799979614578,0.7296799318965063,0.003480140132074497,-0.8969672690989001,-51.39243888074216,2
6.359999999999909,,,,,17.613321,-0.9577545,-0.600238,0.81745315,-12.408193,-11.410832,2.3317294,0.8295626,-0.5066273,0.11000785,0.20749743,11.955372,-0.63702905,0.2603603,-0.9577545,-0.600238,0.81745315,1,-0.002712511420249939,-0.17093157450358074,0.498643744289875,0.4145342127482096,0.6837799979614578,0.7296799318965063,0.003480140132074497,-0.8969672690989001,-51.39243888074216,2
6.369999999999909,,,,,17.736654,-0.88224757,-0.711945,0.76736784,-12.288665,-11.416422,2.3342488,0.8265984,-0.5095152,0.10859257,0.21293026,11.949846,-0.48077965,0.24336687,-0.9577545,-0.600238,0.81745315,1,-0.002712511420249939,-0.17093157450358074,0.498643744289875,0.4145342127482096,0.6837799979614578,0.7296799318965063,0.003480140132074497,-0.8969672690989001,-51.39243888074216,2
6.379999999999908,,,,,17.736654,-0.88224757,-0.711945,0.76736784,-12.169202,-11.420442,2.3365967,0.82390106,-0.51197493,0.10666322,0.21838951,11.942512,-0.32306463,0.22608036,-0.88224757,-0.711945,0.76736784,1,-0.002712511420249939,-0.17093157450358074,0.498643744289875,0.4145342127482096,0.6837799979614578,0.7296799318965063,0.003480140132074497,-0.8969672690989001,-51.39243888074216,2
6.389999999999908,,,,,17.736654,-0.88224757,-0.711945,0.76736784,-12.049821,-11.422883,2.338768,0.8211651,-0.5144107,0.10472887,0.22383852,11.93333,-0.16506752,0.2080507,-0.88224757,-0.711945,0.76736784,1,-0.002712511420249939,-0.17093157450358074,0.498643744289875,0.4145342127482096,0.6837799979614578,0.7296799318965063,0.003480140132074497,-0.8969672690989001,-51.39243888074216,2
6.399999999999908,,,,,17.736654,-0.88224757,-0.711945,0.76736784,-11.930542,-11.423743,2.3407552,0.81839067,-0.51682234,0.10278962,0.22927706,11.922296,-0.0068153515,0.18928011,-0.88224757,-0.711945,0.76736784,1,-0.002712511420249939,-0.17093157450358074,0.498643744289875,0.4145342127482096,0.6837799979614578,0.7296799318965063,0.003480140132074497,-0.8969672690989001,-51.39243888074216,2
6.409999999999908,,,,,17.727266,-0.6438771,-0.7875828,0.7076473,-11.811382,-11.423018,2.3425512,0.81557786,-0.51920974,0.10084555,0.23470487,11.909406,0.15166485,0.16977099,-0.88224757,-0.711945,0.76736784,1,0.038223466873168944,-0.1250017801920573,0.5191117334365845,0.43749910990397134,0.6634566935737609,0.7476422796999753,-0.029261533746499924,-0.8322529311679633,-47.6845804433161,2
6.419999999999908,,,,,17.727266,-0.6438771,-0.7875828,0.7076473,-11.692361,-11.42071,2.3441486,0.81345737,-0.5205443,0.098713435,0.2399553,11.894696,0.31019297,0.14963193,-0.6438771,-0.7875828,0.7076473,1,0.038223466873168944,-0.1250017801920573,0.5191117334365845,0.43749910990397134,0.6634566935737609,0.7476422796999753,-0.029261533746499924,-0.8322529311679633,-47.6845804433161,2
6.429999999999907,,,,,17.727266,-0.6438771,-0.7875828,0.7076473,-11.573494,-11.416815,2.3455427,0.81130564,-0.52185893,0.09657753,0.24519654,11.878217,0.46871364,0.12915295,-0.6438771,-0.7875828,0.7076473,1,0.038223466873168944,-0.1250017801920573,0.5191117334365845,0.43749910990397134,0.6634566935737609,0.7476422796999753,-0.029261533746499924,-0.8322529311679633,-47.6845804433161,2
6.439999999999907,,,,,17.727266,-0.6438771,-0.7875828,0.7076473,-11.454802,-11.411335,2.3467302,0.80912274,-0.5231535,0.09443792,0.25042835,11.859966,0.6272049,0.10833719,-0.6438771,-0.7875828,0.7076473,1,0.038223466873168944,-0.1250017801920573,0.5191117334365845,0.43749910990397134,0.6634566935737609,0.7476422796999753,-0.029261533746499924,-0.8322529311679633,-47.6845804433161,2
6.449999999999907,,,,,17.808765,-0.525325,-0.86401534,0.66757655,-11.336301,-11.40427,2.347708,0.8069088,-0.52442795,0.092294686,0.25565052,11.839943,0.7856444,0.087187916,-0.6438771,-0.7875828,0.7076473,1,0.038223466873168944,-0.1250017801920573,0.5191117334365845,0.43749910990397134,0.6634566935737609,0.7476422796999753,-0.029261533746499924,-0.8322529311679633,-47.6845804433161,2
6.459999999999907,,,,,17.808765,-0.525325,-0.86401534,0.66757655,-11.218009,-11.395618,2.3484747,0.8050619,-0.52512527,0.089886084,0.26084718,11.818045,0.94469696,0.066145174,-0.525325,-0.86401534,0.66757655,1,0.038223466873168944,-0.1250017801920573,0.5191117334365845,0.43749910990397134,0.6634566935737609,0.7476422796999753,-0.029261533746499924,-0.8322529311679633,-47.6845804433161,2
6.4699999999999065,,,,,17.808765,-0.525325,-0.86401534,0.66757655,-11.099945,-11.385376,2.3490307,0.8031854,-0.5258033,0.087474175,0.26603425,11.794361,1.1035435,0.044999167,-0.525325,-0.86401534,0.66757655,1,0.060815224647521975,-0.09344975789388021,0.530407612323761,0.4532751210530599,0.6375322357777601,0.7691258714191411,-0.04469946596948615,-0.7853834844712505,-44.999158959481086,2
6.479999999999906,,,,,17.808765,-0.525325,-0.86401534,0.66757655,-10.982127,-11.373547,2.3493745,0.8012795,-0.5264621,0.085059054,0.27121153,11.768894,1.2621624,0.023752827,-0.525325,-0.86401534,0.66757655,1,0.060815224647521975,-0.09344975789388021,0.530407612323761,0.4532751210530599,0.6375322357777601,0.7691258714191411,-0.04469946596948615,-0.7853834844712505,-44.999158959481086,2
6.489999999999906,,,,,17.635723,-0.29688185,-0.90394694,0.62001467,-10.8645735,-11.360133,2.3495052,0.7993441,-0.5271015,0.08264081,0.27637884,11.741647,1.4205325,0.002409114,-0.525325,-0.86401534,0.66757655,1,0.060815224647521975,-0.09344975789388021,0.530407612323761,0.4532751210530599,0.6375322357777601,0.7691258714191411,-0.04469946596948615,-0.7853834844712505,-44.999158959481086,2
6.499999999999906,,,,,17.635723,-0.29688185,-0.90394694,0.62001467,-10.7473,-11.345145,2.3494186,0.7980656,-0.5267742,0.08025046,0.28135744,11.712962,1.5770428,-0.01964236,-0.29688185,-0.90394694,0.62001467,1,0.060815224647521975,-0.09344975789388021,0.530407612323761,0.4532751210530599,0.6375322357777601,0.7691258714191411,-0.04469946596948615,-0.7853834844712505,-44.999158959481086,2
6.509999999999906,,,,,17.635723,-0.29688185,-0.90394694,0.62001467,-10.63032,-11.328594,2.349113,0.79676133,-0.52642995,0.077857524,0.28632694,11.682675,1.7331244,-0.04143397,-0.29688185,-0.90394694,0.62001467,1,0.060815224647521975,-0.09344975789388021,0.530407612323761,0.4532751210530599,0.6375322357777601,0.7691258714191411,-0.04469946596948615,-0.7853834844712505,-44.999158959481086,2
6.519999999999905,,,,,17.635723,-0.29688185,-0.90394694,0.62001467,-10.513651,-11.310486,2.3485909,0.7954313,-0.5260687,0.07546207,0.2912872,11.650793,1.888759,-0.06296337,-0.29688185,-0.90394694,0.62001467,1,0.060815224647521975,-0.09344975789388021,0.530407612323761,0.4532751210530599,0.6375322357777601,0.7691258714191411,-0.04469946596948615,-0.7853834844712505,-44.999158959481086,2
6.529999999999905,,,,,17.36311,-0.13113141,-0.8627083,0.5589453,-10.39731,-11.290822,2.3478549,0.79407567,-0.5256905,0.073064186,0.2962381,11.617319,2.0439286,-0.084228255,-0.29688185,-0.90394694,0.62001467,1,0.060815224647521975,-0.09344975789388021,0.530407612323761,0.4532751210530599,0.6375322357777601,0.7691258714191411,-0.04469946596948615,-0.7853834844712505,-44.999158959481086,2
6.539999999999905,,,,,17.36311,-0.13113141,-0.8627083,0.5589453,-10.281308,-11.269621,2.3469017,0.79320765,-0.52472204,0.07091287,0.30076882,11.582884,2.1962059,-0.10634435,-0.13113141,-0.8627083,0.5589453,1,0.04480897903442383,-0.05749542236328125,0.522404489517212,0.4712522888183594,0.5888403026194173,0.8041447518633175,-0.0813530335129383,-0.7513645955566933,-43.05002020095258,2
6.549999999999905,,,,,17.36311,-0.13113141,-0.8627083,0.5589453,-10.165657,-11.2469,2.3457294,0.7923183,-0.5237395,0.06875964,0.30529144,11.5471115,2.3479426,-0.12799913,-0.13113141,-0.8627083,0.5589453,1,0.04480897903442383,-0.05749542236328125,0.522404489517212,0.4712522888183594,0.5888403026194173,0.8041447518633175,-0.0813530335129383,-0.7513645955566933,-43.05002020095258,2
6.559999999999905,,,,,17.36311,-0.13113141,-0.8627083,0.5589453,-10.05037,-11.222663,2.344343,0.79140764,-0.5227429,0.06660457,0.3098059,11.510008,2.499125,-0.14919125,-0.13113141,-0.8627083,0.5589453,1,0.04480897903442383,-0.05749542236328125,0.522404489517212,0.4712522888183594,0.5888403026194173,0.8041447518633175,-0.0813530335129383,-0.7513645955566933,-43.05002020095258,2
6.569999999999904,,,,,17.163122,0.117852375,-0.78031397,0.48468637,-9.935462,-11.196918,2.342747,0.7904758,-0.5217323,0.06444771,0.31431204,11.471578,2.6497386,-0.1699194,-0.13113141,-0.8627083,0.5589453,1,0.04480897903442383,-0.05749542236328125,0.522404489517212,0.4712522888183594,0.5888403026194173,0.8041447518633175,-0.0813530335129383,-0.7513645955566933,-43.05002020095258,2
6.579999999999904,,,,,17.163122,0.117852375,-0.78031397,0.48468637,-9.820942,-11.169679,2.340942,0.7902645,-0.5198784,0.062812515,0.31822193,11.43242,2.7980225,-0.19097617,0.117852375,-0.78031397,0.48468637,1,0.04480897903442383,-0.05749542236328125,0.522404489517212,0.4712522888183594,0.5888403026194173,0.8041447518633175,-0.0813530335129383,-0.7513645955566933,-43.05002020095258,2
6.589999999999904,,,,,17.163122,0.117852375,-0.78031397,0.48468637,-9.706818,-11.14096,2.33893,0.79003626,-0.51801336,0.061175983,0.322125,11.392318,2.94567,-0.21129872,0.117852375,-0.78031397,0.48468637,1,0.04480897903442383,-0.05749542236328125,0.522404489517212,0.4712522888183594,0.5888403026194173,0.8041447518633175,-0.0813530335129383,-0.7513645955566933,-43.05002020095258,2
6.599999999999904,,,,,17.163122,0.117852375,-0.78031397,0.48468637,-9.5931,-11.110767,2.3367183,0.78979105,-0.5161372,0.05953814,0.32602113,11.351279,3.0926702,-0.23088725,0.117852375,-0.78031397,0.48468637,1,0.04480897903442383,-0.05749542236328125,0.522404489517212,0.4712522888183594,0.5888403026194173,0.8041447518633175,-0.0813530335129383,-0.7513645955566933,-43.05002020095258,2
6.6099999999999035,,,,,17.112709,0.2805602,-0.7453872,0.42427403,-9.479795,-11.079109,2.3343148,0.7895289,-0.51425,0.05789902,0.32991028,11.309312,3.2390125,-0.24974202,0.117852375,-0.78031397,0.48468637,1,0.09628103256225586,-0.0400235907236735,0.5481405162811279,0.4799882046381633,0.5764107993778748,0.8161112206340289,-0.041389200473013046,-0.6769260599793926,-38.78500627923882,2
6.619999999999903,,,,,17.112709,0.2805602,-0.7453872,0.42427403,-9.366915,-11.045992,2.3317251,0.78975815,-0.51178485,0.056509625,0.33341715,11.266626,3.384243,-0.26802725,0.2805602,-0.7453872,0.42427403,1,0.09628103256225586,-0.0400235907236735,0.5481405162811279,0.4799882046381633,0.5764107993778748,0.8161112206340289,-0.041389200473013046,-0.6769260599793926,-38.78500627923882,2
6.629999999999903,,,,,17.112709,0.2805602,-0.7453872,0.42427403,-9.254465,-11.011426,2.3289573,0.7899714,-0.50930923,0.055119082,0.33691722,11.223236,3.528755,-0.2853931,0.2805602,-0.7453872,0.42427403,1,0.09628103256225586,-0.0400235907236735,0.5481405162811279,0.4799882046381633,0.5764107993778748,0.8161112206340289,-0.041389200473013046,-0.6769260599793926,-38.78500627923882,2
6.639999999999903,,,,,17.112709,0.2805602,-0.7453872,0.42427403,-9.142452,-10.975419,2.3260205,0.79016846,-0.5068233,0.053727414,0.34041047,11.17915,3.6725388,-0.30184135,0.2805602,-0.7453872,0.42427403,1,0.09628103256225586,-0.0400235907236735,0.5481405162811279,0.4799882046381633,0.5764107993778748,0.8161112206340289,-0.041389200473013046,-0.6769260599793926,-38.78500627923882,2
6.649999999999903,,,,,16.92073,0.472369,-0.69960165,0.33949074,-9.030884,-10.937978,2.3229237,0.79034954,-0.50432706,0.05233465,0.34389675,11.134375,3.8155847,-0.31737393,0.2805602,-0.7453872,0.42427403,1,0.09628103256225586,-0.0400235907236735,0.5481405162811279,0.4799882046381633,0.5764107993778748,0.8161112206340289,-0.041389200473013046,-0.6769260599793926,-38.78500627923882,2
6.659999999999902,,,,,16.92073,0.472369,-0.69960165,0.33949074,-8.9197645,-10.899117,2.3196716,0.79113185,-0.50116336,0.051237762,0.34687525,11.089521,3.9562702,-0.3328494,0.472369,-0.69960165,0.33949074,1,0.09628103256225586,-0.0400235907236735,0.5481405162811279,0.4799882046381633,0.5764107993778748,0.8161112206340289,-0.041389200473013046,-0.6769260599793926,-38.78500627923882,2
6.669999999999902,,,,,16.92073,0.472369,-0.69960165,0.33949074,-8.809095,-10.858854,2.3162704,0.7918978,-0.4979893,0.05013982,0.3498466,11.044254,4.096163,-0.34721145,0.472369,-0.69960165,0.33949074,1,0.047136263847351076,-0.07626793543497722,0.5235681319236756,0.4618660322825114,0.495274997090216,0.8679861116575689,-0.03609414394138244,-0.6971139241080222,-39.941685691192845,2
6.679999999999902,,,,,16.92073,0.472369,-0.69960165,0.33949074,-8.698881,-10.817196,2.312731,0.79264724,-0.49480492,0.049040835,0.35281074,10.998582,4.2352524,-0.36046413,0.472369,-0.69960165,0.33949074,1,0.047136263847351076,-0.07626793543497722,0.5235681319236756,0.4618660322825114,0.495274997090216,0.8679861116575689,-0.03609414394138244,-0.6971139241080222,-39.941685691192845,2
6.689999999999902,,,,,16.737587,0.6238313,-0.6948657,0.27149048,-8.589126,-10.774151,2.3090646,0.7933804,-0.49161032,0.04794084,0.35576758,10.952512,4.37353,-0.37261164,0.472369,-0.69960165,0.33949074,1,0.047136263847351076,-0.07626793543497722,0.5235681319236756,0.4618660322825114,0.495274997090216,0.8679861116575689,-0.03609414394138244,-0.6971139241080222,-39.941685691192845,2
6.699999999999902,,,,,16.737587,0.6238313,-0.6948657,0.27149048,-8.479831,-10.729734,2.305278,0.794588,-0.4878287,0.046960842,0.35839882,10.906613,4.509474,-0.38453105,0.6238313,-0.6948657,0.27149048,1,0.047136263847351076,-0.07626793543497722,0.5235681319236756,0.4618660322825114,0.495274997090216,0.8679861116575689,-0.03609414394138244,-0.6971139241080222,-39.941685691192845,2
6.709999999999901,,,,,16.737587,0.6238313,-0.6948657,0.27149048,-8.370995,-10.683964,2.3013787,0.7957769,-0.48403558,0.04597974,0.36102158,10.860497,4.6445312,-0.3951819,0.6238313,-0.6948657,0.27149048,1,0.047136263847351076,-0.07626793543497722,0.5235681319236756,0.4618660322825114,0.495274997090216,0.8679861116575689,-0.03609414394138244,-0.6971139241080222,-39.941685691192845,2
6.719999999999901,,,,,16.737587,0.6238313,-0.6948657,0.27149048,-8.262621,-10.6368475,2.2973788,0.79694694,-0.48023102,0.044997543,0.36363584,10.814172,4.778691,-0.4045706,0.6238313,-0.6948657,0.27149048,1,0.047136263847351076,-0.07626793543497722,0.5235681319236756,0.4618660322825114,0.495274997090216,0.8679861116575689,-0.03609414394138244,-0.6971139241080222,-39.941685691192845,2
6.729999999999901,,,,,16.52204,0.80870545,-0.72255534,0.19382238,-8.154712,-10.588393,2.2932913,0.79809815,-0.47641507,0.044014286,0.36624148,10.767646,4.9119415,-0.41270384,0.6238313,-0.6948657,0.27149048,1,0.047136263847351076,-0.07626793543497722,0.5235681319236756,0.4618660322825114,0.495274997090216,0.8679861116575689,-0.03609414394138244,-0.6971139241080222,-39.941685691192845,2
6.739999999999901,,,,,16.52204,0.80870545,-0.72255534,0.19382238,-8.047266,-10.53862,2.2891233,0.7998165,-0.47181493,0.04307288,0.3685526,10.721587,5.0425267,-0.4206727,0.80870545,-0.72255534,0.19382238,1,0.03943991899490357,-0.036015103658040365,0.5197199594974518,0.4819924481709798,0.49051700885647603,0.8708414549796919,-0.03206593693234394,-0.6182046284312286,-35.42051608456266,2
6.7499999999999005,,,,,16.52204,0.80870545,-0.72255534,0.19382238,-7.9402804,-10.487547,2.2848833,0.8015106,-0.46720046,0.042130165,0.3708525,10.675504,5.17208,-0.4271769,0.80870545,-0.72255534,0.19382238,1,0.03943991899490357,-0.036015103658040365,0.5197199594974518,0.4819924481709798,0.49051700885647603,0.8708414549796919,-0.03206593693234394,-0.6182046284312286,-35.42051608456266,2
6.7599999999999,,,,,16.52204,0.80870545,-0.72255534,0.19382238,-7.833756,-10.435183,2.280585,0.80318034,-0.46257183,0.041186173,0.37314114,10.629405,5.300587,-0.43222657,0.80870545,-0.72255534,0.19382238,1,0.03943991899490357,-0.036015103658040365,0.5197199594974518,0.4819924481709798,0.49051700885647603,0.8708414549796919,-0.03206593693234394,-0.6182046284312286,-35.42051608456266,2
6.7699999999999,,,,,16.151966,0.8592154,-0.67838037,0.14569616,-7.7276926,-10.381538,2.2762434,0.8048258,-0.45792916,0.040240932,0.37541848,10.583301,5.428034,-0.43583208,0.80870545,-0.72255534,0.19382238,1,0.03943991899490357,-0.036015103658040365,0.5197199594974518,0.4819924481709798,0.49051700885647603,0.8708414549796919,-0.03206593693234394,-0.6182046284312286,-35.42051608456266,2
6.7799999999999,,,,,16.151966,0.8592154,-0.67838037,0.14569616,-7.6220856,-10.326639,2.2718625,0.8066438,-0.45316193,0.03945685,0.37737945,10.538268,5.551581,-0.44014204,0.8592154,-0.67838037,0.14569616,1,0.03943991899490357,-0.036015103658040365,0.5197199594974518,0.4819924481709798,0.49051700885647603,0.8708414549796919,-0.03206593693234394,-0.6182046284312286,-35.42051608456266,2
6.7899999999999,,,,,16.151966,0.8592154,-0.67838037,0.14569616,-7.5169277,-10.270511,2.2674456,0.80843717,-0.44838086,0.038671568,0.37932888,10.493349,5.67408,-0.44303283,0.8592154,-0.67838037,0.14569616,1,0.03943991899490357,-0.036015103658040365,0.5197199594974518,0.4819924481709798,0.49051700885647603,0.8708414549796919,-0.03206593693234394,-0.6182046284312286,-35.42051608456266,2
6.7999999999998995,,,,,16.151966,0.8592154,-0.67838037,0.14569616,-7.412218,-10.213161,2.2630067,0.810206,-0.44358614,0.037885107,0.38126674,10.448551,5.7955155,-0.44451562,0.8592154,-0.67838037,0.14569616,1,0.03943991899490357,-0.036015103658040365,0.5197199594974518,0.4819924481709798,0.49051700885647603,0.8708414549796919,-0.03206593693234394,-0.6182046284312286,-35.42051608456266,2
6.809999999999899,,,,,15.672731,0.84870523,-0.6120885,0.109946504,-7.3079557,-10.154604,2.25856,0.81195,-0.43877786,0.037097488,0.383193,10.403883,5.915875,-0.44460163,0.8592154,-0.67838037,0.14569616,1,-0.017276391983032227,-0.02983623504638672,0.4913618040084839,0.4850818824768066,0.44209433305389834,0.8965511046183894,-0.02736270251957903,-0.5956517913225063,-34.12833370218684,2
6.819999999999899,,,,,15.672731,0.84870523,-0.6120885,0.109946504,-7.204133,-10.094866,2.2541046,0.81370366,-0.43413314,0.03647935,0.38481945,10.360695,6.0316305,-0.44627112,0.84870523,-0.6120885,0.109946504,1,-0.017276391983032227,-0.02983623504638672,0.4913618040084839,0.4850818824768066,0.44209433305389834,0.8965511046183894,-0.02736270251957903,-0.5956517913225063,-34.12833370218684,2
6.829999999999899,,,,,15.672731,0.84870523,-0.6120885,0.109946504,-7.100741,-10.033975,2.249639,0.81543475,-0.4294764,0.035860203,0.38643527,10.317709,6.146382,-0.44665942,0.84870523,-0.6120885,0.109946504,1,-0.017276391983032227,-0.02983623504638672,0.4913618040084839,0.4850818824768066,0.44209433305389834,0.8965511046183894,-0.02736270251957903,-0.5956517913225063,-34.12833370218684,2
6.839999999999899,,,,,15.672731,0.84870523,-0.6120885,0.109946504,-6.9977784,-9.971942,2.2451758,0.81714326,-0.4248078,0.03524006,0.38804042,10.274931,6.260118,-0.4457771,0.84870523,-0.6120885,0.109946504,1,-0.017276391983032227,-0.02983623504638672,0.4913618040084839,0.4850818824768066,0.44209433305389834,0.8965511046183894,-0.02736270251957903,-0.5956517913225063,-34.12833370218684,2
6.849999999999898,,,,,15.227018,0.7020802,-0.5326866,0.09078746,-6.895242,-9.908776,2.240728,0.8188292,-0.4201274,0.034618948,0.38963482,10.2323675,6.3728266,-0.44363478,0.84870523,-0.6120885,0.109946504,1,-0.017276391983032227,-0.02983623504638672,0.4913618040084839,0.4850818824768066,0.44209433305389834,0.8965511046183894,-0.02736270251957903,-0.5956517913225063,-34.12833370218684,2
6.859999999999898,,,,,15.227018,0.7020802,-0.5326866,0.09078746,-6.7931247,-9.844504,2.236293,0.8202113,-0.4161954,0.0339962,0.39100012,10.191204,6.481376,-0.44320208,0.7020802,-0.5326866,0.09078746,1,-0.017276391983032227,-0.02983623504638672,0.4913618040084839,0.4850818824768066,0.44209433305389834,0.8965511046183894,-0.02736270251957903,-0.5956517913225063,-34.12833370218684,2
6.869999999999898,,,,,15.227018,0.7020802,-0.5326866,0.09078746,-6.6914177,-9.779151,2.2318673,0.8215773,-0.41225523,0.033372786,0.3923578,10.150196,6.5890584,-0.44175774,0.7020802,-0.5326866,0.09078746,1,-0.04429371356964111,0.025701669057210285,0.47785314321517947,0.5128508345286051,0.4476079895092294,0.8929935348771513,-0.04700674839973209,-0.5303722459090148,-30.388091261461188,2
6.879999999999898,,,,,15.227018,0.7020802,-0.5326866,0.09078746,-6.5901203,-9.712726,2.2274613,0.8229271,-0.40830696,0.032748718,0.39370772,10.109346,6.695864,-0.43930942,0.7020802,-0.5326866,0.09078746,1,-0.04429371356964111,0.025701669057210285,0.47785314321517947,0.5128508345286051,0.4476079895092294,0.8929935348771513,-0.04700674839973209,-0.5303722459090148,-30.388091261461188,2
6.8899999999998975,,,,,14.733721,0.5801182,-0.50172794,0.074884765,-6.4892306,-9.645236,2.223085,0.82426095,-0.40435067,0.032124005,0.39504996,10.06866,6.801786,-0.43586475,0.7020802,-0.5326866,0.09078746,1,-0.04429371356964111,0.025701669057210285,0.47785314321517947,0.5128508345286051,0.4476079895092294,0.8929935348771513,-0.04700674839973209,-0.5303722459090148,-30.388091261461188,2
6.899999999999897,,,,,14.733721,0.5801182,-0.50172794,0.074884765,-6.38874,-9.576709,2.2187312,0.8253604,-0.40095377,0.031353272,0.39627683,10.029419,6.903448,-0.43480262,0.5801182,-0.50172794,0.074884765,1,-0.04429371356964111,0.025701669057210285,0.47785314321517947,0.5128508345286051,0.4476079895092294,0.8929935348771513,-0.04700674839973209,-0.5303722459090148,-30.388091261461188,2
6.909999999999897,,,,,14.733721,0.5801182,-0.50172794,0.074884765,-6.288642,-9.507171,2.214392,0.82644755,-0.3975509,0.030582074,0.39749783,9.990252,7.004335,-0.43292212,0.5801182,-0.50172794,0.074884765,1,-0.04429371356964111,0.025701669057210285,0.47785314321517947,0.5128508345286051,0.4476079895092294,0.8929935348771513,-0.04700674839973209,-0.5303722459090148,-30.388091261461188,2
6.919999999999897,,,,,14.733721,0.5801182,-0.50172794,0.074884765,-6.188935,-9.436626,2.2100756,0.82752246,-0.39414215,0.029810421,0.39871293,9.951163,7.10444,-0.430229,0.5801182,-0.50172794,0.074884765,1,-0.04429371356964111,0.025701669057210285,0.47785314321517947,0.5128508345286051,0.4476079895092294,0.8929935348771513,-0.04700674839973209,-0.5303722459090148,-30.388091261461188,2
6.929999999999897,,,,,14.394417,0.45661148,-0.44559777,0.06634198,-6.089618,-9.365084,2.2057903,0.828585,-0.39072755,0.029038325,0.39992213,9.912155,7.203758,-0.4267291,0.5801182,-0.50172794,0.074884765,1,-0.04429371356964111,0.025701669057210285,0.47785314321517947,0.5128508345286051,0.4476079895092294,0.8929935348771513,-0.04700674839973209,-0.5303722459090148,-30.388091261461188,2
6.9399999999998965,,,,,14.394417,0.45661148,-0.44559777,0.06634198,-5.990687,-9.292564,2.201532,0.82940483,-0.3879332,0.02823475,0.40099916,9.874102,7.3000584,-0.42483887,0.45661148,-0.44559777,0.06634198,1,-0.06613056182861328,0.02600609302520752,0.46693471908569334,0.5130030465126038,0.4222389101263999,0.906201525928757,-0.022651648497679755,-0.49813627152192197,-28.54110598058895,2
6.949999999999896,,,,,14.394417,0.45661148,-0.44559777,0.06634198,-5.892136,-9.219085,2.1972954,0.83021605,-0.38513485,0.027430886,0.40207207,9.836066,7.395699,-0.42231044,0.45661148,-0.44559777,0.06634198,1,-0.06613056182861328,0.02600609302520752,0.46693471908569334,0.5130030465126038,0.4222389101263999,0.906201525928757,-0.022651648497679755,-0.49813627152192197,-28.54110598058895,2
6.959999999999896,,,,,14.394417,0.45661148,-0.44559777,0.06634198,-5.7939653,-9.144652,2.1930876,0.8310188,-0.38233253,0.026626742,0.40314084,9.79805,7.4906754,-0.41914785,0.45661148,-0.44559777,0.06634198,1,-0.06613056182861328,0.02600609302520752,0.46693471908569334,0.5130030465126038,0.4222389101263999,0.906201525928757,-0.022651648497679755,-0.49813627152192197,-28.54110598058895,2
6.969999999999896,,,,,14.005697,0.39891255,-0.4006843,0.048777804,-5.696175,-9.069274,2.1889145,0.8318131,-0.3795263,0.025822321,0.40420547,9.760056,7.5849843,-0.4153551,0.45661148,-0.44559777,0.06634198,1,-0.06613056182861328,0.02600609302520752,0.46693471908569334,0.5130030465126038,0.4222389101263999,0.906201525928757,-0.022651648497679755,-0.49813627152192197,-28.54110598058895,2
6.979999999999896,,,,,14.005697,0.39891255,-0.4006843,0.048777804,-5.598759,-8.992968,2.1847687,0.8325199,-0.37704957,0.02505452,0.40511557,9.723105,7.6761203,-0.41373137,0.39891255,-0.4006843,0.048777804,1,-0.06613056182861328,0.02600609302520752,0.46693471908569334,0.5130030465126038,0.4222389101263999,0.906201525928757,-0.022651648497679755,-0.49813627152192197,-28.54110598058895,2
6.989999999999895,,,,,14.005697,0.39891255,-0.4006843,0.048777804,-5.501713,-8.915753,2.1806417,0.83322,-0.3745698,0.02428652,0.4060224,9.686166,7.766672,-0.41157302,0.39891255,-0.4006843,0.048777804,1,-0.06613056182861328,0.02600609302520752,0.46693471908569334,0.5130030465126038,0.4222389101263999,0.906201525928757,-0.022651648497679755,-0.49813627152192197,-28.54110598058895,2
6.999999999999895,,,,,14.005697,0.39891255,-0.4006843,0.048777804,-5.405036,-8.837638,2.176539,0.83391345,-0.37208703,0.023518324,0.40692595,9.649238,7.856637,-0.40888312,0.39891255,-0.4006843,0.048777804,1,-0.06613056182861328,0.02600609302520752,0.46693471908569334,0.5130030465126038,0.4222389101263999,0.906201525928757,-0.022651648497679755,-0.49813627152192197,-28.54110598058895,2
7.009999999999895,,,,,13.794867,0.33911493,-0.32401246,0.061727025,-5.308728,-8.758624,2.172466,0.8346002,-0.36960125,0.022749938,0.40782624,9.612325,7.9460125,-0.40566486,0.39891255,-0.4006843,0.048777804,1,-0.0751343297958374,0.05436517079671224,0.46243283510208133,0.5271825853983562,0.4216035503747333,0.9065736103518216,-0.019358081647807918,-0.4447161463920888,-25.48035826958876,2
7.019999999999895,,,,,13.794867,0.33911493,-0.32401246,0.061727025,-5.2127867,-8.678726,2.1684198,0.8351356,-0.36751738,0.022203343,0.4086429,9.575986,8.033497,-0.4034863,0.33911493,-0.32401246,0.061727025,1,-0.0751343297958374,0.05436517079671224,0.46243283510208133,0.5271825853983562,0.4216035503747333,0.9065736103518216,-0.019358081647807918,-0.4447161463920888,-25.48035826958876,2
7.0299999999998946,,,,,13.794867,0.33911493,-0.32401246,0.061727025,-5.1172085,-8.597956,2.1643977,0.8356662,-0.36543143,0.021656623,0.40945727,9.539678,8.1205,-0.400878,0.33911493,-0.32401246,0.061727025,1,-0.0751343297958374,0.05436517079671224,0.46243283510208133,0.5271825853983562,0.4216035503747333,0.9065736103518216,-0.019358081647807918,-0.4447161463920888,-25.48035826958876,2
7.039999999999894,,,,,13.794867,0.33911493,-0.32401246,0.061727025,-5.021993,-8.516317,2.1604037,0.83619225,-0.36334345,0.02110978,0.41026935,9.5034,8.207017,-0.3978421,0.33911493,-0.32401246,0.061727025,1,-0.0751343297958374,0.05436517079671224,0.46243283510208133,0.5271825853983562,0.4216035503747333,0.9065736103518216,-0.019358081647807918,-0.4447161463920888,-25.48035826958876,2
7.049999999999894,,,,,13.594244,0.35604852,-0.28097957,0.07321953,-4.9271407,-8.433817,2.1564424,0.83671355,-0.36125344,0.02056282,0.4110791,9.4671545,8.293049,-0.3943807,0.33911493,-0.32401246,0.061727025,1,-0.0751343297958374,0.05436517079671224,0.46243283510208133,0.5271825853983562,0.4216035503747333,0.9065736103518216,-0.019358081647807918,-0.4447161463920888,-25.48035826958876,2
7.059999999999894,,,,,13.594244,0.35604852,-0.28097957,0.07321953,-4.8326473,-8.350465,2.1525104,0.8372328,-0.3591779,0.020251345,0.41185528,9.431489,8.377359,-0.39198136,0.35604852,-0.28097957,0.07321953,1,-0.0751343297958374,0.05436517079671224,0.46243283510208133,0.5271825853983562,0.4216035503747333,0.9065736103518216,-0.019358081647807918,-0.4447161463920888,-25.48035826958876,2
7.069999999999894,,,,,13.594244,0.35604852,-0.28097957,0.07321953,-4.73851,-8.266273,2.1486042,0.83774775,-0.35710043,0.019939762,0.41262925,9.395913,8.461217,-0.38917282,0.35604852,-0.28097957,0.07321953,1,-0.08632556915283203,0.014856931368509928,0.45683721542358396,0.5074284656842549,0.3856552839553359,0.9222879415098866,0.02559208672197571,-0.44163863283917393,-25.304029731612427,2
7.0799999999998935,,,,,13.594244,0.35604852,-0.28097957,0.07321953,-4.6447287,-8.181243,2.1447282,0.8382582,-0.35502106,0.019628074,0.41340104,9.360425,8.5446205,-0.38595706,0.35604852,-0.28097957,0.07321953,1,-0.08632556915283203,0.014856931368509928,0.45683721542358396,0.5074284656842549,0.3856552839553359,0.9222879415098866,0.02559208672197571,-0.44163863283917393,-25.304029731612427,2
7.089999999999893,,,,,13.595102,0.37437314,-0.32590407,0.061212532,-4.5513015,-8.095382,2.1408863,0.83876425,-0.35293987,0.019316282,0.41417065,9.325028,8.627567,-0.38233608,0.35604852,-0.28097957,0.07321953,1,-0.08632556915283203,0.014856931368509928,0.45683721542358396,0.5074284656842549,0.3856552839553359,0.9222879415098866,0.02559208672197571,-0.44163863283917393,-25.304029731612427,2
7.099999999999893,,,,,13.595102,0.37437314,-0.32590407,0.061212532,-4.4582276,-8.008693,2.1370828,0.83932704,-0.3506879,0.018832732,0.41496503,9.289714,8.710043,-0.37829277,0.37437314,-0.32590407,0.061212532,1,-0.08632556915283203,0.014856931368509928,0.45683721542358396,0.5074284656842549,0.3856552839553359,0.9222879415098866,0.02559208672197571,-0.44163863283917393,-25.304029731612427,2
7.109999999999893,,,,,13.595102,0.37437314,-0.32590407,0.061212532,-4.3655066,-7.9211817,2.1333218,0.8398846,-0.34843373,0.018349063,0.41575682,9.254471,8.792007,-0.37381452,0.37437314,-0.32590407,0.061212532,1,-0.08632556915283203,0.014856931368509928,0.45683721542358396,0.5074284656842549,0.3856552839553359,0.9222879415098866,0.02559208672197571,-0.44163863283917393,-25.304029731612427,2
7.119999999999893,,,,,13.595102,0.37437314,-0.32590407,0.061212532,-4.2731376,-7.832854,2.1296077,0.8404369,-0.3461774,0.017865282,0.416546,9.219299,8.87346,-0.36890382,0.37437314,-0.32590407,0.061212532,1,-0.08632556915283203,0.014856931368509928,0.45683721542358396,0.5074284656842549,0.3856552839553359,0.9222879415098866,0.02559208672197571,-0.44163863283917393,-25.304029731612427,2
7.129999999999892,,,,,13.619089,0.47062626,-0.36646467,0.028179206,-4.1811194,-7.743714,2.125945,0.84098387,-0.34391892,0.017381387,0.4173326,9.184202,8.954397,-0.36356312,0.37437314,-0.32590407,0.061212532,1,-0.08632556915283203,0.014856931368509928,0.45683721542358396,0.5074284656842549,0.3856552839553359,0.9222879415098866,0.02559208672197571,-0.44163863283917393,-25.304029731612427,2
7.139999999999892,,,,,13.619089,0.47062626,-0.36646467,0.028179206,-4.0894523,-7.6537666,2.1223388,0.8417625,-0.34117132,0.01687085,0.4180385,9.149139,9.034925,-0.35757756,0.47062626,-0.36646467,0.028179206,1,-0.13186731338500976,0.039933144251505535,0.4340663433074951,0.5199665721257528,0.3585739808973134,0.9334879819973927,0.00498875634690793,-0.42493441887971706,-24.346948771652034,0
7.149999999999892,,,,,13.619089,0.47062626,-0.36646467,0.028179206,-3.9981358,-7.563017,2.1187954,0.8425335,-0.33842066,0.016360162,0.41874066,9.11421,9.1148405,-0.3510759,0.47062626,-0.36646467,0.028179206,1,-0.13186731338500976,0.039933144251505535,0.4340663433074951,0.5199665721257528,0.3585739808973134,0.9334879819973927,0.00498875634690793,-0.42493441887971706,-24.346948771652034,0
7.159999999999892,,,,,13.619089,0.47062626,-0.36646467,0.028179206,-3.907168,-7.471472,2.1153195,0.8432971,-0.33566698,0.015849331,0.4194391,9.079416,9.1941395,-0.34406182,0.47062626,-0.36646467,0.028179206,1,-0.13186731338500976,0.039933144251505535,0.4340663433074951,0.5199665721257528,0.3585739808973134,0.9334879819973927,0.00498875634690793,-0.42493441887971706,-24.346948771652034,0
7.169999999999892,,,,,14.19449,0.7415969,-0.30509463,-0.22027779,-3.8165472,-7.3791366,2.111916,0.84405315,-0.33291033,0.015338358,0.42013383,9.044758,9.27282,-0.33653906,0.47062626,-0.36646467,0.028179206,1,-0.13186731338500976,0.039933144251505535,0.4340663433074951,0.5199665721257528,0.3585739808973134,0.9334879819973927,0.00498875634690793,-0.42493441887971706,-24.346948771652034,0
7.179999999999891,,,,,14.19449,0.7415969,-0.30509463,-0.22027779,-3.726279,-7.2860007,2.108613,0.8457664,-0.3291537,0.015241831,0.41965154,9.008905,9.354139,-0.32395864,0.7415969,-0.30509463,-0.22027779,1,-0.13186731338500976,0.039933144251505535,0.4340663433074951,0.5199665721257528,0.3585739808973134,0.9334879819973927,0.00498875634690793,-0.42493441887971706,-24.346948771652034,0
7.189999999999891,,,,,14.19449,0.7415969,-0.30509463,-0.22027779,-3.636367,-7.192056,2.1054392,0.8474651,-0.32539138,0.015145041,0.419162,8.973531,9.434702,-0.31067392,0.7415969,-0.30509463,-0.22027779,1,-0.13186731338500976,0.039933144251505535,0.4340663433074951,0.5199665721257528,0.3585739808973134,0.9334879819973927,0.00498875634690793,-0.42493441887971706,-24.346948771652034,0
7.199999999999891,,,,,14.19449,0.7415969,-0.30509463,-0.22027779,-3.5468066,-7.09731,2.1024017,0.84914905,-0.32162344,0.015047989,0.4186652,8.938633,9.514502,-0.29669186,0.7415969,-0.30509463,-0.22027779,1,-0.13186731338500976,0.039933144251505535,0.4340663433074951,0.5199665721257528,0.3585739808973134,0.9334879819973927,0.00498875634690793,-0.42493441887971706,-24.346948771652034,0
7.209999999999891,,,,,13.572254,0.7251181,-0.31332362,-0.07839142,-3.457593,-7.0017695,2.0995076,0.85081834,-0.31784993,0.014950677,0.41816115,8.904213,9.593533,-0.28201953,0.7415969,-0.30509463,-0.22027779,1,-0.21365020751953126,-0.017497399648030598,0.3931748962402344,0.49125130017598473,0.2729983862772203,0.9608567690988216,0.04718209795047293,-0.47132551785892396,-27.00496295013425,2
7.2199999999998905,,,,,13.572254,0.7251181,-0.31332362,-0.07839142,-3.3687136,-6.90546,2.0967388,0.85215133,-0.3141135,0.015009149,0.4182681,8.87175,9.668359,-0.2716407,0.7251181,-0.31332362,-0.07839142,1,-0.21365020751953126,-0.017497399648030598,0.3931748962402344,0.49125130017598473,0.2729983862772203,0.9608567690988216,0.04718209795047293,-0.47132551785892396,-27.00496295013425,2
7.22999999999989,,,,,13.572254,0.7251181,-0.31332362,-0.07839142,-3.2801564,-6.8084054,2.0940769,0.853471,-0.31037208,0.0150673855,0.4183685,8.839722,9.742442,-0.26062387,0.7251181,-0.31332362,-0.07839142,1,-0.21365020751953126,-0.017497399648030598,0.3931748962402344,0.49125130017598473,0.2729983862772203,0.9608567690988216,0.04718209795047293,-0.47132551785892396,-27.00496295013425,2
7.23999999999989,,,,,13.572254,0.7251181,-0.31332362,-0.07839142,-3.1919174,-6.7106137,2.0915284,0.8547771,-0.3066258,0.015125385,0.41846228,8.808128,9.815776,-0.24897584,0.7251181,-0.31332362,-0.07839142,1,-0.21365020751953126,-0.017497399648030598,0.3931748962402344,0.49125130017598473,0.2729983862772203,0.9608567690988216,0.04718209795047293,-0.47132551785892396,-27.00496295013425,2
7.24999999999989,,,,,13.353043,0.84496856,-0.334449,-0.13046448,-3.1039922,-6.6120925,2.0890996,0.8560698,-0.30287465,0.015183145,0.41854948,8.776973,9.888356,-0.23670343,0.7251181,-0.31332362,-0.07839142,1,-0.21365020751953126,-0.017497399648030598,0.3931748962402344,0.49125130017598473,0.2729983862772203,0.9608567690988216,0.04718209795047293,-0.47132551785892396,-27.00496295013425,2
7.25999999999989,,,,,13.353043,0.84496856,-0.334449,-0.13046448,-3.0163739,-6.512855,2.0867877,0.8576387,-0.2985647,0.01532216,0.41842896,8.746788,9.9589815,-0.225573,0.84496856,-0.334449,-0.13046448,1,-0.21365020751953126,-0.017497399648030598,0.3931748962402344,0.49125130017598473,0.2729983862772203,0.9608567690988216,0.04718209795047293,-0.47132551785892396,-27.00496295013425,2
7.269999999999889,,,,,13.353043,0.84496856,-0.334449,-0.13046448,-2.9290545,-6.4129157,2.0845904,0.8591897,-0.29424843,0.0154608525,0.41829962,8.717133,10.028759,-0.2137548,0.84496856,-0.334449,-0.13046448,1,-0.21620748519897462,-0.085179074605306,0.3918962574005127,0.457410462697347,0.2449793385784586,0.9594658879484168,0.13932097305509028,-0.4655555407585501,-26.6743676143957,2
7.279999999999889,,,,,13.353043,0.84496856,-0.334449,-0.13046448,-2.8420293,-6.3122826,2.082515,0.8607226,-0.28992596,0.015599217,0.41816145,8.688009,10.097682,-0.20125778,0.84496856,-0.334449,-0.13046448,1,-0.21620748519897462,-0.085179074605306,0.3918962574005127,0.457410462697347,0.2449793385784586,0.9594658879484168,0.13932097305509028,-0.4655555407585501,-26.6743676143957,2
7.289999999999889,,,,,13.692091,1.2089113,-0.494056,-0.3424503,-2.7552927,-6.210965,2.0805678,0.86223733,-0.2855974,0.015737256,0.41801453,8.659416,10.165744,-0.18809092,0.84496856,-0.334449,-0.13046448,1,-0.21620748519897462,-0.085179074605306,0.3918962574005127,0.457410462697347,0.2449793385784586,0.9594658879484168,0.13932097305509028,-0.4655555407585501,-26.6743676143957,2
7.299999999999889,,,,,13.692091,1.2089113,-0.494056,-0.3424503,-2.6688423,-6.108963,2.0787702,0.8646986,-0.27937344,0.01564463,0.41713905,8.630728,10.234494,-0.17131108,1.2089113,-0.494056,-0.3424503,1,-0.21620748519897462,-0.085179074605306,0.3918962574005127,0.457410462697347,0.2449793385784586,0.9594658879484168,0.13932097305509028,-0.4655555407585501,-26.6743676143957,2
7.309999999999889,,,,,13.692091,1.2089113,-0.494056,-0.3424503,-2.5826752,-6.0062795,2.0771449,0.86712044,-0.2731367,0.0155512905,0.41624454,8.602807,10.301945,-0.15357475,1.2089113,-0.494056,-0.3424503,1,-0.21620748519897462,-0.085179074605306,0.3918962574005127,0.457410462697347,0.2449793385784586,0.9594658879484168,0.13932097305509028,-0.4655555407585501,-26.6743676143957,2
7.319999999999888,,,,,13.692091,1.2089113,-0.494056,-0.3424503,-2.4967837,-5.902928,2.075702,0.86950284,-0.26688755,0.015457242,0.41533107,8.575654,10.36808,-0.13490129,1.2089113,-0.494056,-0.3424503,1,-0.21620748519897462,-0.085179074605306,0.3918962574005127,0.457410462697347,0.2449793385784586,0.9594658879484168,0.13932097305509028,-0.4655555407585501,-26.6743676143957,2
7.329999999999888,,,,,13.269873,1.6063129,-1.1448776,-0.60651517,-2.4111598,-5.798922,2.0744503,0.87184554,-0.26062626,0.015362488,0.41439867,8.549268,10.432885,-0.115310244,1.2089113,-0.494056,-0.3424503,1,-0.21620748519897462,-0.085179074605306,0.3918962574005127,0.457410462697347,0.2449793385784586,0.9594658879484168,0.13932097305509028,-0.4655555407585501,-26.6743676143957,2
7.339999999999888,,,,,13.269873,1.6063129,-1.1448776,-0.60651517,-2.3257918,-5.6942854,2.0733812,0.8752369,-0.25128466,0.012908833,0.41310123,8.524368,10.494054,-0.09831516,1.6063129,-1.1448776,-0.60651517,1,-0.20636188507080078,-0.019793537457784015,0.3968190574645996,0.490103231271108,0.31079248746142607,0.9364756785472297,0.16254640330393536,-0.3617617216476283,-20.727419839795573,0
7.349999999999888,,,,,13.269873,1.6063129,-1.1448776,-0.60651517,-2.2406704,-5.5890484,2.072488,0.8785352,-0.24191633,0.0104538025,0.4117598,8.500025,10.553001,-0.08004973,1.6063129,-1.1448776,-0.60651517,1,-0.20636188507080078,-0.019793537457784015,0.3968190574645996,0.490103231271108,0.31079248746142607,0.9364756785472297,0.16254640330393536,-0.3617617216476283,-20.727419839795573,0
7.3599999999998875,,,,,13.269873,1.6063129,-1.1448776,-0.60651517,-2.1557894,-5.483233,2.0717843,0.8817399,-0.23252225,0.007997659,0.41037452,8.476232,10.609702,-0.060560256,1.6063129,-1.1448776,-0.60651517,1,-0.20636188507080078,-0.019793537457784015,0.3968190574645996,0.490103231271108,0.31079248746142607,0.9364756785472297,0.16254640330393536,-0.3617617216476283,-20.727419839795573,0
7.369999999999887,,,,,12.969343,2.0224664,-0.5828093,-0.60441804,-2.0711436,-5.3768616,2.071281,0.8848507,-0.2231034,0.005540664,0.40894556,8.452981,10.664129,-0.03989353,1.6063129,-1.1448776,-0.60651517,1,-0.20636188507080078,-0.019793537457784015,0.3968190574645996,0.490103231271108,0.31079248746142607,0.9364756785472297,0.16254640330393536,-0.3617617216476283,-20.727419839795573,0
7.379999999999887,,,,,12.969343,2.0224664,-0.5828093,-0.60441804,-1.9867243,-5.2699637,2.0709765,0.88830566,-0.21296738,0.0064229732,0.4068411,8.431112,10.715158,-0.020786207,2.0224664,-0.5828093,-0.60441804,1,-0.20636188507080078,-0.019793537457784015,0.3968190574645996,0.490103231271108,0.31079248746142607,0.9364756785472297,0.16254640330393536,-0.3617617216476283,-20.727419839795573,0
7.389999999999887,,,,,12.969343,2.0224664,-0.5828093,-0.60441804,-1.9025166,-5.1625657,2.0708687,0.8916542,-0.20280583,0.007304512,0.40468782,8.410641,10.764131,-0.00055421283,2.0224664,-0.5828093,-0.60441804,1,-0.20636188507080078,-0.019793537457784015,0.3968190574645996,0.490103231271108,0.31079248746142607,0.9364756785472297,0.16254640330393536,-0.3617617216476283,-20.727419839795573,0
7.399999999999887,,,,,12.969343,2.0224664,-0.5828093,-0.60441804,-1.8185066,-5.0546885,2.070969,0.89489585,-0.19261996,0.008185174,0.4024861,8.391563,10.811016,0.020751238,2.0224664,-0.5828093,-0.60441804,1,-0.20636188507080078,-0.019793537457784015,0.3968190574645996,0.490103231271108,0.31079248746142607,0.9364756785472297,0.16254640330393536,-0.3617617216476283,-20.727419839795573,0
7.4099999999998865,,,,,12.74955,2.0510805,-0.21457294,-0.65704167,-1.7346804,-4.9463525,2.0712874,0.89803016,-0.182411,0.009064856,0.40023607,8.373873,10.855784,0.043078423,2.0224664,-0.5828093,-0.60441804,1,-0.29356922149658204,0.27926099141438804,0.353215389251709,0.639630495707194,0.4057666452513795,0.9138513711790767,-0.015136082569912945,-0.23917256874995352,-13.703578764674859,0
7.419999999999886,,,,,12.74955,2.0510805,-0.21457294,-0.65704167,-1.6510226,-4.837583,2.0718236,0.90117276,-0.17279123,0.0116061345,0.3973652,8.35797,10.897801,0.06429396,2.0510805,-0.21457294,-0.65704167,1,-0.29356922149658204,0.27926099141438804,0.353215389251709,0.639630495707194,0.4057666452513795,0.9138513711790767,-0.015136082569912945,-0.23917256874995352,-13.703578764674859,0
7.429999999999886,,,,,12.74955,2.0510805,-0.21457294,-0.65704167,-1.5675153,-4.728402,2.0725763,0.90420985,-0.16315122,0.014146054,0.3944478,8.343766,10.937994,0.08634912,2.0510805,-0.21457294,-0.65704167,1,-0.29356922149658204,0.27926099141438804,0.353215389251709,0.639630495707194,0.4057666452513795,0.9138513711790767,-0.015136082569912945,-0.23917256874995352,-13.703578764674859,0
7.439999999999886,,,,,12.74955,2.0510805,-0.21457294,-0.65704167,-1.4841415,-4.6188293,2.0735533,0.90714103,-0.1534921,0.016684318,0.3914842,8.33125,10.976335,0.109194994,2.0510805,-0.21457294,-0.65704167,1,-0.29356922149658204,0.27926099141438804,0.353215389251709,0.639630495707194,0.4057666452513795,0.9138513711790767,-0.015136082569912945,-0.23917256874995352,-13.703578764674859,0
7.449999999999886,,,,,12.444024,1.998196,-0.19874719,-0.7170838,-1.4008844,-4.5088825,2.0747628,0.909966,-0.14381498,0.019220628,0.38847476,8.320416,11.012795,0.13278225,2.0510805,-0.21457294,-0.65704167,1,-0.29356922149658204,0.27926099141438804,0.353215389251709,0.639630495707194,0.4057666452513795,0.9138513711790767,-0.015136082569912945,-0.23917256874995352,-13.703578764674859,0
7.459999999999885,,,,,12.444024,1.998196,-0.19874719,-0.7170838,-1.3177261,-4.398585,2.076197,0.912763,-0.1343984,0.02168083,0.38514102,8.311463,11.046544,0.15412173,1.998196,-0.19874719,-0.7170838,1,-0.29356922149658204,0.27926099141438804,0.353215389251709,0.639630495707194,0.4057666452513795,0.9138513711790767,-0.015136082569912945,-0.23917256874995352,-13.703578764674859,0
7.469999999999885,,,,,12.444024,1.998196,-0.19874719,-0.7170838,-1.2346497,-4.287958,2.0778475,0.9154563,-0.12496654,0.024138568,0.38176352,8.304101,11.078463,0.17607088,1.998196,-0.19874719,-0.7170838,1,-0.09512349128723145,0.2015209706624349,0.4524382543563843,0.6007604853312174,0.5857534607606583,0.7953111868377248,0.1561185424531057,-0.00841638206503681,-0.4822231710962095,0
7.479999999999885,,,,,12.444024,1.998196,-0.19874719,-0.7170838,-1.1516387,-4.177022,2.0797203,0.9180455,-0.115520485,0.026593562,0.37834263,8.298318,11.10853,0.19858345,1.998196,-0.19874719,-0.7170838,1,-0.09512349128723145,0.2015209706624349,0.4524382543563843,0.6007604853312174,0.5857534607606583,0.7953111868377248,0.1561185424531057,-0.00841638206503681,-0.4822231710962095,0
7.489999999999885,,,,,11.80273,2.0352829,-0.128315,-0.7029791,-1.0686778,-4.0657945,2.0818207,0.92053044,-0.1060613,0.029045533,0.3748787,8.294102,11.136723,0.22161293,1.998196,-0.19874719,-0.7170838,1,-0.09512349128723145,0.2015209706624349,0.4524382543563843,0.6007604853312174,0.5857534607606583,0.7953111868377248,0.1561185424531057,-0.00841638206503681,-0.4822231710962095,0
7.4999999999998845,,,,,11.80273,2.0352829,-0.128315,-0.7029791,-0.9857504,-3.9543009,2.0841227,0.92289245,-0.0965492,0.03189533,0.37139386,8.291614,11.161671,0.2388445,2.0352829,-0.128315,-0.7029791,1,-0.09512349128723145,0.2015209706624349,0.4524382543563843,0.6007604853312174,0.5857534607606583,0.7953111868377248,0.1561185424531057,-0.00841638206503681,-0.4822231710962095,0
7.509999999999884,,,,,11.80273,2.0352829,-0.128315,-0.7029791,-0.9028401,-3.842567,2.0865989,0.9251471,-0.08702586,0.034741413,0.36786583,8.290679,11.184825,0.25647277,2.0352829,-0.128315,-0.7029791,1,-0.09512349128723145,0.2015209706624349,0.4524382543563843,0.6007604853312174,0.5857534607606583,0.7953111868377248,0.1561185424531057,-0.00841638206503681,-0.4822231710962095,0
7.519999999999884,,,,,11.80273,2.0352829,-0.128315,-0.7029791,-0.8199315,-3.7306108,2.0892534,0.9272942,-0.0774924,0.037583455,0.364295,8.2912855,11.206163,0.2744516,2.0352829,-0.128315,-0.7029791,1,-0.09512349128723145,0.2015209706624349,0.4524382543563843,0.6007604853312174,0.5857534607606583,0.7953111868377248,0.1561185424531057,-0.00841638206503681,-0.4822231710962095,0
7.529999999999884,,,,,11.4528885,1.9789313,-0.52326936,-0.7507309,-0.73700917,-3.6184502,2.092089,0.9293334,-0.06794992,0.040421125,0.3606818,8.29342,11.225666,0.29273483,2.0352829,-0.128315,-0.7029791,1,-0.09512349128723145,0.2015209706624349,0.4524382543563843,0.6007604853312174,0.5857534607606583,0.7953111868377248,0.1561185424531057,-0.00841638206503681,-0.4822231710962095,0
7.539999999999884,,,,,11.4528885,1.9789313,-0.52326936,-0.7507309,-0.6540588,-3.5061066,2.0950916,0.93141,-0.05795871,0.041301012,0.35694987,8.296817,11.242697,0.3078373,1.9789313,-0.52326936,-0.7507309,1,-0.09030014038085937,0.2879913075764974,0.4548499298095703,0.6439956537882487,0.6678747316147854,0.7351330372736512,0.11628740421599842,0.10173633413041228,5.829062568805373,0
7.5499999999998835,,,,,11.4528885,1.9789313,-0.52326936,-0.7507309,-0.5710691,-3.393603,2.0982466,0.933376,-0.047960605,0.042175986,0.35317552,8.3012905,11.257662,0.3231943,1.9789313,-0.52326936,-0.7507309,1,-0.09030014038085937,0.2879913075764974,0.4548499298095703,0.6439956537882487,0.6678747316147854,0.7351330372736512,0.11628740421599842,0.10173633413041228,5.829062568805373,0
7.559999999999883,,,,,11.4528885,1.9789313,-0.52326936,-0.7507309,-0.48802933,-3.2809606,2.1015563,0.9352311,-0.037956804,0.043045953,0.3493592,8.306822,11.270545,0.3387599,1.9789313,-0.52326936,-0.7507309,1,-0.09030014038085937,0.2879913075764974,0.4548499298095703,0.6439956537882487,0.6678747316147854,0.7351330372736512,0.11628740421599842,0.10173633413041228,5.829062568805373,0
7.569999999999883,,,,,11.317615,1.6623651,-0.5172318,-0.75213385,-0.40492904,-3.1681998,2.1050224,0.93697506,-0.02794849,0.043910805,0.34550136,8.313393,11.281333,0.35448813,1.9789313,-0.52326936,-0.7507309,1,-0.09030014038085937,0.2879913075764974,0.4548499298095703,0.6439956537882487,0.6678747316147854,0.7351330372736512,0.11628740421599842,0.10173633413041228,5.829062568805373,0
7.579999999999883,,,,,11.317615,1.6623651,-0.5172318,-0.75213385,-0.32175863,-3.0553415,2.1086397,0.93857807,-0.019431,0.044252302,0.34166956,8.320809,11.290016,0.3689853,1.6623651,-0.5172318,-0.75213385,1,-0.09030014038085937,0.2879913075764974,0.4548499298095703,0.6439956537882487,0.6678747316147854,0.7351330372736512,0.11628740421599842,0.10173633413041228,5.829062568805373,0
7.589999999999883,,,,,11.317615,1.6623651,-0.5172318,-0.75213385,-0.23851019,-2.9424057,2.1124024,0.9400967,-0.010911763,0.04458982,0.33780703,8.328992,11.296885,0.3835547,1.6623651,-0.5172318,-0.75213385,1,-0.09030014038085937,0.2879913075764974,0.4548499298095703,0.6439956537882487,0.6678747316147854,0.7351330372736512,0.11628740421599842,0.10173633413041228,5.829062568805373,0
7.599999999999882,,,,,11.317615,1.6623651,-0.5172318,-0.75213385,-0.1551762,-2.82941,2.116311,0.94153076,-0.0023915449,0.04492333,0.3339141,8.337924,11.301931,0.39816347,1.6623651,-0.5172318,-0.75213385,1,-0.09030014038085937,0.2879913075764974,0.4548499298095703,0.6439956537882487,0.6678747316147854,0.7351330372736512,0.11628740421599842,0.10173633413041228,5.829062568805373,0
7.609999999999882,,,,,11.132795,1.2852842,-0.6194745,-0.87568367,-0.0717492,-2.7163732,2.1203659,0.9428802,0.0061288876,0.045252796,0.32999116,8.3475895,11.30515,0.41277885,1.6623651,-0.5172318,-0.75213385,1,-0.07742150783538819,0.17204320271809895,0.4612892460823059,0.5860216013590495,0.7114903369097726,0.6485107057852371,0.2705833789536083,0.19564555290557173,11.209664461992721,0
7.619999999999882,,,,,11.132795,1.2852842,-0.6194745,-0.87568367,0.011776822,-2.6033132,2.1245573,0.9443928,0.013011907,0.044478264,0.32554156,8.35767,11.306607,0.42553896,1.2852842,-0.6194745,-0.87568367,1,-0.07742150783538819,0.17204320271809895,0.4612892460823059,0.5860216013590495,0.7114903369097726,0.6485107057852371,0.2705833789536083,0.19564555290557173,11.209664461992721,0
7.629999999999882,,,,,11.132795,1.2852842,-0.6194745,-0.87568367,0.09540536,-2.4902463,2.1288764,0.94583917,0.019894017,0.043700617,0.32106912,8.368091,11.306513,0.4382772,1.2852842,-0.6194745,-0.87568367,1,-0.07742150783538819,0.17204320271809895,0.4612892460823059,0.5860216013590495,0.7114903369097726,0.6485107057852371,0.2705833789536083,0.19564555290557173,11.209664461992721,0
7.6399999999998816,,,,,11.132795,1.2852842,-0.6194745,-0.87568367,0.17913973,-2.3771882,2.1333227,0.94721925,0.02677473,0.042919908,0.3165742,8.378834,11.304865,0.45097235,1.2852842,-0.6194745,-0.87568367,1,-0.07742150783538819,0.17204320271809895,0.4612892460823059,0.5860216013590495,0.7114903369097726,0.6485107057852371,0.2705833789536083,0.19564555290557173,11.209664461992721,0
7.649999999999881,,,,,10.769592,1.1616019,-0.51813835,-0.92257047,0.2629831,-2.2641544,2.1378958,0.94853306,0.03365357,0.042136196,0.3120571,8.389887,11.30166,0.46360302,1.2852842,-0.6194745,-0.87568367,1,-0.07742150783538819,0.17204320271809895,0.4612892460823059,0.5860216013590495,0.7114903369097726,0.6485107057852371,0.2705833789536083,0.19564555290557173,11.209664461992721,0
7.659999999999881,,,,,10.769592,1.1616019,-0.51813835,-0.92257047,0.34693667,-2.1511598,2.1425765,0.949857,0.039775632,0.041645214,0.30734015,8.400866,11.297114,0.47254083,1.1616019,-0.51813835,-0.92257047,1,-0.07742150783538819,0.17204320271809895,0.4612892460823059,0.5860216013590495,0.7114903369097726,0.6485107057852371,0.2705833789536083,0.19564555290557173,11.209664461992721,0
7.669999999999881,,,,,10.769592,1.1616019,-0.51813835,-0.92257047,0.4310014,-2.0382168,2.1473463,0.9511223,0.045895245,0.041151665,0.30260426,8.412121,11.291231,0.4813846,1.1616019,-0.51813835,-0.92257047,1,0.05275935649871826,0.21802391052246095,0.5263796782493592,0.6090119552612305,0.8355777528830265,0.4904592250044125,0.24750670191940918,0.39971053275670976,22.901726553885112,0
7.679999999999881,,,,,10.769592,1.1616019,-0.51813835,-0.92257047,0.51518,-1.9253396,2.1522038,0.9523288,0.05201202,0.040655572,0.29784966,8.423639,11.284009,0.49011824,1.1616019,-0.51813835,-0.92257047,1,0.05275935649871826,0.21802391052246095,0.5263796782493592,0.6090119552612305,0.8355777528830265,0.4904592250044125,0.24750670191940918,0.39971053275670976,22.901726553885112,0
7.6899999999998805,,,,,10.852517,0.96118766,-0.58475405,-0.81168854,0.59947497,-1.8125411,2.1571481,0.9534766,0.058125585,0.040156968,0.29307666,8.435407,11.275445,0.4987256,1.1616019,-0.51813835,-0.92257047,1,0.05275935649871826,0.21802391052246095,0.5263796782493592,0.6090119552612305,0.8355777528830265,0.4904592250044125,0.24750670191940918,0.39971053275670976,22.901726553885112,0
7.69999999999988,,,,,10.852517,0.96118766,-0.58475405,-0.81168854,0.6838892,-1.6998354,2.162182,0.9544811,0.0634004,0.039012674,0.28883708,8.447434,11.265515,0.5080236,0.96118766,-0.58475405,-0.81168854,1,0.05275935649871826,0.21802391052246095,0.5263796782493592,0.6090119552612305,0.8355777528830265,0.4904592250044125,0.24750670191940918,0.39971053275670976,22.901726553885112,0
7.70999999999988,,,,,10.852517,0.96118766,-0.58475405,-0.81168854,0.76842386,-1.587235,2.167308,0.95543975,0.06867217,0.0378665,0.28458363,8.459506,11.254371,0.51719743,0.96118766,-0.58475405,-0.81168854,1,0.05275935649871826,0.21802391052246095,0.5263796782493592,0.6090119552612305,0.8355777528830265,0.4904592250044125,0.24750670191940918,0.39971053275670976,22.901726553885112,0
7.71999999999988,,,,,10.852517,0.96118766,-0.58475405,-0.81168854,0.8530795,-1.4747521,2.1725254,0.9563524,0.073940635,0.036718503,0.28031647,8.471611,11.242014,0.52623457,0.96118766,-0.58475405,-0.81168854,1,0.05275935649871826,0.21802391052246095,0.5263796782493592,0.6090119552612305,0.8355777528830265,0.4904592250044125,0.24750670191940918,0.39971053275670976,22.901726553885112,0
7.72999999999988,,,,,10.906603,0.6361134,-0.45627096,-0.621966,0.93785626,-1.3623989,2.1778324,0.95721906,0.07920554,0.03556874,0.2760358,8.483739,11.228445,0.5351226,0.96118766,-0.58475405,-0.81168854,1,0.05275935649871826,0.21802391052246095,0.5263796782493592,0.6090119552612305,0.8355777528830265,0.4904592250044125,0.24750670191940918,0.39971053275670976,22.901726553885112,0
7.739999999999879,,,,,10.906603,0.6361134,-0.45627096,-0.621966,1.0227545,-1.2501873,2.18323,0.95789474,0.08276816,0.03450881,0.27276173,8.495912,11.213732,0.54440355,0.6361134,-0.45627096,-0.621966,1,-0.07802326202392579,0.05403146743774414,0.4609883689880371,0.5270157337188721,0.7646955523738893,0.4716562092300519,0.43906848267022003,0.3697535811755366,21.185319661206133,0
7.749999999999879,,,,,10.906603,0.6361134,-0.45627096,-0.621966,1.1077743,-1.1381271,2.1887202,0.95854646,0.08632871,0.033448014,0.26948085,8.508022,11.198174,0.5535726,0.6361134,-0.45627096,-0.621966,1,-0.07802326202392579,0.05403146743774414,0.4609883689880371,0.5270157337188721,0.7646955523738893,0.4716562092300519,0.43906848267022003,0.3697535811755366,21.185319661206133,0
7.759999999999879,,,,,10.906603,0.6361134,-0.45627096,-0.621966,1.1929147,-1.0262265,2.1943014,0.9591743,0.0898871,0.032386385,0.2661933,8.520063,11.181774,0.56262386,0.6361134,-0.45627096,-0.621966,1,-0.07802326202392579,0.05403146743774414,0.4609883689880371,0.5270157337188721,0.7646955523738893,0.4716562092300519,0.43906848267022003,0.3697535811755366,21.185319661206133,0
7.769999999999879,,,,,10.8976,0.37560186,-0.27754363,-0.4635173,1.2781752,-0.9144944,2.1999724,0.9597781,0.093443245,0.031323947,0.26289907,8.53203,11.164534,0.5715513,0.6361134,-0.45627096,-0.621966,1,-0.07802326202392579,0.05403146743774414,0.4609883689880371,0.5270157337188721,0.7646955523738893,0.4716562092300519,0.43906848267022003,0.3697535811755366,21.185319661206133,0
7.779999999999879,,,,,10.8976,0.37560186,-0.27754363,-0.4635173,1.3635551,-0.8029384,2.2057316,0.96025014,0.09553744,0.030702166,0.26048478,8.543916,11.146594,0.5802813,0.37560186,-0.27754363,-0.4635173,1,-0.07802326202392579,0.05403146743774414,0.4609883689880371,0.5270157337188721,0.7646955523738893,0.4716562092300519,0.43906848267022003,0.3697535811755366,21.185319661206133,0
7.789999999999878,,,,,10.8976,0.37560186,-0.27754363,-0.4635173,1.4490534,-0.6915643,2.2115777,0.96071184,0.097630605,0.030080054,0.2580677,8.555743,11.128155,0.58893275,0.37560186,-0.27754363,-0.4635173,1,-0.07802326202392579,0.05403146743774414,0.4609883689880371,0.5270157337188721,0.7646955523738893,0.4716562092300519,0.43906848267022003,0.3697535811755366,21.185319661206133,0
7.799999999999878,,,,,10.8976,0.37560186,-0.27754363,-0.4635173,1.5346698,-0.58037704,2.21751,0.96116304,0.09972271,0.029457616,0.25564778,8.567511,11.109218,0.5975036,0.37560186,-0.27754363,-0.4635173,1,-0.07802326202392579,0.05403146743774414,0.4609883689880371,0.5270157337188721,0.7646955523738893,0.4716562092300519,0.43906848267022003,0.3697535811755366,21.185319661206133,0
7.809999999999878,,,,,10.977138,0.14103463,0.0727398,-0.34180355,1.6204034,-0.4693817,2.2235274,0.961604,0.10181374,0.028834859,0.25322512,8.579214,11.089782,0.6059917,0.37560186,-0.27754363,-0.4635173,1,-0.13216973304748536,-0.14203051249186197,0.4339151334762573,0.42898474375406903,0.6820944907791945,0.384263419991858,0.6221645519513568,0.39931153066825686,22.878865418199855,0
7.819999999999878,,,,,10.977138,0.14103463,0.0727398,-0.34180355,1.7062546,-0.35858342,2.2296333,0.96195275,0.10235029,0.02953711,0.25159797,8.591016,11.069857,0.61519235,0.14103463,0.0727398,-0.34180355,1,-0.13216973304748536,-0.14203051249186197,0.4339151334762573,0.42898474375406903,0.6820944907791945,0.384263419991858,0.6221645519513568,0.39931153066825686,22.878865418199855,0
7.8299999999998775,,,,,10.977138,0.14103463,0.0727398,-0.34180355,1.7922244,-0.24798489,2.2358313,0.9622981,0.10288647,0.030239256,0.24996993,8.602961,11.049837,0.6243599,0.14103463,0.0727398,-0.34180355,1,-0.13216973304748536,-0.14203051249186197,0.4339151334762573,0.42898474375406903,0.6820944907791945,0.384263419991858,0.6221645519513568,0.39931153066825686,22.878865418199855,0
7.839999999999877,,,,,10.977138,0.14103463,0.0727398,-0.34180355,1.8783144,-0.137587,2.2421207,0.96264005,0.10342227,0.030941296,0.24834101,8.615049,11.029726,0.63349396,0.14103463,0.0727398,-0.34180355,1,-0.13216973304748536,-0.14203051249186197,0.4339151334762573,0.42898474375406903,0.6820944907791945,0.384263419991858,0.6221645519513568,0.39931153066825686,22.878865418199855,0
7.849999999999877,,,,,10.743306,0.14871755,0.4602534,-0.30930936,1.964526,-0.02739069,2.248501,0.9629786,0.10395771,0.031643227,0.2467112,8.62728,11.00952,0.6425941,0.14103463,0.0727398,-0.34180355,1,-0.13216973304748536,-0.14203051249186197,0.4339151334762573,0.42898474375406903,0.6820944907791945,0.384263419991858,0.6221645519513568,0.39931153066825686,22.878865418199855,0
7.859999999999877,,,,,10.743306,0.14871755,0.4602534,-0.30930936,2.0508597,0.08260545,2.254961,0.9632061,0.10405666,0.034203388,0.24543658,8.639529,10.989725,0.6493749,0.14871755,0.4602534,-0.30930936,1,-0.13216973304748536,-0.14203051249186197,0.4339151334762573,0.42898474375406903,0.6820944907791945,0.384263419991858,0.6221645519513568,0.39931153066825686,22.878865418199855,0
7.869999999999877,,,,,10.743306,0.14871755,0.4602534,-0.30930936,2.1373186,0.19240415,2.2614884,0.96342564,0.10415474,0.036763266,0.24415997,8.652286,10.970031,0.65611404,0.14871755,0.4602534,-0.30930936,1,0.06892102241516113,-0.15088985443115235,0.5344605112075805,0.42455507278442384,0.7920094332953842,0.20078932577322425,0.5765454918969176,0.6546834320602994,37.51059757419493,1
7.879999999999876,,,,,10.743306,0.14871755,0.4602534,-0.30930936,2.2239072,0.3020064,2.268083,0.96363723,0.10425197,0.039322846,0.24288133,8.66555,10.950437,0.6628087,0.14871755,0.4602534,-0.30930936,1,0.06892102241516113,-0.15088985443115235,0.5344605112075805,0.42455507278442384,0.7920094332953842,0.20078932577322425,0.5765454918969176,0.6546834320602994,37.51059757419493,1
7.889999999999876,,,,,10.606861,0.40436488,1.8363781,-0.78871214,2.3106313,0.4114132,2.2747445,0.9638409,0.10434834,0.0418821,0.24160069,8.679323,10.93094,0.66945606,0.14871755,0.4602534,-0.30930936,1,0.06892102241516113,-0.15088985443115235,0.5344605112075805,0.42455507278442384,0.7920094332953842,0.20078932577322425,0.5765454918969176,0.6546834320602994,37.51059757419493,1
7.899999999999876,,,,,10.606861,0.40436488,1.8363781,-0.78871214,2.3974965,0.52062726,2.2814653,0.9641481,0.10390812,0.051629618,0.23866068,8.693951,10.911958,0.6746806,0.40436488,1.8363781,-0.78871214,1,0.06892102241516113,-0.15088985443115235,0.5344605112075805,0.42455507278442384,0.7920094332953842,0.20078932577322425,0.5765454918969176,0.6546834320602994,37.51059757419493,1
7.909999999999876,,,,,10.606861,0.40436488,1.8363781,-0.78871214,2.484517,0.6296542,2.2882376,0.964355,0.10345711,0.061371766,0.23569582,8.710485,10.893523,0.6797163,0.40436488,1.8363781,-0.78871214,1,0.06892102241516113,-0.15088985443115235,0.5344605112075805,0.42455507278442384,0.7920094332953842,0.20078932577322425,0.5765454918969176,0.6546834320602994,37.51059757419493,1
7.919999999999876,,,,,10.606861,0.40436488,1.8363781,-0.78871214,2.5717125,0.73849964,2.2950592,0.9644617,0.10299535,0.07110754,0.23270647,8.728928,10.875627,0.68452334,0.40436488,1.8363781,-0.78871214,1,0.06892102241516113,-0.15088985443115235,0.5344605112075805,0.42455507278442384,0.7920094332953842,0.20078932577322425,0.5765454918969176,0.6546834320602994,37.51059757419493,1
7.929999999999875,,,,,11.130691,0.40300998,1.5705163,-0.70607674,2.659102,0.8471687,2.3019276,0.9644681,0.10252288,0.08083591,0.22969295,8.749274,10.858262,0.6890621,0.40436488,1.8363781,-0.78871214,1,0.06892102241516113,-0.15088985443115235,0.5344605112075805,0.42455507278442384,0.7920094332953842,0.20078932577322425,0.5765454918969176,0.6546834320602994,37.51059757419493,1
7.939999999999875,,,,,11.130691,0.40300998,1.5705163,-0.70607674,2.7467093,0.95566237,2.308865,0.96440005,0.10237326,0.08923099,0.22692125,8.772521,10.840537,0.6983602,0.40300998,1.5705163,-0.70607674,1,0.022494773864746093,0.09147704442342122,0.511247386932373,0.5457385222117106,0.9007617205672923,0.3285158814956506,0.28408737804729545,0.5407327579601623,30.98170487558637,1
7.949999999999875,,,,,11.130691,0.40300998,1.5705163,-0.70607674,2.834558,1.0639808,2.315894,0.9642564,0.10221563,0.0976191,0.22413181,8.797498,10.823217,0.7073358,0.40300998,1.5705163,-0.70607674,1,0.022494773864746093,0.09147704442342122,0.511247386932373,0.5457385222117106,0.9007617205672923,0.3285158814956506,0.28408737804729545,0.5407327579601623,30.98170487558637,1
7.959999999999875,,,,,11.130691,0.40300998,1.5705163,-0.70607674,2.922665,1.1721281,2.3230104,0.9640374,0.10205001,0.105999574,0.22132483,8.824199,10.806294,0.71595824,0.40300998,1.5705163,-0.70607674,1,0.022494773864746093,0.09147704442342122,0.511247386932373,0.5457385222117106,0.9007617205672923,0.3285158814956506,0.28408737804729545,0.5407327579601623,30.98170487558637,1
7.9699999999998745,,,,,11.205421,0.4568438,0.5317786,-0.63639903,3.0110478,1.2801082,2.3302114,0.9637431,0.101876415,0.11437177,0.21850054,8.852619,10.789762,0.72419685,0.40300998,1.5705163,-0.70607674,1,0.022494773864746093,0.09147704442342122,0.511247386932373,0.5457385222117106,0.9007617205672923,0.3285158814956506,0.28408737804729545,0.5407327579601623,30.98170487558637,1
7.979999999999874,,,,,11.205421,0.4568438,0.5317786,-0.63639903,3.099723,1.3879237,2.3374965,0.96389073,0.10313177,0.11775624,0.21544111,8.882583,10.773288,0.7328063,0.4568438,0.5317786,-0.63639903,1,0.022494773864746093,0.09147704442342122,0.511247386932373,0.5457385222117106,0.9007617205672923,0.3285158814956506,0.28408737804729545,0.5407327579601623,30.98170487558637,1
7.989999999999874,,,,,11.205421,0.4568438,0.5317786,-0.63639903,3.1887019,1.4955735,2.3448665,0.9640168,0.10438481,0.12113807,0.21237683,8.913271,10.756622,0.74117994,0.4568438,0.5317786,-0.63639903,1,0.022494773864746093,0.09147704442342122,0.511247386932373,0.5457385222117106,0.9007617205672923,0.3285158814956506,0.28408737804729545,0.5407327579601623,30.98170487558637,1
7.999999999999874,,,,,11.205421,0.4568438,0.5317786,-0.63639903,3.2779908,1.6030557,2.3523192,0.9641212,0.10563552,0.124517195,0.2093078,8.94468,10.739763,0.74931216,0.4568438,0.5317786,-0.63639903,1,0.022494773864746093,0.09147704442342122,0.511247386932373,0.5457385222117106,0.9007617205672923,0.3285158814956506,0.28408737804729545,0.5407327579601623,30.98170487558637,1
8.009999999999874,,,,,11.005989,0.7269647,-0.21273944,-0.7380755,3.3675978,1.7103682,2.359852,0.964204,0.106883846,0.12789351,0.20623408,8.9768095,10.722705,0.75719744,0.4568438,0.5317786,-0.63639903,1,0.01800995469093323,0.20121458689371743,0.5090049773454666,0.6006072934468587,0.9352595822629406,0.33800747122758024,0.10507360838805396,0.5269946735278335,30.194570619019547,1
8.019999999999873,,,,,11.005989,0.7269647,-0.21273944,-0.7380755,3.457526,1.8175099,2.367453,0.96469915,0.110134445,0.12801018,0.20209436,9.008839,10.705521,0.7629819,0.7269647,-0.21273944,-0.7380755,1,0.01800995469093323,0.20121458689371743,0.5090049773454666,0.6006072934468587,0.9352595822629406,0.33800747122758024,0.10507360838805396,0.5269946735278335,30.194570619019547,1
8.029999999999873,,,,,11.005989,0.7269647,-0.21273944,-0.7380755,3.547775,1.9244758,2.375111,0.9651673,0.11338197,0.12812328,0.197949,9.040951,10.687523,0.76860285,0.7269647,-0.21273944,-0.7380755,1,0.01800995469093323,0.20121458689371743,0.5090049773454666,0.6006072934468587,0.9352595822629406,0.33800747122758024,0.10507360838805396,0.5269946735278335,30.194570619019547,1
8.039999999999873,,,,,11.005989,0.7269647,-0.21273944,-0.7380755,3.6383455,2.0312576,2.3828247,0.9656085,0.11662632,0.12823278,0.19379811,9.073138,10.668713,0.774056,0.7269647,-0.21273944,-0.7380755,1,0.01800995469093323,0.20121458689371743,0.5090049773454666,0.6006072934468587,0.9352595822629406,0.33800747122758024,0.10507360838805396,0.5269946735278335,30.194570619019547,1
8.049999999999873,,,,,10.6958685,1.0104831,-0.29675564,-0.8040297,3.7292383,2.1378472,2.3905919,0.9660227,0.11986741,0.12833866,0.1896418,9.105393,10.649089,0.77933717,0.7269647,-0.21273944,-0.7380755,1,0.01800995469093323,0.20121458689371743,0.5090049773454666,0.6006072934468587,0.9352595822629406,0.33800747122758024,0.10507360838805396,0.5269946735278335,30.194570619019547,1
8.059999999999873,,,,,10.6958685,1.0104831,-0.29675564,-0.8040297,3.820449,2.244239,2.3983963,0.9663487,0.12451094,0.12834251,0.18492785,9.136806,10.629113,0.7815084,1.0104831,-0.29675564,-0.8040297,1,0.01800995469093323,0.20121458689371743,0.5090049773454666,0.6006072934468587,0.9352595822629406,0.33800747122758024,0.10507360838805396,0.5269946735278335,30.194570619019547,1
8.069999999999872,,,,,10.6958685,1.0104831,-0.29675564,-0.8040297,3.9119747,2.3504257,2.4062212,0.9666323,0.129149,0.12834074,0.18020576,9.168284,10.608041,0.78343344,1.0104831,-0.29675564,-0.8040297,1,0.04927825450897217,0.08838881174723308,0.5246391272544861,0.5441944058736166,0.9565422918578879,0.21560503205260542,0.1963194183998475,0.6363764499589127,36.461684764163934,1
8.079999999999872,,,,,10.6958685,1.0104831,-0.29675564,-0.8040297,4.003815,2.456396,2.414064,0.96687347,0.1337814,0.12833332,0.17547578,9.1998205,10.585872,0.78510374,1.0104831,-0.29675564,-0.8040297,1,0.04927825450897217,0.08838881174723308,0.5246391272544861,0.5441944058736166,0.9565422918578879,0.21560503205260542,0.1963194183998475,0.6363764499589127,36.461684764163934,1
8.089999999999872,,,,,10.427872,1.2973977,-0.5369681,-0.7748233,4.095971,2.5621395,2.421922,0.9670722,0.13840795,0.12832028,0.1707381,9.2314005,10.562609,0.78651065,1.0104831,-0.29675564,-0.8040297,1,0.04927825450897217,0.08838881174723308,0.5246391272544861,0.5441944058736166,0.9565422918578879,0.21560503205260542,0.1963194183998475,0.6363764499589127,36.461684764163934,1
8.099999999999872,,,,,10.427872,1.2973977,-0.5369681,-0.7748233,4.188439,2.6676474,2.4297807,0.96714926,0.1446381,0.1273635,0.1657821,9.262168,10.538728,0.78514236,1.2973977,-0.5369681,-0.7748233,1,0.04927825450897217,0.08838881174723308,0.5246391272544861,0.5441944058736166,0.9565422918578879,0.21560503205260542,0.1963194183998475,0.6363764499589127,36.461684764163934,1
8.109999999999872,,,,,10.427872,1.2973977,-0.5369681,-0.7748233,4.281214,2.7729092,2.437624,0.9671641,0.15085897,0.12639855,0.16081542,9.292809,10.513423,0.7834515,1.2973977,-0.5369681,-0.7748233,1,0.04927825450897217,0.08838881174723308,0.5246391272544861,0.5441944058736166,0.9565422918578879,0.21560503205260542,0.1963194183998475,0.6363764499589127,36.461684764163934,1
8.119999999999871,,,,,10.427872,1.2973977,-0.5369681,-0.7748233,4.3742948,2.877911,2.4454489,0.9671168,0.15707012,0.12542544,0.15583842,9.323308,10.486702,0.78142256,1.2973977,-0.5369681,-0.7748233,1,0.04927825450897217,0.08838881174723308,0.5246391272544861,0.5441944058736166,0.9565422918578879,0.21560503205260542,0.1963194183998475,0.6363764499589127,36.461684764163934,1
8.129999999999871,,,,,9.987952,1.5480775,-0.99556315,-0.7960943,4.46768,2.9826386,2.4532516,0.9670072,0.16327116,0.1244443,0.1508514,9.353648,10.45857,0.77904004,1.2973977,-0.5369681,-0.7748233,1,0.04927825450897217,0.08838881174723308,0.5246391272544861,0.5441944058736166,0.9565422918578879,0.21560503205260542,0.1963194183998475,0.6363764499589127,36.461684764163934,1
8.139999999999871,,,,,9.987952,1.5480775,-0.99556315,-0.7960943,4.561361,3.0870836,2.4610085,0.9669147,0.1710034,0.12144205,0.14521877,9.382404,10.430135,0.77226466,1.5480775,-0.99556315,-0.7960943,1,0.037731029987335206,0.0621565310160319,0.5188655149936676,0.531078265508016,0.9662248643765246,0.12312611275240702,0.22638346189385894,0.7114841766010305,40.76504050957957,1
8.14999999999987,,,,,9.987952,1.5480775,-0.99556315,-0.7960943,4.6553264,3.1912353,2.4686956,0.966725,0.17871845,0.1184276,0.13957156,9.410611,10.399988,0.7651108,1.5480775,-0.99556315,-0.7960943,1,0.037731029987335206,0.0621565310160319,0.5188655149936676,0.531078265508016,0.9662248643765246,0.12312611275240702,0.22638346189385894,0.7114841766010305,40.76504050957957,1
8.15999999999987,,,,,9.987952,1.5480775,-0.99556315,-0.7960943,4.7495713,3.295077,2.4763095,0.9664382,0.18641552,0.11540124,0.13391033,9.438244,10.368142,0.75755274,1.5480775,-0.99556315,-0.7960943,1,0.037731029987335206,0.0621565310160319,0.5188655149936676,0.531078265508016,0.9662248643765246,0.12312611275240702,0.22638346189385894,0.7114841766010305,40.76504050957957,1
8.16999999999987,,,,,9.5907,1.5798469,-1.1557047,-0.80281067,4.8440895,3.3985922,2.4838455,0.9660541,0.19409385,0.11236328,0.12823562,9.4652815,10.334611,0.7495652,1.5480775,-0.99556315,-0.7960943,1,0.037731029987335206,0.0621565310160319,0.5188655149936676,0.531078265508016,0.9662248643765246,0.12312611275240702,0.22638346189385894,0.7114841766010305,40.76504050957957,1
8.17999999999987,,,,,9.5907,1.5798469,-1.1557047,-0.80281067,4.93887,3.5017705,2.4912815,0.9656309,0.20200393,0.10856676,0.1223416,9.4906,10.300782,0.7375614,1.5798469,-1.1557047,-0.80281067,1,0.037731029987335206,0.0621565310160319,0.5188655149936676,0.531078265508016,0.9662248643765246,0.12312611275240702,0.22638346189385894,0.7114841766010305,40.76504050957957,1
8.18999999999987,,,,,9.5907,1.5798469,-1.1557047,-0.80281067,5.0338993,3.6046023,2.4985952,0.96509963,0.20989138,0.1047581,0.116433896,9.5151615,10.265295,0.7251074,1.5798469,-1.1557047,-0.80281067,1,0.037731029987335206,0.0621565310160319,0.5188655149936676,0.531078265508016,0.9662248643765246,0.12312611275240702,0.22638346189385894,0.7114841766010305,40.76504050957957,1
8.19999999999987,,,,,9.5907,1.5798469,-1.1557047,-0.80281067,5.1291704,3.707071,2.5057821,0.9644604,0.21775536,0.10093771,0.11051316,9.538948,10.228168,0.7121758,1.5798469,-1.1557047,-0.80281067,1,0.037731029987335206,0.0621565310160319,0.5188655149936676,0.531078265508016,0.9662248643765246,0.12312611275240702,0.22638346189385894,0.7114841766010305,40.76504050957957,1
8.20999999999987,,,,,9.323009,1.7255052,-1.1189787,-0.9261284,5.224675,3.8091602,2.512837,0.9637132,0.22559495,0.097106025,0.10458005,9.5619335,10.189419,0.6987399,1.5798469,-1.1557047,-0.80281067,1,0.14833296775817872,-0.08138171513875325,0.5741664838790894,0.4593091424306234,0.9355127291681875,-0.1616366887083675,0.31414887303264993,0.9882463106437456,56.622342719261106,1
8.21999999999987,,,,,9.323009,1.7255052,-1.1189787,-0.9261284,5.3204026,3.910859,2.519743,0.9627332,0.23403035,0.09365497,0.098010965,9.583499,10.150153,0.68239933,1.7255052,-1.1189787,-0.9261284,1,0.14833296775817872,-0.08138171513875325,0.5741664838790894,0.4593091424306234,0.9355127291681875,-0.1616366887083675,0.31414887303264993,0.9882463106437456,56.622342719261106,1
8.229999999999869,,,,,9.323009,1.7255052,-1.1189787,-0.9261284,5.4163423,4.0121574,2.5264828,0.96163076,0.24243598,0.090192005,0.091429405,9.604296,10.10924,0.6654481,1.7255052,-1.1189787,-0.9261284,1,0.14833296775817872,-0.08138171513875325,0.5741664838790894,0.4593091424306234,0.9355127291681875,-0.1616366887083675,0.31414887303264993,0.9882463106437456,56.622342719261106,1
8.239999999999869,,,,,9.323009,1.7255052,-1.1189787,-0.9261284,5.5124855,4.1130385,2.5330498,0.960406,0.25081074,0.08671756,0.08483623,9.624299,10.066702,0.64785844,1.7255052,-1.1189787,-0.9261284,1,0.14833296775817872,-0.08138171513875325,0.5741664838790894,0.4593091424306234,0.9355127291681875,-0.1616366887083675,0.31414887303264993,0.9882463106437456,56.622342719261106,1
8.249999999999869,,,,,9.43708,1.5669826,-1.1562642,-1.0437374,5.6088247,4.213486,2.5394375,0.9590592,0.25915366,0.0832321,0.07823226,9.643486,10.022563,0.62960297,1.7255052,-1.1189787,-0.9261284,1,0.14833296775817872,-0.08138171513875325,0.5741664838790894,0.4593091424306234,0.9355127291681875,-0.1616366887083675,0.31414887303264993,0.9882463106437456,56.622342719261106,1
8.259999999999868,,,,,9.43708,1.5669826,-1.1562642,-1.0437374,5.7053533,4.3134813,2.5456443,0.9578597,0.26666975,0.07964785,0.071072236,9.662037,9.976333,0.61165357,1.5669826,-1.1562642,-1.0437374,1,0.14833296775817872,-0.08138171513875325,0.5741664838790894,0.4593091424306234,0.9355127291681875,-0.1616366887083675,0.31414887303264993,0.9882463106437456,56.622342719261106,1
8.269999999999868,,,,,9.43708,1.5669826,-1.1562642,-1.0437374,5.8020625,4.4130073,2.5516684,0.95654327,0.2741533,0.07605387,0.06390354,9.679662,9.92865,0.59305996,1.5669826,-1.1562642,-1.0437374,1,0.22532058715820313,-0.0843662707010905,0.6126602935791016,0.45781686464945476,0.9034116128890354,-0.33982952029692876,0.26146386907561636,1.1578849935379454,66.34192329125686,1
8.279999999999868,,,,,9.43708,1.5669826,-1.1562642,-1.0437374,5.8989434,4.5120497,2.5575032,0.9551102,0.2816034,0.07245061,0.05672704,9.696341,9.879541,0.5737997,1.5669826,-1.1562642,-1.0437374,1,0.22532058715820313,-0.0843662707010905,0.6126602935791016,0.45781686464945476,0.9034116128890354,-0.33982952029692876,0.26146386907561636,1.1578849935379454,66.34192329125686,1
8.289999999999868,,,,,9.695525,1.5303758,-0.87139356,-1.2816104,5.995986,4.610594,2.563142,0.9535605,0.2890191,0.068838514,0.04954362,9.712049,9.829031,0.5538508,1.5669826,-1.1562642,-1.0437374,1,0.22532058715820313,-0.0843662707010905,0.6126602935791016,0.45781686464945476,0.9034116128890354,-0.33982952029692876,0.26146386907561636,1.1578849935379454,66.34192329125686,1
8.299999999999867,,,,,9.695525,1.5303758,-0.87139356,-1.2816104,6.0931826,4.7086186,2.5685885,0.9519098,0.2960731,0.066911,0.041644383,9.727269,9.77575,0.5353097,1.5303758,-0.87139356,-1.2816104,1,0.22532058715820313,-0.0843662707010905,0.6126602935791016,0.45781686464945476,0.9034116128890354,-0.33982952029692876,0.26146386907561636,1.1578849935379454,66.34192329125686,1
8.309999999999867,,,,,9.695525,1.5303758,-0.87139356,-1.2816104,6.1905284,4.806104,2.5738456,0.95014626,0.303092,0.06497554,0.033740204,9.741716,9.721148,0.51601267,1.5303758,-0.87139356,-1.2816104,1,0.22532058715820313,-0.0843662707010905,0.6126602935791016,0.45781686464945476,0.9034116128890354,-0.33982952029692876,0.26146386907561636,1.1578849935379454,66.34192329125686,1
8.319999999999867,,,,,9.695525,1.5303758,-0.87139356,-1.2816104,6.2880144,4.903037,2.578906,0.9482701,0.3100749,0.063032374,0.025832027,9.755368,9.665248,0.4959437,1.5303758,-0.87139356,-1.2816104,1,0.22532058715820313,-0.0843662707010905,0.6126602935791016,0.45781686464945476,0.9034116128890354,-0.33982952029692876,0.26146386907561636,1.1578849935379454,66.34192329125686,1
8.329999999999867,,,,,10.465395,1.4768052,0.0838375,-1.2792625,6.385633,4.999405,2.5837617,0.94628143,0.31702104,0.06108173,0.017920787,9.768201,9.608072,0.47508678,1.5303758,-0.87139356,-1.2816104,1,0.22532058715820313,-0.0843662707010905,0.6126602935791016,0.45781686464945476,0.9034116128890354,-0.33982952029692876,0.26146386907561636,1.1578849935379454,66.34192329125686,1
8.339999999999867,,,,,10.465395,1.4768052,0.0838375,-1.2792625,6.4833817,5.0951715,2.5884352,0.9439844,0.32359493,0.06363553,0.011549182,9.781515,9.545052,0.4594696,1.4768052,0.0838375,-1.2792625,1,0.11890631675720215,-0.05404544194539388,0.5594531583786011,0.4729772790273031,0.8918850651481757,-0.3712302714380787,0.2583197943124857,1.1675835162872383,66.89760771230297,1
8.349999999999866,,,,,10.465395,1.4768052,0.0838375,-1.2792625,6.581264,5.190302,2.5929477,0.9415971,0.33013788,0.06618324,0.005176472,9.79489,9.480814,0.4428981,1.4768052,0.0838375,-1.2792625,1,0.11890631675720215,-0.05404544194539388,0.5594531583786011,0.4729772790273031,0.8918850651481757,-0.3712302714380787,0.2583197943124857,1.1675835162872383,66.89760771230297,1
8.359999999999866,,,,,10.465395,1.4768052,0.0838375,-1.2792625,6.67928,5.284784,2.5972898,0.93911976,0.33664927,0.068724625,-0.0011967325,9.808302,9.415371,0.4253561,1.4768052,0.0838375,-1.2792625,1,0.11890631675720215,-0.05404544194539388,0.5594531583786011,0.4729772790273031,0.8918850651481757,-0.3712302714380787,0.2583197943124857,1.1675835162872383,66.89760771230297,1
8.369999999999866,,,,,11.669872,1.4831301,1.192714,-1.1620314,6.77743,5.378605,2.6014514,0.9365527,0.3431285,0.07125945,-0.0075698225,9.821729,9.348735,0.4068277,1.4768052,0.0838375,-1.2792625,1,0.11890631675720215,-0.05404544194539388,0.5594531583786011,0.4729772790273031,0.8918850651481757,-0.3712302714380787,0.2583197943124857,1.1675835162872383,66.89760771230297,1
8.379999999999866,,,,,11.669872,1.4831301,1.192714,-1.1620314,6.875724,5.471715,2.605468,0.93348116,0.3496833,0.07877756,-0.011492954,9.837172,9.273129,0.39626852,1.4831301,1.192714,-1.1620314,1,0.11890631675720215,-0.05404544194539388,0.5594531583786011,0.4729772790273031,0.8918850651481757,-0.3712302714380787,0.2583197943124857,1.1675835162872383,66.89760771230297,1
8.389999999999866,,,,,11.669872,1.4831301,1.192714,-1.1620314,6.974178,5.564063,2.6093724,0.9302935,0.35619465,0.08628587,-0.015414656,9.85386,9.19626,0.38437158,1.4831301,1.192714,-1.1620314,1,0.11890631675720215,-0.05404544194539388,0.5594531583786011,0.4729772790273031,0.8918850651481757,-0.3712302714380787,0.2583197943124857,1.1675835162872383,66.89760771230297,1
8.399999999999865,,,,,11.669872,1.4831301,1.192714,-1.1620314,7.072805,5.6556363,2.6131508,0.92699015,0.36266172,0.09378345,-0.019334443,9.871766,9.118145,0.37109828,1.4831301,1.192714,-1.1620314,1,0.11890631675720215,-0.05404544194539388,0.5594531583786011,0.4729772790273031,0.8918850651481757,-0.3712302714380787,0.2583197943124857,1.1675835162872383,66.89760771230297,1
8.409999999999865,,,,,12.690851,1.1975486,1.4521873,-1.1336207,7.171617,5.7464223,2.6167896,0.92357165,0.36908367,0.10126939,-0.023251826,9.890862,9.038798,0.35641074,1.4831301,1.192714,-1.1620314,1,0.18183238983154296,-0.011974452336629231,0.5909161949157715,0.4940127738316854,0.8920845883214954,-0.4477182680750336,0.06110187976781596,1.2055658599322,69.07383569917482,1
8.419999999999865,,,,,12.690851,1.1975486,1.4521873,-1.1336207,7.270635,5.8363733,2.6203103,0.9204389,0.37418622,0.10992188,-0.026411742,9.913029,8.95129,0.34750897,1.1975486,1.4521873,-1.1336207,1,0.18183238983154296,-0.011974452336629231,0.5909161949157715,0.4940127738316854,0.8920845883214954,-0.4477182680750336,0.06110187976781596,1.2055658599322,69.07383569917482,1
8.429999999999865,,,,,12.690851,1.1975486,1.4521873,-1.1336207,7.369883,5.9254446,2.623735,0.917195,0.37924358,0.118561104,-0.02956847,9.936796,8.86275,0.33716506,1.1975486,1.4521873,-1.1336207,1,0.18183238983154296,-0.011974452336629231,0.5909161949157715,0.4940127738316854,0.8920845883214954,-0.4477182680750336,0.06110187976781596,1.2055658599322,69.07383569917482,1
8.439999999999864,,,,,12.690851,1.1975486,1.4521873,-1.1336207,7.4693766,6.013625,2.627049,0.9138405,0.38425517,0.127186,-0.032721624,9.962136,8.773193,0.3253376,1.1975486,1.4521873,-1.1336207,1,0.18183238983154296,-0.011974452336629231,0.5909161949157715,0.4940127738316854,0.8920845883214954,-0.4477182680750336,0.06110187976781596,1.2055658599322,69.07383569917482,1
8.449999999999864,,,,,13.070534,0.7148309,0.96651924,-0.92783856,7.5691314,6.1009054,2.630237,0.91037565,0.38922042,0.13579556,-0.03587083,9.989019,8.682638,0.3119858,1.1975486,1.4521873,-1.1336207,1,0.18183238983154296,-0.011974452336629231,0.5909161949157715,0.4940127738316854,0.8920845883214954,-0.4477182680750336,0.06110187976781596,1.2055658599322,69.07383569917482,1
8.459999999999864,,,,,13.070534,0.7148309,0.96651924,-0.92783856,7.669166,6.187261,2.633297,0.9081356,0.39200637,0.14186853,-0.03869759,10.018081,8.588512,0.2997916,0.7148309,0.96651924,-0.92783856,1,0.18183238983154296,-0.011974452336629231,0.5909161949157715,0.4940127738316854,0.8920845883214954,-0.4477182680750336,0.06110187976781596,1.2055658599322,69.07383569917482,1
8.469999999999864,,,,,13.070534,0.7148309,0.96651924,-0.92783856,7.7694964,6.2726736,2.6362298,0.90584326,0.3947697,0.14793333,-0.041522115,10.048182,8.493794,0.2865809,0.7148309,0.96651924,-0.92783856,1,0.04533270835876465,-0.04728161176045736,0.5226663541793823,0.47635919411977135,0.9191794398052087,-0.38872148372143345,0.06328321683345896,1.1018540192056807,63.13158494001226,1
8.479999999999864,,,,,13.070534,0.7148309,0.96651924,-0.92783856,7.8701334,6.357136,2.6390252,0.90349865,0.39751032,0.1539896,-0.044344246,10.079309,8.398489,0.27233568,0.7148309,0.96651924,-0.92783856,1,0.04533270835876465,-0.04728161176045736,0.5226663541793823,0.47635919411977135,0.9191794398052087,-0.38872148372143345,0.06328321683345896,1.1018540192056807,63.13158494001226,1
8.489999999999863,,,,,12.86396,0.29239985,0.5700249,-0.6646334,7.971086,6.440642,2.641673,0.90110195,0.400228,0.16003697,-0.04716382,10.111447,8.302599,0.25703827,0.7148309,0.96651924,-0.92783856,1,0.04533270835876465,-0.04728161176045736,0.5226663541793823,0.47635919411977135,0.9191794398052087,-0.38872148372143345,0.06328321683345896,1.1018540192056807,63.13158494001226,1
8.499999999999863,,,,,12.86396,0.29239985,0.5700249,-0.6646334,8.072363,6.523194,2.6441565,0.89989436,0.40114376,0.16386457,-0.0492511,10.143922,8.207787,0.23958692,0.29239985,0.5700249,-0.6646334,1,0.04533270835876465,-0.04728161176045736,0.5226663541793823,0.47635919411977135,0.9191794398052087,-0.38872148372143345,0.06328321683345896,1.1018540192056807,63.13158494001226,1
8.509999999999863,,,,,12.86396,0.29239985,0.5700249,-0.6646334,8.173966,6.604797,2.646463,0.89866763,0.40205094,0.16768868,-0.05133732,10.177005,8.112753,0.22162557,0.29239985,0.5700249,-0.6646334,1,0.04533270835876465,-0.04728161176045736,0.5226663541793823,0.47635919411977135,0.9191794398052087,-0.38872148372143345,0.06328321683345896,1.1018540192056807,63.13158494001226,1
8.519999999999863,,,,,12.86396,0.29239985,0.5700249,-0.6646334,8.275904,6.685448,2.6485872,0.89742166,0.40294954,0.17150924,-0.053422455,10.210691,8.017498,0.20314837,0.29239985,0.5700249,-0.6646334,1,0.04533270835876465,-0.04728161176045736,0.5226663541793823,0.47635919411977135,0.9191794398052087,-0.38872148372143345,0.06328321683345896,1.1018540192056807,63.13158494001226,1
8.529999999999863,,,,,12.781475,0.20635799,0.47159204,-0.59989345,8.378181,6.765146,2.6505241,0.8961566,0.40383956,0.17532612,-0.05550645,10.244976,7.9220214,0.18414943,0.29239985,0.5700249,-0.6646334,1,0.04533270835876465,-0.04728161176045736,0.5226663541793823,0.47635919411977135,0.9191794398052087,-0.38872148372143345,0.06328321683345896,1.1018540192056807,63.13158494001226,1
8.539999999999862,,,,,12.781475,0.20635799,0.47159204,-0.59989345,8.4808035,6.8438907,2.652266,0.89515305,0.40436605,0.17859189,-0.057422668,10.279596,7.826964,0.16416536,0.20635799,0.47159204,-0.59989345,1,0.05866250038146972,-0.22081657409667968,0.5293312501907349,0.3895917129516602,0.8548120267631659,-0.5091035584370651,0.10054832513655368,1.1879207091006418,68.06284302765478,1
8.549999999999862,,,,,12.781475,0.20635799,0.47159204,-0.59989345,8.5837755,6.9216843,2.6538062,0.8941355,0.40488622,0.18185486,-0.05933799,10.314713,7.7317557,0.14377555,0.20635799,0.47159204,-0.59989345,1,0.05866250038146972,-0.22081657409667968,0.5293312501907349,0.3895917129516602,0.8548120267631659,-0.5091035584370651,0.10054832513655368,1.1879207091006418,68.06284302765478,1
8.559999999999862,,,,,12.781475,0.20635799,0.47159204,-0.59989345,8.6871,6.9985247,2.6551404,0.89310396,0.40540007,0.185115,-0.06125238,10.350322,7.636397,0.12297596,0.20635799,0.47159204,-0.59989345,1,0.05866250038146972,-0.22081657409667968,0.5293312501907349,0.3895917129516602,0.8548120267631659,-0.5091035584370651,0.10054832513655368,1.1879207091006418,68.06284302765478,1
8.569999999999862,,,,,12.716015,0.33532068,0.076564305,-0.642136,8.790784,7.0744114,2.6562645,0.8920585,0.40590757,0.18837222,-0.06316582,10.38642,7.5408874,0.101762615,0.20635799,0.47159204,-0.59989345,1,0.05866250038146972,-0.22081657409667968,0.5293312501907349,0.3895917129516602,0.8548120267631659,-0.5091035584370651,0.10054832513655368,1.1879207091006418,68.06284302765478,1
8.579999999999862,,,,,12.716015,0.33532068,0.076564305,-0.642136,8.894829,7.1493444,2.6571722,0.89109707,0.40681988,0.18990982,-0.066189945,10.4226265,7.445669,0.07977022,0.33532068,0.076564305,-0.642136,1,0.05866250038146972,-0.22081657409667968,0.5293312501907349,0.3895917129516602,0.8548120267631659,-0.5091035584370651,0.10054832513655368,1.1879207091006418,68.06284302765478,1
8.589999999999861,,,,,12.716015,0.33532068,0.076564305,-0.642136,8.999236,7.223324,2.6578586,0.8901239,0.4077268,0.19144487,-0.0692132,10.458805,7.350173,0.057441235,0.33532068,0.076564305,-0.642136,1,0.05866250038146972,-0.22081657409667968,0.5293312501907349,0.3895917129516602,0.8548120267631659,-0.5091035584370651,0.10054832513655368,1.1879207091006418,68.06284302765478,1
8.599999999999861,,,,,12.716015,0.33532068,0.076564305,-0.642136,9.104005,7.2963467,2.6583202,0.8891389,0.40862828,0.19297738,-0.072235525,10.494956,7.2544,0.034775402,0.33532068,0.076564305,-0.642136,1,0.05866250038146972,-0.22081657409667968,0.5293312501907349,0.3895917129516602,0.8548120267631659,-0.5091035584370651,0.10054832513655368,1.1879207091006418,68.06284302765478,1
8.60999999999986,,,,,12.962137,0.6231597,-0.32258725,-0.7330606,9.209135,7.36841,2.6585534,0.8881421,0.40952438,0.19450735,-0.07525689,10.531074,7.1583495,0.011772489,0.33532068,0.076564305,-0.642136,1,0.07453353881835938,-0.1224163564046224,0.5372667694091797,0.43879182179768883,0.876038433093496,-0.48171212564588467,-0.022585210842851144,1.0997437369758427,63.01067467466108,1
8.61999999999986,,,,,12.962137,0.6231597,-0.32258725,-0.7330606,9.3146305,7.4395027,2.658562,0.88689256,0.41145205,0.19433887,-0.07977779,10.567635,7.0600624,-0.010139308,0.6231597,-0.32258725,-0.7330606,1,0.07453353881835938,-0.1224163564046224,0.5372667694091797,0.43879182179768883,0.876038433093496,-0.48171212564588467,-0.022585210842851144,1.0997437369758427,63.01067467466108,1
8.62999999999986,,,,,12.962137,0.6231597,-0.32258725,-0.7330606,9.420486,7.5096097,2.6583493,0.8856201,0.41336915,0.1941654,-0.084296644,10.603573,6.961243,-0.032444082,0.6231597,-0.32258725,-0.7330606,1,0.07453353881835938,-0.1224163564046224,0.5372667694091797,0.43879182179768883,0.876038433093496,-0.48171212564588467,-0.022585210842851144,1.0997437369758427,63.01067467466108,1
8.63999999999986,,,,,12.962137,0.6231597,-0.32258725,-0.7330606,9.5267,7.578726,2.6579118,0.884325,0.4152756,0.19398691,-0.08881332,10.638881,6.861898,-0.05514099,0.6231597,-0.32258725,-0.7330606,1,0.07453353881835938,-0.1224163564046224,0.5372667694091797,0.43879182179768883,0.876038433093496,-0.48171212564588467,-0.022585210842851144,1.0997437369758427,63.01067467466108,1
8.64999999999986,,,,,13.182526,0.8331409,-0.5404363,-0.76660013,9.633263,7.646846,2.6572452,0.88300705,0.41717136,0.19380341,-0.09332771,10.6735525,6.762034,-0.078229144,0.6231597,-0.32258725,-0.7330606,1,0.07453353881835938,-0.1224163564046224,0.5372667694091797,0.43879182179768883,0.876038433093496,-0.48171212564588467,-0.022585210842851144,1.0997437369758427,63.01067467466108,1
8.65999999999986,,,,,13.182526,0.8331409,-0.5404363,-0.76660013,9.7401705,7.713956,2.6563523,0.8814179,0.41984645,0.1926238,-0.098645,10.708029,6.6598864,-0.10046645,0.8331409,-0.5404363,-0.76660013,1,0.07453353881835938,-0.1224163564046224,0.5372667694091797,0.43879182179768883,0.876038433093496,-0.48171212564588467,-0.022585210842851144,1.0997437369758427,63.01067467466108,1
8.66999999999986,,,,,13.182526,0.8331409,-0.5404363,-0.76660013,9.84742,7.7800407,2.6552343,0.87979394,0.42250502,0.1914366,-0.10395842,10.741491,6.557056,-0.12317395,0.8331409,-0.5404363,-0.76660013,1,0.010502431392669678,-0.1477825164794922,0.5052512156963348,0.42610874176025393,0.8603113359336589,-0.5095822214510859,0.013797276724786284,1.082817517030989,62.04087370871081,1
8.67999999999986,,,,,13.182526,0.8331409,-0.5404363,-0.76660013,9.954998,7.845094,2.653887,0.87813544,0.425147,0.19024189,-0.10926774,10.7739315,6.453557,-0.14635168,0.8331409,-0.5404363,-0.76660013,1,0.010502431392669678,-0.1477825164794922,0.5052512156963348,0.42610874176025393,0.8603113359336589,-0.5095822214510859,0.013797276724786284,1.082817517030989,62.04087370871081,1
8.68999999999986,,,,,13.279971,0.98015416,-0.47568774,-0.7733544,10.062895,7.9091096,2.6523058,0.87644243,0.42777222,0.18903968,-0.11457276,10.805341,6.3494024,-0.16999958,0.8331409,-0.5404363,-0.76660013,1,0.010502431392669678,-0.1477825164794922,0.5052512156963348,0.42610874176025393,0.8603113359336589,-0.5095822214510859,0.013797276724786284,1.082817517030989,62.04087370871081,1
8.699999999999859,,,,,13.279971,0.98015416,-0.47568774,-0.7733544,10.171103,7.9720764,2.6504881,0.874333,0.4310544,0.1880435,-0.11990304,10.835937,6.243786,-0.1936364,0.98015416,-0.47568774,-0.7733544,1,0.010502431392669678,-0.1477825164794922,0.5052512156963348,0.42610874176025393,0.8603113359336589,-0.5095822214510859,0.013797276724786284,1.082817517030989,62.04087370871081,1
8.709999999999859,,,,,13.279971,0.98015416,-0.47568774,-0.7733544,10.279611,8.033983,2.6484308,0.87218463,0.43431735,0.18703896,-0.12522796,10.865481,6.1374173,-0.21792248,0.98015416,-0.47568774,-0.7733544,1,0.010502431392669678,-0.1477825164794922,0.5052512156963348,0.42610874176025393,0.8603113359336589,-0.5095822214510859,0.013797276724786284,1.082817517030989,62.04087370871081,1
8.719999999999859,,,,,13.279971,0.98015416,-0.47568774,-0.7733544,10.38841,8.094823,2.6461275,0.8699973,0.43756095,0.18602607,-0.1305473,10.893964,6.0303125,-0.2428588,0.98015416,-0.47568774,-0.7733544,1,0.010502431392669678,-0.1477825164794922,0.5052512156963348,0.42610874176025393,0.8603113359336589,-0.5095822214510859,0.013797276724786284,1.082817517030989,62.04087370871081,1
8.729999999999858,,,,,13.342106,0.9277749,-0.25104988,-0.7170204,10.497487,8.154588,2.6435714,0.8677712,0.44078502,0.18500486,-0.13586082,10.921373,5.9224877,-0.26844618,0.98015416,-0.47568774,-0.7733544,1,0.010502431392669678,-0.1477825164794922,0.5052512156963348,0.42610874176025393,0.8603113359336589,-0.5095822214510859,0.013797276724786284,1.082817517030989,62.04087370871081,1
8.739999999999858,,,,,13.342106,0.9277749,-0.25104988,-0.7170204,10.606834,8.213267,2.640758,0.865456,0.44396874,0.18486229,-0.1403809,10.947934,5.8134575,-0.2943799,0.9277749,-0.25104988,-0.7170204,1,-0.05235002040863037,-0.05101338704427083,0.4738249897956848,0.4744933064778646,0.8752162360621606,-0.481760452268715,-0.043628050185947925,0.9913330203703211,56.799198159175866,1
8.749999999999858,,,,,13.342106,0.9277749,-0.25104988,-0.7170204,10.716444,8.270854,2.6376815,0.8631097,0.44713655,0.18471307,-0.14489594,10.973693,5.703751,-0.32105157,0.9277749,-0.25104988,-0.7170204,1,-0.05235002040863037,-0.05101338704427083,0.4738249897956848,0.4744933064778646,0.8752162360621606,-0.481760452268715,-0.043628050185947925,0.9913330203703211,56.799198159175866,1
8.759999999999858,,,,,13.342106,0.9277749,-0.25104988,-0.7170204,10.826306,8.32734,2.6343346,0.86073244,0.45028827,0.1845572,-0.14940578,10.998641,5.593381,-0.3484621,0.9277749,-0.25104988,-0.7170204,1,-0.05235002040863037,-0.05101338704427083,0.4738249897956848,0.4744933064778646,0.8752162360621606,-0.481760452268715,-0.043628050185947925,0.9913330203703211,56.799198159175866,1
8.769999999999857,,,,,13.649563,0.75674284,-0.025952136,-0.63687,10.936414,8.382719,2.6307096,0.85832417,0.45342383,0.18439472,-0.15391025,11.022769,5.4823585,-0.3766123,0.9277749,-0.25104988,-0.7170204,1,-0.05235002040863037,-0.05101338704427083,0.4738249897956848,0.4744933064778646,0.8752162360621606,-0.481760452268715,-0.043628050185947925,0.9913330203703211,56.799198159175866,1
8.779999999999857,,,,,13.649563,0.75674284,-0.025952136,-0.63687,11.0467615,8.436973,2.6268077,0.8561319,0.45605877,0.1851426,-0.15739807,11.046744,5.3681593,-0.40389746,0.75674284,-0.025952136,-0.63687,1,-0.05235002040863037,-0.05101338704427083,0.4738249897956848,0.4744933064778646,0.8752162360621606,-0.481760452268715,-0.043628050185947925,0.9913330203703211,56.799198159175866,1
8.789999999999857,,,,,13.649563,0.75674284,-0.025952136,-0.63687,11.157347,8.490081,2.6226292,0.8539187,0.45868257,0.18588597,-0.16088207,11.070237,5.2534103,-0.4319126,0.75674284,-0.025952136,-0.63687,1,-0.05235002040863037,-0.05101338704427083,0.4738249897956848,0.4744933064778646,0.8752162360621606,-0.481760452268715,-0.043628050185947925,0.9913330203703211,56.799198159175866,1
8.799999999999857,,,,,13.649563,0.75674284,-0.025952136,-0.63687,11.268166,8.542039,2.6181672,0.85168445,0.46129513,0.18662475,-0.16436212,11.093239,5.1381197,-0.46065852,0.75674284,-0.025952136,-0.63687,1,-0.05235002040863037,-0.05101338704427083,0.4738249897956848,0.4744933064778646,0.8752162360621606,-0.481760452268715,-0.043628050185947925,0.9913330203703211,56.799198159175866,1
8.809999999999857,,,,,13.916445,0.32171813,0.03806227,-0.5248281,11.379211,8.592842,2.6134138,0.8494295,0.4638964,0.18735898,-0.16783816,11.115744,5.0222945,-0.49013597,0.75674284,-0.025952136,-0.63687,1,-0.016731529235839843,-0.04923016548156738,0.49163423538208006,0.47538491725921633,0.8297116710712321,-0.5460990103302228,-0.1155612989046712,1.0064685290950406,57.66639892988573,1
8.819999999999856,,,,,13.916445,0.32171813,0.03806227,-0.5248281,11.490481,8.642473,2.608369,0.8482032,0.46480086,0.18846709,-0.17027947,11.1383095,4.903779,-0.51886934,0.32171813,0.03806227,-0.5248281,1,-0.016731529235839843,-0.04923016548156738,0.49163423538208006,0.47538491725921633,0.8297116710712321,-0.5460990103302228,-0.1155612989046712,1.0064685290950406,57.66639892988573,1
8.829999999999856,,,,,13.916445,0.32171813,0.03806227,-0.5248281,11.601976,8.690917,2.6030352,0.84696877,0.4657009,0.1895734,-0.17271918,11.160713,4.7850294,-0.54795235,0.32171813,0.03806227,-0.5248281,1,-0.016731529235839843,-0.04923016548156738,0.49163423538208006,0.47538491725921633,0.8297116710712321,-0.5460990103302228,-0.1155612989046712,1.0064685290950406,57.66639892988573,1
8.839999999999856,,,,,13.916445,0.32171813,0.03806227,-0.5248281,11.713695,8.7381735,2.5974088,0.8457263,0.4665965,0.19067791,-0.17515722,11.182953,4.666046,-0.57738477,0.32171813,0.03806227,-0.5248281,1,-0.016731529235839843,-0.04923016548156738,0.49163423538208006,0.47538491725921633,0.8297116710712321,-0.5460990103302228,-0.1155612989046712,1.0064685290950406,57.66639892988573,1
8.849999999999856,,,,,14.507181,0.10465305,0.17603782,-0.39917907,11.825635,8.784239,2.5914865,0.8444758,0.4674877,0.19178061,-0.17759359,11.205027,4.5468316,-0.60716635,0.32171813,0.03806227,-0.5248281,1,-0.016731529235839843,-0.04923016548156738,0.49163423538208006,0.47538491725921633,0.8297116710712321,-0.5460990103302228,-0.1155612989046712,1.0064685290950406,57.66639892988573,1
8.859999999999856,,,,,14.507181,0.10465305,0.17603782,-0.39917907,11.9378,8.829084,2.585279,0.84370583,0.46770197,0.19336353,-0.1789675,11.2279825,4.4223657,-0.63436335,0.10465305,0.17603782,-0.39917907,1,-0.016731529235839843,-0.04923016548156738,0.49163423538208006,0.47538491725921633,0.8297116710712321,-0.5460990103302228,-0.1155612989046712,1.0064685290950406,57.66639892988573,1
8.869999999999855,,,,,14.507181,0.10465305,0.17603782,-0.39917907,12.050195,8.872685,2.5787985,0.84293157,0.46791387,0.1949455,-0.18034051,11.251086,4.297793,-0.6617957,0.10465305,0.17603782,-0.39917907,1,-0.06979528903961181,-0.07712275187174479,0.4651023554801941,0.4614386240641276,0.8308388672710825,-0.5499116211227109,-0.08546335814778641,0.9495620964561085,54.4059005125294,1
8.879999999999855,,,,,14.507181,0.10465305,0.17603782,-0.39917907,12.162822,8.91504,2.5720425,0.8421531,0.46812338,0.1965265,-0.18171261,11.274335,4.173114,-0.6894641,0.10465305,0.17603782,-0.39917907,1,-0.06979528903961181,-0.07712275187174479,0.4651023554801941,0.4614386240641276,0.8308388672710825,-0.5499116211227109,-0.08546335814778641,0.9495620964561085,54.4059005125294,1
8.889999999999855,,,,,14.477245,0.06421851,-0.060310338,-0.2895294,12.275682,8.956147,2.5650086,0.84137034,0.46833056,0.1981065,-0.18308382,11.297729,4.0483294,-0.71736926,0.10465305,0.17603782,-0.39917907,1,-0.06979528903961181,-0.07712275187174479,0.4651023554801941,0.4614386240641276,0.8308388672710825,-0.5499116211227109,-0.08546335814778641,0.9495620964561085,54.4059005125294,1
8.899999999999855,,,,,14.477245,0.06421851,-0.060310338,-0.2895294,12.388777,8.996008,2.557694,0.84101367,0.46825817,0.19847175,-0.18450645,11.321118,3.9237223,-0.7455756,0.06421851,-0.060310338,-0.2895294,1,-0.06979528903961181,-0.07712275187174479,0.4651023554801941,0.4614386240641276,0.8308388672710825,-0.5499116211227109,-0.08546335814778641,0.9495620964561085,54.4059005125294,1
8.909999999999854,,,,,14.477245,0.06421851,-0.060310338,-0.2895294,12.502105,9.034622,2.550097,0.8406551,0.46818474,0.19883654,-0.18592866,11.344388,3.7990804,-0.77380425,0.06421851,-0.060310338,-0.2895294,1,-0.06979528903961181,-0.07712275187174479,0.4651023554801941,0.4614386240641276,0.8308388672710825,-0.5499116211227109,-0.08546335814778641,0.9495620964561085,54.4059005125294,1
8.919999999999854,,,,,14.477245,0.06421851,-0.060310338,-0.2895294,12.6156645,9.07199,2.5422177,0.8402946,0.46811023,0.19920088,-0.18735044,11.367536,3.6744032,-0.8020548,0.06421851,-0.060310338,-0.2895294,1,-0.06979528903961181,-0.07712275187174479,0.4651023554801941,0.4614386240641276,0.8308388672710825,-0.5499116211227109,-0.08546335814778641,0.9495620964561085,54.4059005125294,1
8.929999999999854,,,,,14.79972,0.07144796,-0.2780362,-0.21825865,12.729455,9.10811,2.534056,0.8399322,0.46803465,0.19956477,-0.18877178,11.390563,3.5496917,-0.83032703,0.06421851,-0.060310338,-0.2895294,1,-0.06979528903961181,-0.07712275187174479,0.4651023554801941,0.4614386240641276,0.8308388672710825,-0.5499116211227109,-0.08546335814778641,0.9495620964561085,54.4059005125294,1
8.939999999999854,,,,,14.79972,0.07144796,-0.2780362,-0.21825865,12.843477,9.14297,2.525619,0.83983505,0.46785375,0.19884011,-0.19041003,11.413876,3.4221814,-0.8570068,0.07144796,-0.2780362,-0.21825865,1,-0.030885758399963378,-0.13928426106770833,0.48455712080001834,0.43035786946614585,0.7800918496128729,-0.6198343283346788,-0.08521802382984742,0.962716154745235,55.15957253596543,1
8.949999999999854,,,,,14.79972,0.07144796,-0.2780362,-0.21825865,12.957729,9.176555,2.5169163,0.8397352,0.4676713,0.19811481,-0.19204767,11.436785,3.2946737,-0.88355094,0.07144796,-0.2780362,-0.21825865,1,-0.030885758399963378,-0.13928426106770833,0.48455712080001834,0.43035786946614585,0.7800918496128729,-0.6198343283346788,-0.08521802382984742,0.962716154745235,55.15957253596543,1
8.959999999999853,,,,,14.79972,0.07144796,-0.2780362,-0.21825865,13.07221,9.208863,2.5079486,0.8396326,0.46748734,0.19738887,-0.19368467,11.459292,3.167171,-0.90995926,0.07144796,-0.2780362,-0.21825865,1,-0.030885758399963378,-0.13928426106770833,0.48455712080001834,0.43035786946614585,0.7800918496128729,-0.6198343283346788,-0.08521802382984742,0.962716154745235,55.15957253596543,1
8.969999999999853,,,,,15.057184,-0.1895296,-0.7441143,-0.1301876,13.186914,9.239898,2.4987175,0.8395273,0.46730188,0.19666229,-0.19532105,11.481397,3.0396743,-0.9362316,0.07144796,-0.2780362,-0.21825865,1,-0.030885758399963378,-0.13928426106770833,0.48455712080001834,0.43035786946614585,0.7800918496128729,-0.6198343283346788,-0.08521802382984742,0.962716154745235,55.15957253596543,1
8.979999999999853,,,,,15.057184,-0.1895296,-0.7441143,-0.1301876,13.301839,9.269647,2.489231,0.8405683,0.46564803,0.19402657,-0.1974183,11.503329,2.9100778,-0.9608771,-0.1895296,-0.7441143,-0.1301876,1,-0.030885758399963378,-0.13928426106770833,0.48455712080001834,0.43035786946614585,0.7800918496128729,-0.6198343283346788,-0.08521802382984742,0.962716154745235,55.15957253596543,1
8.989999999999853,,,,,15.057184,-0.1895296,-0.7441143,-0.1301876,13.416978,9.2981,2.4795024,0.8415966,0.46398714,0.1913879,-0.19951257,11.524459,2.7807891,-0.9847492,-0.1895296,-0.7441143,-0.1301876,1,-0.030885758399963378,-0.13928426106770833,0.48455712080001834,0.43035786946614585,0.7800918496128729,-0.6198343283346788,-0.08521802382984742,0.962716154745235,55.15957253596543,1
8.999999999999853,,,,,15.057184,-0.1895296,-0.7441143,-0.1301876,13.532324,9.325263,2.4695387,0.8426121,0.4623192,0.18874635,-0.20160381,11.544786,2.6518164,-1.0078514,-0.1895296,-0.7441143,-0.1301876,1,-0.030885758399963378,-0.13928426106770833,0.48455712080001834,0.43035786946614585,0.7800918496128729,-0.6198343283346788,-0.08521802382984742,0.962716154745235,55.15957253596543,1
9.009999999999852,,,,,15.801504,-0.35973543,-0.98543644,-0.1273804,13.647869,9.351137,2.459348,0.8436148,0.46064427,0.18610193,-0.20369199,11.564311,2.5231678,-1.0301872,-0.1895296,-0.7441143,-0.1301876,1,-0.03544478178024292,-0.21392654418945312,0.48227760910987855,0.39303672790527344,0.7313329347109723,-0.6819646260089506,-0.008739993106901878,0.9653002325126105,55.30762928596963,1
9.019999999999852,,,,,15.801504,-0.35973543,-0.98543644,-0.1273804,13.763612,9.375696,2.448957,0.84521884,0.4579983,0.18260245,-0.20616135,11.583889,2.388584,-1.0478355,-0.35973543,-0.98543644,-0.1273804,1,-0.03544478178024292,-0.21392654418945312,0.48227760910987855,0.39303672790527344,0.7313329347109723,-0.6819646260089506,-0.008739993106901878,0.9653002325126105,55.30762928596963,1
9.029999999999852,,,,,15.801504,-0.35973543,-0.98543644,-0.1273804,13.879544,9.398912,2.4383953,0.84679925,0.45533955,0.17909789,-0.20862497,11.60244,2.254562,-1.0643107,-0.35973543,-0.98543644,-0.1273804,1,-0.03544478178024292,-0.21392654418945312,0.48227760910987855,0.39303672790527344,0.7313329347109723,-0.6819646260089506,-0.008739993106901878,0.9653002325126105,55.30762928596963,1
9.039999999999852,,,,,15.801504,-0.35973543,-0.98543644,-0.1273804,13.995657,9.42079,2.4276745,0.848356,0.45266807,0.17558834,-0.21108277,11.619962,2.1211176,-1.0796208,-0.35973543,-0.98543644,-0.1273804,1,-0.03544478178024292,-0.21392654418945312,0.48227760910987855,0.39303672790527344,0.7313329347109723,-0.6819646260089506,-0.008739993106901878,0.9653002325126105,55.30762928596963,1
9.049999999999851,,,,,16.493868,-0.60140985,-1.1641349,-0.10791066,14.11194,9.441338,2.4168065,0.8498891,0.44998398,0.17207389,-0.2135347,11.636456,1.988266,-1.0937741,-0.35973543,-0.98543644,-0.1273804,1,-0.03544478178024292,-0.21392654418945312,0.48227760910987855,0.39303672790527344,0.7313329347109723,-0.6819646260089506,-0.008739993106901878,0.9653002325126105,55.30762928596963,1
9.059999999999851,,,,,16.493868,-0.60140985,-1.1641349,-0.10791066,14.228386,9.46053,2.4058216,0.8521102,0.44608286,0.16800816,-0.2160904,11.652582,1.8503278,-1.1028937,-0.60140985,-1.1641349,-0.10791066,1,-0.03544478178024292,-0.21392654418945312,0.48227760910987855,0.39303672790527344,0.7313329347109723,-0.6819646260089506,-0.008739993106901878,0.9653002325126105,55.30762928596963,1
9.069999999999851,,,,,16.493868,-0.60140985,-1.1641349,-0.10791066,14.344988,9.478349,2.394754,0.85429454,0.44216245,0.1639352,-0.21863677,11.66759,1.7133106,-1.1104094,-0.60140985,-1.1641349,-0.10791066,1,0.006964852213859558,-0.1732023239135742,0.5034824261069297,0.41339883804321287,0.7052742751248235,-0.7088210903830362,-0.012683007346776728,0.9337079039778552,53.497522195937435,1
9.07999999999985,,,,,16.493868,-0.60140985,-1.1641349,-0.10791066,14.461735,9.494801,2.3836188,0.8564419,0.43822294,0.15985514,-0.22117369,11.681479,1.5772383,-1.116336,-0.60140985,-1.1641349,-0.10791066,1,0.006964852213859558,-0.1732023239135742,0.5034824261069297,0.41339883804321287,0.7052742751248235,-0.7088210903830362,-0.012683007346776728,0.9337079039778552,53.497522195937435,1
9.08999999999985,,,,,17.223211,-0.6294183,-1.0279505,-0.13067898,14.578615,9.509897,2.3724325,0.8585523,0.4342645,0.15576817,-0.22370104,11.694249,1.4421353,-1.1206883,-0.60140985,-1.1641349,-0.10791066,1,0.006964852213859558,-0.1732023239135742,0.5034824261069297,0.41339883804321287,0.7052742751248235,-0.7088210903830362,-0.012683007346776728,0.9337079039778552,53.497522195937435,1
9.09999999999985,,,,,17.223211,-0.6294183,-1.0279505,-0.13067898,14.69562,9.523618,2.3612313,0.8605576,0.43030307,0.15234034,-0.2259997,11.706498,1.3020827,-1.1192954,-0.6294183,-1.0279505,-0.13067898,1,0.006964852213859558,-0.1732023239135742,0.5034824261069297,0.41339883804321287,0.7052742751248235,-0.7088210903830362,-0.012683007346776728,0.9337079039778552,53.497522195937435,1
9.10999999999985,,,,,17.223211,-0.6294183,-1.0279505,-0.13067898,14.812742,9.535942,2.3500516,0.86253136,0.42632583,0.1489069,-0.22829004,11.717805,1.1630559,-1.116364,-0.6294183,-1.0279505,-0.13067898,1,0.006964852213859558,-0.1732023239135742,0.5034824261069297,0.41339883804321287,0.7052742751248235,-0.7088210903830362,-0.012683007346776728,0.9337079039778552,53.497522195937435,1
9.11999999999985,,,,,17.223211,-0.6294183,-1.0279505,-0.13067898,14.929973,9.546883,2.3389091,0.86447334,0.4223329,0.145468,-0.230572,11.7281685,1.0250759,-1.1119078,-0.6294183,-1.0279505,-0.13067898,1,0.006964852213859558,-0.1732023239135742,0.5034824261069297,0.41339883804321287,0.7052742751248235,-0.7088210903830362,-0.012683007346776728,0.9337079039778552,53.497522195937435,1
9.12999999999985,,,,,17.896358,-0.49277687,-0.9039797,-0.12036458,15.047301,9.556448,2.3278189,0.86638355,0.41832447,0.14202374,-0.23284549,11.73759,0.88816357,-1.105941,-0.6294183,-1.0279505,-0.13067898,1,0.006964852213859558,-0.1732023239135742,0.5034824261069297,0.41339883804321287,0.7052742751248235,-0.7088210903830362,-0.012683007346776728,0.9337079039778552,53.497522195937435,1
9.13999999999985,,,,,17.896358,-0.49277687,-0.9039797,-0.12036458,15.1647215,9.564623,2.3168159,0.8679044,0.41504627,0.13893133,-0.23490462,11.746425,0.7469573,-1.0944487,-0.49277687,-0.9039797,-0.12036458,1,-0.1102625560760498,-0.08551255544026692,0.4448687219619751,0.45724372227986654,0.7772785372621263,-0.6256169187121731,0.06664492878483579,0.7412149072633719,42.468485898371924,1
9.14999999999985,,,,,17.896358,-0.49277687,-0.9039797,-0.12036458,15.282227,9.57139,2.3059342,0.86940193,0.41175693,0.1358352,-0.23695743,11.754344,0.60670286,-1.0816715,-0.49277687,-0.9039797,-0.12036458,1,-0.1102625560760498,-0.08551255544026692,0.4448687219619751,0.45724372227986654,0.7772785372621263,-0.6256169187121731,0.06664492878483579,0.7412149072633719,42.468485898371924,1
9.15999999999985,,,,,17.896358,-0.49277687,-0.9039797,-0.12036458,15.399805,9.57676,2.2951868,0.8708761,0.40845656,0.13273543,-0.23900388,11.761348,0.46741587,-1.0676205,-0.49277687,-0.9039797,-0.12036458,1,-0.1102625560760498,-0.08551255544026692,0.4448687219619751,0.45724372227986654,0.7772785372621263,-0.6256169187121731,0.06664492878483579,0.7412149072633719,42.468485898371924,1
9.169999999999849,,,,,18.578793,-0.15702927,-0.8354828,-0.1547766,15.51745,9.580742,2.2845862,0.87232685,0.40514523,0.12963209,-0.24104393,11.767439,0.3291118,-1.0523068,-0.49277687,-0.9039797,-0.12036458,1,-0.1102625560760498,-0.08551255544026692,0.4448687219619751,0.45724372227986654,0.7772785372621263,-0.6256169187121731,0.06664492878483579,0.7412149072633719,42.468485898371924,1
9.179999999999849,,,,,18.578793,-0.15702927,-0.8354828,-0.1547766,15.635153,9.583319,2.2741663,0.8729918,0.40334928,0.12648961,-0.24330744,11.772733,0.18642485,-1.0315393,-0.15702927,-0.8354828,-0.1547766,1,-0.1102625560760498,-0.08551255544026692,0.4448687219619751,0.45724372227986654,0.7772785372621263,-0.6256169187121731,0.06664492878483579,0.7412149072633719,42.468485898371924,1
9.189999999999849,,,,,18.578793,-0.15702927,-0.8354828,-0.1547766,15.752902,9.584473,2.2639582,0.8736404,0.40154582,0.123344764,-0.24556641,11.776861,0.044399742,-1.0099361,-0.15702927,-0.8354828,-0.1547766,1,-0.1102625560760498,-0.08551255544026692,0.4448687219619751,0.45724372227986654,0.7772785372621263,-0.6256169187121731,0.06664492878483579,0.7412149072633719,42.468485898371924,1
9.199999999999848,,,,,18.578793,-0.15702927,-0.8354828,-0.1547766,15.870687,9.584209,2.2539701,0.8742728,0.39973485,0.120197624,-0.2478208,11.779826,-0.09695205,-0.9875043,-0.15702927,-0.8354828,-0.1547766,1,-0.1102625560760498,-0.08551255544026692,0.4448687219619751,0.45724372227986654,0.7772785372621263,-0.6256169187121731,0.06664492878483579,0.7412149072633719,42.468485898371924,1
9.209999999999848,,,,,19.161013,0.11154347,-0.9511862,-0.19055197,15.988494,9.582536,2.2442107,0.8748888,0.39791644,0.117048234,-0.25007054,11.781629,-0.23761913,-0.9642512,-0.15702927,-0.8354828,-0.1547766,1,-0.1672205924987793,-0.14739737192789715,0.41638970375061035,0.4263013140360514,0.7456040761278782,-0.6376404194131755,0.19362142751277078,0.6873391726201811,39.38163368515033,1
9.219999999999848,,,,,19.161013,0.11154347,-0.9511862,-0.19055197,16.106314,9.579437,2.2347069,0.87497485,0.39709878,0.11312559,-0.25285885,11.782117,-0.38205522,-0.9364456,0.11154347,-0.9511862,-0.19055197,1,-0.1672205924987793,-0.14739737192789715,0.41638970375061035,0.4263013140360514,0.7456040761278782,-0.6376404194131755,0.19362142751277078,0.6873391726201811,39.38163368515033,1
9.229999999999848,,,,,19.161013,0.11154347,-0.9511862,-0.19055197,16.22413,9.574897,2.2254841,0.87504005,0.3962717,0.109200254,-0.25564113,11.780949,-0.52596956,-0.90804833,0.11154347,-0.9511862,-0.19055197,1,-0.1672205924987793,-0.14739737192789715,0.41638970375061035,0.4263013140360514,0.7456040761278782,-0.6376404194131755,0.19362142751277078,0.6873391726201811,39.38163368515033,1
9.239999999999847,,,,,19.161013,0.11154347,-0.9511862,-0.19055197,16.341925,9.568919,2.2165482,0.8750844,0.39543515,0.10527231,-0.25841734,11.778125,-0.66934675,-0.8790686,0.11154347,-0.9511862,-0.19055197,1,-0.1672205924987793,-0.14739737192789715,0.41638970375061035,0.4263013140360514,0.7456040761278782,-0.6376404194131755,0.19362142751277078,0.6873391726201811,39.38163368515033,1
9.249999999999847,,,,,19.71976,0.39446142,-1.0888395,-0.26249865,16.459684,9.561511,2.2079048,0.8751079,0.3945892,0.10134186,-0.26118734,11.773648,-0.8121717,-0.84951574,0.11154347,-0.9511862,-0.19055197,1,-0.1672205924987793,-0.14739737192789715,0.41638970375061035,0.4263013140360514,0.7456040761278782,-0.6376404194131755,0.19362142751277078,0.6873391726201811,39.38163368515033,1
9.259999999999847,,,,,19.71976,0.39446142,-1.0888395,-0.26249865,16.57739,9.552657,2.1995783,0.87452316,0.39475325,0.0965786,-0.2646794,11.767144,-0.9586537,-0.8157549,0.39446142,-1.0888395,-0.26249865,1,-0.1672205924987793,-0.14739737192789715,0.41638970375061035,0.4263013140360514,0.7456040761278782,-0.6376404194131755,0.19362142751277078,0.6873391726201811,39.38163368515033,1
9.269999999999847,,,,,19.71976,0.39446142,-1.0888395,-0.26249865,16.69502,9.542339,2.191591,0.8739076,0.3949034,0.091811925,-0.26816213,11.758412,-1.1047349,-0.7816783,0.39446142,-1.0888395,-0.26249865,1,0.029157862663269044,-0.186612180074056,0.5145789313316346,0.406693909962972,0.5884167396198587,-0.7971464270826781,0.13536363737893573,0.84124218947576,48.199627005305764,1
9.279999999999847,,,,,19.71976,0.39446142,-1.0888395,-0.26249865,16.812551,9.530563,2.1839457,0.8732612,0.39503962,0.08704202,-0.2716354,11.7474575,-1.2503917,-0.7472993,0.39446142,-1.0888395,-0.26249865,1,0.029157862663269044,-0.186612180074056,0.5145789313316346,0.406693909962972,0.5884167396198587,-0.7971464270826781,0.13536363737893573,0.84124218947576,48.199627005305764,1
9.289999999999846,,,,,20.029013,0.62852144,-1.2633864,-0.35266575,16.929962,9.517333,2.1766458,0.87258404,0.39516193,0.08226904,-0.2750991,11.734282,-1.3956007,-0.71263134,0.39446142,-1.0888395,-0.26249865,1,0.029157862663269044,-0.186612180074056,0.5145789313316346,0.406693909962972,0.5884167396198587,-0.7971464270826781,0.13536363737893573,0.84124218947576,48.199627005305764,1
9.299999999999846,,,,,20.029013,0.62852144,-1.2633864,-0.35266575,17.047228,9.502641,2.1697044,0.87135375,0.39601082,0.07658713,-0.27938518,11.718442,-1.542647,-0.675668,0.62852144,-1.2633864,-0.35266575,1,0.029157862663269044,-0.186612180074056,0.5145789313316346,0.406693909962972,0.5884167396198587,-0.7971464270826781,0.13536363737893573,0.84124218947576,48.199627005305764,1
9.309999999999846,,,,,20.029013,0.62852144,-1.2633864,-0.35266575,17.164322,9.486482,2.1631331,0.8700774,0.39683872,0.07090117,-0.28365648,11.699806,-1.6892867,-0.6386194,0.62852144,-1.2633864,-0.35266575,1,0.029157862663269044,-0.186612180074056,0.5145789313316346,0.406693909962972,0.5884167396198587,-0.7971464270826781,0.13536363737893573,0.84124218947576,48.199627005305764,1
9.319999999999846,,,,,20.029013,0.62852144,-1.2633864,-0.35266575,17.281216,9.468858,2.1569324,0.868755,0.39764565,0.06521147,-0.2879128,11.67838,-1.8354841,-0.60150516,0.62852144,-1.2633864,-0.35266575,1,0.029157862663269044,-0.186612180074056,0.5145789313316346,0.406693909962972,0.5884167396198587,-0.7971464270826781,0.13536363737893573,0.84124218947576,48.199627005305764,1
9.329999999999846,,,,,19.757416,0.69881046,-1.3016236,-0.41779152,17.39788,9.449774,2.151103,0.8673867,0.3984316,0.059518307,-0.29215387,11.654169,-1.9812034,-0.5643449,0.62852144,-1.2633864,-0.35266575,1,0.029157862663269044,-0.186612180074056,0.5145789313316346,0.406693909962972,0.5884167396198587,-0.7971464270826781,0.13536363737893573,0.84124218947576,48.199627005305764,1
9.339999999999845,,,,,19.757416,0.69881046,-1.3016236,-0.41779152,17.514292,9.429245,2.1456363,0.865746,0.39942485,0.053683065,-0.29675815,11.627493,-2.124453,-0.5290173,0.69881046,-1.3016236,-0.41779152,1,0.11990790367126465,-0.09499919255574545,0.5599539518356323,0.4525004037221273,0.5130052312186612,-0.8572883323315194,0.04338603451032335,0.8508346714946948,48.74923574004586,1
9.349999999999845,,,,,19.757416,0.69881046,-1.3016236,-0.41779152,17.630423,9.407286,2.1405225,0.8640544,0.40039456,0.047844656,-0.3013449,11.597944,-2.2671936,-0.49374953,0.69881046,-1.3016236,-0.41779152,1,0.11990790367126465,-0.09499919255574545,0.5599539518356323,0.4525004037221273,0.5130052312186612,-0.8572883323315194,0.04338603451032335,0.8508346714946948,48.74923574004586,1
9.359999999999845,,,,,19.757416,0.69881046,-1.3016236,-0.41779152,17.746244,9.383903,2.135761,0.8623118,0.40134066,0.042003427,-0.30591393,11.565529,-2.4093854,-0.45856148,0.69881046,-1.3016236,-0.41779152,1,0.11990790367126465,-0.09499919255574545,0.5599539518356323,0.4525004037221273,0.5130052312186612,-0.8572883323315194,0.04338603451032335,0.8508346714946948,48.74923574004586,1
9.369999999999845,,,,,19.356188,0.71498775,-1.3021653,-0.44139102,17.861727,9.3591,2.1313512,0.8605184,0.40226313,0.036159724,-0.31046495,11.530256,-2.5509896,-0.42347333,0.69881046,-1.3016236,-0.41779152,1,0.11990790367126465,-0.09499919255574545,0.5599539518356323,0.4525004037221273,0.5130052312186612,-0.8572883323315194,0.04338603451032335,0.8508346714946948,48.74923574004586,1
9.379999999999844,,,,,19.356188,0.71498775,-1.3021653,-0.44139102,17.976845,9.332899,2.127278,0.8586048,0.40322617,0.030333893,-0.31510305,11.492903,-2.6891096,-0.39121518,0.71498775,-1.3021653,-0.44139102,1,0.11990790367126465,-0.09499919255574545,0.5599539518356323,0.4525004037221273,0.5130052312186612,-0.8572883323315194,0.04338603451032335,0.8508346714946948,48.74923574004586,1
9.389999999999844,,,,,19.356188,0.71498775,-1.3021653,-0.44139102,18.091576,9.30532,2.1235263,0.8566395,0.404165,0.024506243,-0.3197222,11.452751,-2.826591,-0.35911462,0.71498775,-1.3021653,-0.44139102,1,0.11990790367126465,-0.09499919255574545,0.5599539518356323,0.4525004037221273,0.5130052312186612,-0.8572883323315194,0.04338603451032335,0.8508346714946948,48.74923574004586,1
9.399999999999844,,,,,19.356188,0.71498775,-1.3021653,-0.44139102,18.20589,9.276369,2.1200948,0.85462296,0.4050795,0.018677121,-0.3243222,11.40981,-2.9633958,-0.32719103,0.71498775,-1.3021653,-0.44139102,1,0.11990790367126465,-0.09499919255574545,0.5599539518356323,0.4525004037221273,0.5130052312186612,-0.8572883323315194,0.04338603451032335,0.8508346714946948,48.74923574004586,1
9.409999999999844,,,,,19.072412,0.69604105,-1.1886404,-0.46658286,18.319763,9.246054,2.1169815,0.85255504,0.4059697,0.012846876,-0.32890272,11.36409,-3.0994847,-0.2954637,0.71498775,-1.3021653,-0.44139102,1,0.09828006744384765,-0.08314814249674479,0.5491400337219239,0.4584259287516276,0.4457622373865884,-0.8918156111686897,0.07720714601589185,0.8410119186910443,48.186433461196394,1
9.419999999999844,,,,,19.072412,0.69604105,-1.1886404,-0.46658286,18.433167,9.214392,2.1141753,0.8504287,0.40694132,0.0075821197,-0.3333404,11.316387,-3.2328746,-0.26586595,0.69604105,-1.1886404,-0.46658286,1,0.09828006744384765,-0.08314814249674479,0.5491400337219239,0.4584259287516276,0.4457622373865884,-0.8918156111686897,0.07720714601589185,0.8410119186910443,48.186433461196394,1
9.429999999999843,,,,,19.072412,0.69604105,-1.1886404,-0.46658286,18.546082,9.1814,2.1116636,0.84825736,0.40789142,0.0023169625,-0.33776048,11.266158,-3.36559,-0.23653416,0.69604105,-1.1886404,-0.46658286,1,0.09828006744384765,-0.08314814249674479,0.5491400337219239,0.4584259287516276,0.4457622373865884,-0.8918156111686897,0.07720714601589185,0.8410119186910443,48.186433461196394,1
9.439999999999843,,,,,19.072412,0.69604105,-1.1886404,-0.46658286,18.65848,9.147083,2.1094434,0.84604114,0.40881994,-0.002948317,-0.34216267,11.213414,-3.4975977,-0.20748347,0.69604105,-1.1886404,-0.46658286,1,0.09828006744384765,-0.08314814249674479,0.5491400337219239,0.4584259287516276,0.4457622373865884,-0.8918156111686897,0.07720714601589185,0.8410119186910443,48.186433461196394,1
9.449999999999843,,,,,18.716707,0.61585873,-1.1896214,-0.47662184,18.77034,9.11145,2.1075125,0.8437803,0.40972686,-0.008213441,-0.34654677,11.158168,-3.6288645,-0.17872897,0.69604105,-1.1886404,-0.46658286,1,0.09828006744384765,-0.08314814249674479,0.5491400337219239,0.4584259287516276,0.4457622373865884,-0.8918156111686897,0.07720714601589185,0.8410119186910443,48.186433461196394,1
9.459999999999843,,,,,18.716707,0.61585873,-1.1896214,-0.47662184,18.88164,9.07452,2.105856,0.8416226,0.41027302,-0.013322781,-0.35096055,11.10154,-3.7568996,-0.15260619,0.61585873,-1.1896214,-0.47662184,1,0.09828006744384765,-0.08314814249674479,0.5491400337219239,0.4584259287516276,0.4457622373865884,-0.8918156111686897,0.07720714601589185,0.8410119186910443,48.186433461196394,1
9.469999999999843,,,,,18.716707,0.61585873,-1.1896214,-0.47662184,18.992361,9.036315,2.1044598,0.83942235,0.41079843,-0.018431447,-0.35535663,11.042563,-3.8840797,-0.12669727,0.61585873,-1.1896214,-0.47662184,1,0.13137784004211425,-0.03981201489766439,0.5656889200210571,0.4800939925511678,0.3793215415319743,-0.9243925707602544,0.040168933929775774,0.8431806819355592,48.3106944418702,1
9.479999999999842,,,,,18.716707,0.61585873,-1.1896214,-0.47662184,19.102484,8.996842,2.1033213,0.83717966,0.4113031,-0.023539182,-0.35973477,10.981253,-4.0103736,-0.10101555,0.61585873,-1.1896214,-0.47662184,1,0.13137784004211425,-0.03981201489766439,0.5656889200210571,0.4800939925511678,0.3793215415319743,-0.9243925707602544,0.040168933929775774,0.8431806819355592,48.3106944418702,1
9.489999999999842,,,,,18.210716,0.5118756,-1.1407355,-0.44633242,19.21198,8.956111,2.1024384,0.8348947,0.41178697,-0.028645726,-0.3640947,10.917621,-4.135752,-0.07557437,0.61585873,-1.1896214,-0.47662184,1,0.13137784004211425,-0.03981201489766439,0.5656889200210571,0.4800939925511678,0.3793215415319743,-0.9243925707602544,0.040168933929775774,0.8431806819355592,48.3106944418702,1
9.499999999999842,,,,,18.210716,0.5118756,-1.1407355,-0.44633242,19.32084,8.914148,2.1017923,0.83284646,0.41190198,-0.03341992,-0.36822525,10.853529,-4.2568135,-0.053677894,0.5118756,-1.1407355,-0.44633242,1,0.13137784004211425,-0.03981201489766439,0.5656889200210571,0.4800939925511678,0.3793215415319743,-0.9243925707602544,0.040168933929775774,0.8431806819355592,48.3106944418702,1
9.509999999999842,,,,,18.210716,0.5118756,-1.1407355,-0.44633242,19.429047,8.870979,2.1013646,0.83076155,0.41199878,-0.038192637,-0.37233955,10.78738,-4.3769097,-0.03192801,0.5118756,-1.1407355,-0.44633242,1,0.13137784004211425,-0.03981201489766439,0.5656889200210571,0.4800939925511678,0.3793215415319743,-0.9243925707602544,0.040168933929775774,0.8431806819355592,48.3106944418702,1
9.519999999999841,,,,,18.210716,0.5118756,-1.1407355,-0.44633242,19.536581,8.826614,2.1011534,0.82864004,0.41207746,-0.04296367,-0.37643746,10.719188,-4.496016,-0.010335829,0.5118756,-1.1407355,-0.44633242,1,0.13137784004211425,-0.03981201489766439,0.5656889200210571,0.4800939925511678,0.3793215415319743,-0.9243925707602544,0.040168933929775774,0.8431806819355592,48.3106944418702,1
9.529999999999841,,,,,17.940306,0.38704824,-0.67787206,-0.49425343,19.643423,8.781063,2.1011572,0.826482,0.41213802,-0.04773281,-0.38051876,10.648964,-4.6141067,0.011087563,0.5118756,-1.1407355,-0.44633242,1,0.13137784004211425,-0.03981201489766439,0.5656889200210571,0.4800939925511678,0.3793215415319743,-0.9243925707602544,0.040168933929775774,0.8431806819355592,48.3106944418702,1
9.539999999999841,,,,,17.940306,0.38704824,-0.67787206,-0.49425343,19.74956,8.734344,2.1013656,0.82457346,0.4125613,-0.05025143,-0.3838617,10.578063,-4.7295985,0.03054709,0.38704824,-0.67787206,-0.49425343,1,0.07284093856811523,0.01783638636271159,0.5364204692840576,0.5089181931813558,0.37490693545797626,-0.925118409556149,0.060005983416743236,0.7653185662273099,43.849523827828236,1
9.54999999999984,,,,,17.940306,0.38704824,-0.67787206,-0.49425343,19.85498,8.686473,2.1017675,0.82264733,0.4129758,-0.05276898,-0.3871964,10.5059,-4.844525,0.04979205,0.38704824,-0.67787206,-0.49425343,1,0.07284093856811523,0.01783638636271159,0.5364204692840576,0.5089181931813558,0.37490693545797626,-0.925118409556149,0.060005983416743236,0.7653185662273099,43.849523827828236,1
9.55999999999984,,,,,17.940306,0.38704824,-0.67787206,-0.49425343,19.959671,8.637456,2.1023607,0.8207036,0.41338146,-0.0552854,-0.39052284,10.43248,-4.9588737,0.068820424,0.38704824,-0.67787206,-0.49425343,1,0.07284093856811523,0.01783638636271159,0.5364204692840576,0.5089181931813558,0.37490693545797626,-0.925118409556149,0.060005983416743236,0.7653185662273099,43.849523827828236,1
9.56999999999984,,,,,17.680723,0.17201522,-0.32347286,-0.5913321,20.063623,8.587298,2.103143,0.81874245,0.4137783,-0.057800643,-0.39384097,10.357807,-5.0726347,0.08763021,0.38704824,-0.67787206,-0.49425343,1,0.07284093856811523,0.01783638636271159,0.5364204692840576,0.5089181931813558,0.37490693545797626,-0.925118409556149,0.060005983416743236,0.7653185662273099,43.849523827828236,1
9.57999999999984,,,,,17.680723,0.17201522,-0.32347286,-0.5913321,20.16683,8.536014,2.104104,0.8171237,0.41401392,-0.05823983,-0.39687887,10.283232,-5.1842723,0.104580104,0.17201522,-0.32347286,-0.5913321,1,0.07284093856811523,0.01783638636271159,0.5364204692840576,0.5089181931813558,0.37490693545797626,-0.925118409556149,0.060005983416743236,0.7653185662273099,43.849523827828236,1
9.58999999999984,,,,,17.680723,0.17201522,-0.32347286,-0.5913321,20.269287,8.483613,2.1052341,0.815495,0.4142445,-0.05867831,-0.3999119,10.208086,-5.295616,0.1214435,0.17201522,-0.32347286,-0.5913321,1,0.07284093856811523,0.01783638636271159,0.5364204692840576,0.5089181931813558,0.37490693545797626,-0.925118409556149,0.060005983416743236,0.7653185662273099,43.849523827828236,1
9.59999999999984,,,,,17.680723,0.17201522,-0.32347286,-0.5913321,20.37099,8.430101,2.106532,0.8138565,0.41447005,-0.059116077,-0.40294015,10.132372,-5.406662,0.13822174,0.17201522,-0.32347286,-0.5913321,1,0.07284093856811523,0.01783638636271159,0.5364204692840576,0.5089181931813558,0.37490693545797626,-0.925118409556149,0.060005983416743236,0.7653185662273099,43.849523827828236,1
9.60999999999984,,,,,17.406736,0.007401699,-0.10062743,-0.6052338,20.471931,8.375481,2.107998,0.8122081,0.41469058,-0.059553128,-0.4059635,10.056091,-5.517406,0.15491615,0.17201522,-0.32347286,-0.5913321,1,0.11651553153991699,0.09276342391967773,0.5582577657699584,0.5463817119598389,0.348373649118851,-0.9368634174584288,-0.030376596710779274,0.7129730173006399,40.85034479803449,1
9.61999999999984,,,,,17.406736,0.007401699,-0.10062743,-0.6052338,20.572115,8.319762,2.1096215,0.81093043,0.41469464,-0.058721602,-0.40862593,9.980598,-5.626201,0.16979305,0.007401699,-0.10062743,-0.6052338,1,0.11651553153991699,0.09276342391967773,0.5582577657699584,0.5463817119598389,0.348373649118851,-0.9368634174584288,-0.030376596710779274,0.7129730173006399,40.85034479803449,1
9.62999999999984,,,,,17.406736,0.007401699,-0.10062743,-0.6052338,20.671543,8.262957,2.111394,0.8096451,0.4146948,-0.05788952,-0.4112845,9.904981,-5.734876,0.18470326,0.007401699,-0.10062743,-0.6052338,1,0.11651553153991699,0.09276342391967773,0.5582577657699584,0.5463817119598389,0.348373649118851,-0.9368634174584288,-0.030376596710779274,0.7129730173006399,40.85034479803449,1
9.639999999999839,,,,,17.406736,0.007401699,-0.10062743,-0.6052338,20.770214,8.205065,2.1133156,0.8083522,0.41469106,-0.057056896,-0.41393918,9.82924,-5.8434305,0.19964744,0.007401699,-0.10062743,-0.6052338,1,0.11651553153991699,0.09276342391967773,0.5582577657699584,0.5463817119598389,0.348373649118851,-0.9368634174584288,-0.030376596710779274,0.7129730173006399,40.85034479803449,1
9.649999999999839,,,,,17.153849,-0.030119484,-0.22158808,-0.5971178,20.868126,8.146088,2.115387,0.8070516,0.41468343,-0.056223735,-0.41658998,9.753377,-5.9518633,0.21462628,0.007401699,-0.10062743,-0.6052338,1,0.11651553153991699,0.09276342391967773,0.5582577657699584,0.5463817119598389,0.348373649118851,-0.9368634174584288,-0.030376596710779274,0.7129730173006399,40.85034479803449,1
9.659999999999838,,,,,17.153849,-0.030119484,-0.22158808,-0.5971178,20.965286,8.086037,2.1176,0.8058039,0.41426608,-0.055816807,-0.41946527,9.678463,-6.0585375,0.22803423,-0.030119484,-0.22158808,-0.5971178,1,0.11651553153991699,0.09276342391967773,0.5582577657699584,0.5463817119598389,0.348373649118851,-0.9368634174584288,-0.030376596710779274,0.7129730173006399,40.85034479803449,1
9.669999999999838,,,,,17.153849,-0.030119484,-0.22158808,-0.5971178,21.061695,8.0249195,2.119948,0.804548,0.41384453,-0.055409305,-0.42233637,9.603336,-6.1649213,0.24157688,-0.030119484,-0.22158808,-0.5971178,1,0.07933078289031982,-0.001534567375977834,0.5396653914451599,0.4992327163120111,0.28018009958542506,-0.9589139713120548,0.04453209425622875,0.7158250088971927,41.01375187972375,1
9.679999999999838,,,,,17.153849,-0.030119484,-0.22158808,-0.5971178,21.157352,7.962739,2.1224322,0.80328393,0.41341877,-0.055001244,-0.42520317,9.528001,-6.2710137,0.25525522,-0.030119484,-0.22158808,-0.5971178,1,0.07933078289031982,-0.001534567375977834,0.5396653914451599,0.4992327163120111,0.28018009958542506,-0.9589139713120548,0.04453209425622875,0.7158250088971927,41.01375187972375,1
9.689999999999838,,,,,16.812832,0.1743446,-0.40104225,-0.67973936,21.252254,7.8994994,2.125054,0.8020117,0.4129888,-0.054592624,-0.42806557,9.452456,-6.376814,0.2690702,-0.030119484,-0.22158808,-0.5971178,1,0.07933078289031982,-0.001534567375977834,0.5396653914451599,0.4992327163120111,0.28018009958542506,-0.9589139713120548,0.04453209425622875,0.7158250088971927,41.01375187972375,1
9.699999999999838,,,,,16.812832,0.1743446,-0.40104225,-0.67973936,21.346407,7.835214,2.1278028,0.80008084,0.41301176,-0.055169914,-0.4315684,9.378058,-6.480178,0.280734,0.1743446,-0.40104225,-0.67973936,1,0.07933078289031982,-0.001534567375977834,0.5396653914451599,0.4992327163120111,0.28018009958542506,-0.9589139713120548,0.04453209425622875,0.7158250088971927,41.01375187972375,1
9.709999999999837,,,,,16.812832,0.1743446,-0.40104225,-0.67973936,21.439814,7.769898,2.1306682,0.7981369,0.41302797,-0.0557463,-0.43506417,9.303053,-6.5831304,0.29237074,0.1743446,-0.40104225,-0.67973936,1,0.07933078289031982,-0.001534567375977834,0.5396653914451599,0.4992327163120111,0.28018009958542506,-0.9589139713120548,0.04453209425622875,0.7158250088971927,41.01375187972375,1
9.719999999999837,,,,,16.812832,0.1743446,-0.40104225,-0.67973936,21.532467,7.7035537,2.1336498,0.7961799,0.4130374,-0.05632177,-0.4385529,9.227442,-6.6856666,0.30398214,0.1743446,-0.40104225,-0.67973936,1,0.07933078289031982,-0.001534567375977834,0.5396653914451599,0.4992327163120111,0.28018009958542506,-0.9589139713120548,0.04453209425622875,0.7158250088971927,41.01375187972375,1
9.729999999999837,,,,,16.408056,0.41899642,-0.5213015,-0.6932732,21.62436,7.636186,2.1367476,0.7942099,0.4130401,-0.056896325,-0.44203442,9.151229,-6.7877812,0.31556982,0.1743446,-0.40104225,-0.67973936,1,0.07933078289031982,-0.001534567375977834,0.5396653914451599,0.4992327163120111,0.28018009958542506,-0.9589139713120548,0.04453209425622875,0.7158250088971927,41.01375187972375,1
9.739999999999837,,,,,16.408056,0.41899642,-0.5213015,-0.6932732,21.715496,7.5678115,2.1399477,0.7916548,0.41374424,-0.05846008,-0.4457397,9.076123,-6.8870063,0.3244092,0.41899642,-0.5213015,-0.6932732,1,0.09906411170959473,-0.01987926642100016,0.5495320558547974,0.49006036678949993,0.20524282955962958,-0.978255147022621,0.029870524570345947,0.7148784919628681,40.959520454149285,1
9.749999999999837,,,,,16.408056,0.41899642,-0.5213015,-0.6932732,21.805878,7.498447,2.143235,0.7890814,0.41443875,-0.060022473,-0.4494346,9.000056,-6.985766,0.33299857,0.41899642,-0.5213015,-0.6932732,1,0.09906411170959473,-0.01987926642100016,0.5495320558547974,0.49006036678949993,0.20524282955962958,-0.978255147022621,0.029870524570345947,0.7148784919628681,40.959520454149285,1
9.759999999999836,,,,,16.408056,0.41899642,-0.5213015,-0.6932732,21.895494,7.4280972,2.146607,0.78648967,0.41512367,-0.06158348,-0.45311913,8.923031,-7.084051,0.34133872,0.41899642,-0.5213015,-0.6932732,1,0.09906411170959473,-0.01987926642100016,0.5495320558547974,0.49006036678949993,0.20524282955962958,-0.978255147022621,0.029870524570345947,0.7148784919628681,40.959520454149285,1
9.769999999999836,,,,,16.336021,0.6589542,-0.45571938,-0.66901135,21.984335,7.356767,2.1500611,0.78387964,0.41579896,-0.06314306,-0.45679316,8.845053,-7.1818523,0.34943044,0.41899642,-0.5213015,-0.6932732,1,0.09906411170959473,-0.01987926642100016,0.5495320558547974,0.49006036678949993,0.20524282955962958,-0.978255147022621,0.029870524570345947,0.7148784919628681,40.959520454149285,1
9.779999999999836,,,,,16.336021,0.6589542,-0.45571938,-0.66901135,22.072393,7.2844644,2.153592,0.7808271,0.41754636,-0.06504249,-0.46014842,8.766397,-7.2787986,0.3566936,0.6589542,-0.45571938,-0.66901135,1,0.09906411170959473,-0.01987926642100016,0.5495320558547974,0.49006036678949993,0.20524282955962958,-0.978255147022621,0.029870524570345947,0.7148784919628681,40.959520454149285,1
9.789999999999836,,,,,16.336021,0.6589542,-0.45571938,-0.66901135,22.159658,7.211193,2.157193,0.77775335,0.4192824,-0.06694016,-0.46349117,8.686604,-7.3754163,0.36340094,0.6589542,-0.45571938,-0.66901135,1,0.09906411170959473,-0.01987926642100016,0.5495320558547974,0.49006036678949993,0.20524282955962958,-0.978255147022621,0.029870524570345947,0.7148784919628681,40.959520454149285,1
9.799999999999836,,,,,16.336021,0.6589542,-0.45571938,-0.66901135,22.246122,7.136957,2.160858,0.77465844,0.421007,-0.068836,-0.46682128,8.605676,-7.4716926,0.36955142,0.6589542,-0.45571938,-0.66901135,1,0.09906411170959473,-0.01987926642100016,0.5495320558547974,0.49006036678949993,0.20524282955962958,-0.978255147022621,0.029870524570345947,0.7148784919628681,40.959520454149285,1
9.809999999999835,,,,,16.080997,0.76255363,-0.45307198,-0.55405354,22.33177,7.0617604,2.164582,0.7715423,0.42272016,-0.07072997,-0.4701387,8.523618,-7.567614,0.37514392,0.6589542,-0.45571938,-0.66901135,1,0.1297811508178711,-0.05310413678487142,0.5648905754089355,0.47344793160756427,0.09604016032722273,-0.9953275375981208,0.009968977037936776,0.7485466577894735,42.888564259960354,1
9.819999999999835,,,,,16.080997,0.76255363,-0.45307198,-0.55405354,22.416597,6.9856133,2.168351,0.7684574,0.42478698,-0.073098294,-0.47295758,8.441693,-7.6616907,0.37852177,0.76255363,-0.45307198,-0.55405354,1,0.1297811508178711,-0.05310413678487142,0.5648905754089355,0.47344793160756427,0.09604016032722273,-0.9953275375981208,0.009968977037936776,0.7485466577894735,42.888564259960354,1
9.829999999999835,,,,,16.080997,0.76255363,-0.45307198,-0.55405354,22.500599,6.9085274,2.1721501,0.76535153,0.4268422,-0.075464614,-0.47576353,8.358558,-7.7554297,0.38122556,0.76255363,-0.45307198,-0.55405354,1,0.1297811508178711,-0.05310413678487142,0.5648905754089355,0.47344793160756427,0.09604016032722273,-0.9953275375981208,0.009968977037936776,0.7485466577894735,42.888564259960354,1
9.839999999999835,,,,,16.080997,0.76255363,-0.45307198,-0.55405354,22.583763,6.830506,2.175973,0.7622247,0.42888576,-0.07782888,-0.47855648,8.274218,-7.8488164,0.3832522,0.76255363,-0.45307198,-0.55405354,1,0.1297811508178711,-0.05310413678487142,0.5648905754089355,0.47344793160756427,0.09604016032722273,-0.9953275375981208,0.009968977037936776,0.7485466577894735,42.888564259960354,1
9.849999999999834,,,,,15.89589,0.7969309,-0.4021686,-0.50115395,22.666077,6.7515526,2.1798127,0.759077,0.43091756,-0.08019101,-0.48133633,8.188678,-7.9418383,0.38459876,0.76255363,-0.45307198,-0.55405354,1,0.1297811508178711,-0.05310413678487142,0.5648905754089355,0.47344793160756427,0.09604016032722273,-0.9953275375981208,0.009968977037936776,0.7485466577894735,42.888564259960354,1
9.859999999999834,,,,,15.89589,0.7969309,-0.4021686,-0.50115395,22.747536,6.6716766,2.183657,0.7559827,0.4331696,-0.08255451,-0.48377904,8.102945,-8.0334425,0.38410157,0.7969309,-0.4021686,-0.50115395,1,0.1297811508178711,-0.05310413678487142,0.5648905754089355,0.47344793160756427,0.09604016032722273,-0.9953275375981208,0.009968977037936776,0.7485466577894735,42.888564259960354,1
9.869999999999834,,,,,15.89589,0.7969309,-0.4021686,-0.50115395,22.828133,6.5908856,2.1874924,0.75286853,0.4354103,-0.084915854,-0.4862091,8.016045,-8.124734,0.3828621,0.7969309,-0.4021686,-0.50115395,1,0.13338951110839845,-0.10599237442016601,0.5666947555541992,0.44700381278991697,0.002843138070485557,-0.9997991625849499,0.019838121391535568,0.7758207244792075,44.45125317144046,1
9.879999999999834,,,,,15.89589,0.7969309,-0.4021686,-0.50115395,22.907854,6.5091834,2.1913116,0.74973464,0.43763962,-0.08727496,-0.48862642,7.9279823,-8.215699,0.38087684,0.7969309,-0.4021686,-0.50115395,1,0.13338951110839845,-0.10599237442016601,0.5666947555541992,0.44700381278991697,0.002843138070485557,-0.9997991625849499,0.019838121391535568,0.7758207244792075,44.45125317144046,1
9.889999999999834,,,,,15.406694,0.7186411,-0.45008573,-0.48616603,22.986689,6.4265733,2.1951075,0.7465811,0.43985745,-0.08963179,-0.49103093,7.838763,-8.306326,0.3781424,0.7969309,-0.4021686,-0.50115395,1,0.13338951110839845,-0.10599237442016601,0.5666947555541992,0.44700381278991697,0.002843138070485557,-0.9997991625849499,0.019838121391535568,0.7758207244792075,44.45125317144046,1
9.899999999999833,,,,,15.406694,0.7186411,-0.45008573,-0.48616603,23.06464,6.343073,2.1988575,0.7435963,0.44164762,-0.09200599,-0.49350765,7.75119,-8.393795,0.3717858,0.7186411,-0.45008573,-0.48616603,1,0.13338951110839845,-0.10599237442016601,0.5666947555541992,0.44700381278991697,0.002843138070485557,-0.9997991625849499,0.019838121391535568,0.7758207244792075,44.45125317144046,1
9.909999999999833,,,,,15.406694,0.7186411,-0.45008573,-0.48616603,23.141708,6.2586994,2.202541,0.74059385,0.4434273,-0.094377995,-0.4959726,7.66255,-8.480835,0.36480913,0.7186411,-0.45008573,-0.48616603,1,0.13338951110839845,-0.10599237442016601,0.5666947555541992,0.44700381278991697,0.002843138070485557,-0.9997991625849499,0.019838121391535568,0.7758207244792075,44.45125317144046,1
9.919999999999833,,,,,15.406694,0.7186411,-0.45008573,-0.48616603,23.217888,6.1734576,2.2061517,0.7375737,0.44519636,-0.09674774,-0.49842572,7.572849,-8.567437,0.35720995,0.7186411,-0.45008573,-0.48616603,1,0.13338951110839845,-0.10599237442016601,0.5666947555541992,0.44700381278991697,0.002843138070485557,-0.9997991625849499,0.019838121391535568,0.7758207244792075,44.45125317144046,1
9.929999999999833,,,,,15.048989,0.6465726,-0.48931447,-0.5505401,23.293163,6.087352,2.209683,0.7345359,0.4469548,-0.099115185,-0.5008669,7.4820914,-8.653588,0.34898594,0.7186411,-0.45008573,-0.48616603,1,0.13338951110839845,-0.10599237442016601,0.5666947555541992,0.44700381278991697,0.002843138070485557,-0.9997991625849499,0.019838121391535568,0.7758207244792075,44.45125317144046,1
9.939999999999833,,,,,15.048989,0.6465726,-0.48931447,-0.5505401,23.367537,6.0003967,2.2131188,0.73146087,0.44837147,-0.101299986,-0.5036559,7.3924327,-8.737267,0.33810025,0.6465726,-0.48931447,-0.5505401,1,0.13026726722717286,-0.11862051645914713,0.5651336336135864,0.4406897417704264,-0.06382503104884754,-0.9979513634712438,0.00440925815744889,0.7660833822182311,43.89334455621214,1
9.949999999999832,,,,,15.048989,0.6465726,-0.48931447,-0.5505401,23.44101,5.912608,2.2164433,0.72836834,0.44977742,-0.10348235,-0.50643283,7.3017964,-8.820425,0.32670063,0.6465726,-0.48931447,-0.5505401,1,0.13026726722717286,-0.11862051645914713,0.5651336336135864,0.4406897417704264,-0.06382503104884754,-0.9979513634712438,0.00440925815744889,0.7660833822182311,43.89334455621214,1
9.959999999999832,,,,,15.048989,0.6465726,-0.48931447,-0.5505401,23.513573,5.8239903,2.219651,0.7252583,0.45117256,-0.10566223,-0.5091976,7.2101893,-8.903053,0.31478605,0.6465726,-0.48931447,-0.5505401,1,0.13026726722717286,-0.11862051645914713,0.5651336336135864,0.4406897417704264,-0.06382503104884754,-0.9979513634712438,0.00440925815744889,0.7660833822182311,43.89334455621214,1
9.969999999999832,,,,,15.043787,0.56443286,-0.73665684,-0.59811604,23.58521,5.734549,2.222737,0.72213084,0.45255688,-0.10783957,-0.51195014,7.117618,-8.985141,0.3023556,0.6465726,-0.48931447,-0.5505401,1,0.13026726722717286,-0.11862051645914713,0.5651336336135864,0.4406897417704264,-0.06382503104884754,-0.9979513634712438,0.00440925815744889,0.7660833822182311,43.89334455621214,1
9.979999999999832,,,,,15.043787,0.56443286,-0.73665684,-0.59811604,23.65592,5.6442895,2.2256963,0.71891445,0.45302483,-0.11058913,-0.5154645,7.024087,-9.066529,0.28945726,0.56443286,-0.73665684,-0.59811604,1,0.13026726722717286,-0.11862051645914713,0.5651336336135864,0.4406897417704264,-0.06382503104884754,-0.9979513634712438,0.00440925815744889,0.7660833822182311,43.89334455621214,1
9.989999999999831,,,,,15.043787,0.56443286,-0.73665684,-0.59811604,23.725687,5.5532207,2.2285252,0.7156761,0.45347896,-0.11333532,-0.5189631,6.929518,-9.1470375,0.27625048,0.56443286,-0.73665684,-0.59811604,1,0.13026726722717286,-0.11862051645914713,0.5651336336135864,0.4406897417704264,-0.06382503104884754,-0.9979513634712438,0.00440925815744889,0.7660833822182311,43.89334455621214,1
9.999999999999831,,,,,15.043787,0.56443286,-0.73665684,-0.59811604,23.794504,5.461352,2.2312202,0.712416,0.45391926,-0.11607806,-0.5224459,6.833922,-9.226652,0.2627346,0.56443286,-0.73665684,-0.59811604,1,0.13026726722717286,-0.11862051645914713,0.5651336336135864,0.4406897417704264,-0.06382503104884754,-0.9979513634712438,0.00440925815744889,0.7660833822182311,43.89334455621214,1
10.009999999999831,,,,,15.067798,0.37552214,-0.49684095,-0.70433974,23.862362,5.3686905,2.2337787,0.70913416,0.45434573,-0.11881725,-0.5259128,6.7373085,-9.305362,0.24890892,0.56443286,-0.73665684,-0.59811604,1,0.14979559898376466,-0.20555985768636068,0.5748977994918824,0.3972200711568197,-0.20772548669560367,-0.9778220958343878,0.026722108358431106,0.8359933604104886,47.89889125248012,1
10.01999999999983,,,,,15.067798,0.37552214,-0.49684095,-0.70433974,23.929249,5.275246,2.2361982,0.706126,0.45478413,-0.11996496,-0.5293099,6.6396565,-9.383392,0.2349474,0.37552214,-0.49684095,-0.70433974,1,0.14979559898376466,-0.20555985768636068,0.5748977994918824,0.3972200711568197,-0.20772548669560367,-0.9778220958343878,0.026722108358431106,0.8359933604104886,47.89889125248012,1
10.02999999999983,,,,,15.067798,0.37552214,-0.49684095,-0.70433974,23.995155,5.1810246,2.238477,0.7031022,0.4552125,-0.121110015,-0.53269535,6.5413356,-9.460797,0.22078395,0.37552214,-0.49684095,-0.70433974,1,0.14979559898376466,-0.20555985768636068,0.5748977994918824,0.3972200711568197,-0.20772548669560367,-0.9778220958343878,0.026722108358431106,0.8359933604104886,47.89889125248012,1
10.03999999999983,,,,,15.067798,0.37552214,-0.49684095,-0.70433974,24.060074,5.0860324,2.240613,0.7000629,0.4556308,-0.1222524,-0.53606904,6.4423504,-9.53757,0.2064206,0.37552214,-0.49684095,-0.70433974,1,0.14979559898376466,-0.20555985768636068,0.5748977994918824,0.3972200711568197,-0.20772548669560367,-0.9778220958343878,0.026722108358431106,0.8359933604104886,47.89889125248012,1
10.04999999999983,,,,,15.206063,0.10055556,-0.34245378,-0.76970077,24.124,4.990276,2.2426043,0.6970081,0.45603904,-0.123392075,-0.53943086,6.3427067,-9.613704,0.19185942,0.37552214,-0.49684095,-0.70433974,1,0.14979559898376466,-0.20555985768636068,0.5748977994918824,0.3972200711568197,-0.20772548669560367,-0.9778220958343878,0.026722108358431106,0.8359933604104886,47.89889125248012,1
10.05999999999983,,,,,15.206063,0.10055556,-0.34245378,-0.76970077,24.186924,4.893757,2.2444534,0.69448525,0.45593658,-0.12310058,-0.54282725,6.241624,-9.689961,0.1779597,0.10055556,-0.34245378,-0.76970077,1,0.14979559898376466,-0.20555985768636068,0.5748977994918824,0.3972200711568197,-0.20772548669560367,-0.9778220958343878,0.026722108358431106,0.8359933604104886,47.89889125248012,1
10.06999999999983,,,,,15.206063,0.10055556,-0.34245378,-0.76970077,24.248833,4.796478,2.2461638,0.69194996,0.45582592,-0.12280686,-0.54621387,6.140245,-9.765766,0.16411114,0.10055556,-0.34245378,-0.76970077,1,0.14594325065612793,-0.23227498372395833,0.572971625328064,0.3838625081380208,-0.27241009188400284,-0.9617157625295676,0.029925473127780013,0.8373166687194888,47.97471123358043,1
10.07999999999983,,,,,15.206063,0.10055556,-0.34245378,-0.76970077,24.309729,4.698443,2.247736,0.6894021,0.45570707,-0.12251094,-0.54959065,6.038573,-9.841118,0.15031612,0.10055556,-0.34245378,-0.76970077,1,0.14594325065612793,-0.23227498372395833,0.572971625328064,0.3838625081380208,-0.27241009188400284,-0.9617157625295676,0.029925473127780013,0.8373166687194888,47.97471123358043,1
10.08999999999983,,,,,15.354401,-0.044743128,-0.24912548,-0.80083,24.369604,4.599657,2.2491703,0.68684185,0.45558003,-0.12221281,-0.55295753,5.9366107,-9.916016,0.13657701,0.10055556,-0.34245378,-0.76970077,1,0.14594325065612793,-0.23227498372395833,0.572971625328064,0.3838625081380208,-0.27241009188400284,-0.9617157625295676,0.029925473127780013,0.8373166687194888,47.97471123358043,1
10.09999999999983,,,,,15.354401,-0.044743128,-0.24912548,-0.80083,24.428455,4.50012,2.2504718,0.6845714,0.45522293,-0.121119365,-0.5562977,5.8334384,-9.99123,0.123765245,-0.044743128,-0.24912548,-0.80083,1,0.14594325065612793,-0.23227498372395833,0.572971625328064,0.3838625081380208,-0.27241009188400284,-0.9617157625295676,0.029925473127780013,0.8373166687194888,47.97471123358043,1
10.109999999999829,,,,,15.354401,-0.044743128,-0.24912548,-0.80083,24.486273,4.3998337,2.2516463,0.6822888,0.45485783,-0.12002379,-0.55962807,5.730176,-10.066113,0.11113565,-0.044743128,-0.24912548,-0.80083,1,0.14594325065612793,-0.23227498372395833,0.572971625328064,0.3838625081380208,-0.27241009188400284,-0.9617157625295676,0.029925473127780013,0.8373166687194888,47.97471123358043,1
10.119999999999829,,,,,15.354401,-0.044743128,-0.24912548,-0.80083,24.543058,4.2987995,2.2526953,0.6799942,0.45448467,-0.11892609,-0.5629486,5.6268263,-10.140666,0.098689824,-0.044743128,-0.24912548,-0.80083,1,0.14594325065612793,-0.23227498372395833,0.572971625328064,0.3838625081380208,-0.27241009188400284,-0.9617157625295676,0.029925473127780013,0.8373166687194888,47.97471123358043,1
10.129999999999828,,,,,14.620592,-0.46655113,-0.45152685,-0.75917506,24.598808,4.1970215,2.2536206,0.67768764,0.4541035,-0.1178263,-0.56625915,5.5233917,-10.214887,0.08642933,-0.044743128,-0.24912548,-0.80083,1,0.14594325065612793,-0.23227498372395833,0.572971625328064,0.3838625081380208,-0.27241009188400284,-0.9617157625295676,0.029925473127780013,0.8373166687194888,47.97471123358043,1
10.139999999999828,,,,,14.620592,-0.46655113,-0.45152685,-0.75917506,24.65355,4.0945206,2.2544045,0.67632306,0.45168582,-0.116310135,-0.5701245,5.4249396,-10.285161,0.07045662,-0.46655113,-0.45152685,-0.75917506,1,0.25804901123046875,-0.27361979166666667,0.6290245056152344,0.36319010416666664,-0.4043037088397907,-0.9139894925575174,-0.03408399203206947,0.901842508611326,51.67176952891958,1
10.149999999999828,,,,,14.620592,-0.46655113,-0.45152685,-0.75917506,24.707306,3.9913197,2.2550323,0.6749416,0.44925687,-0.11479108,-0.5739757,5.3267283,-10.354897,0.05522747,-0.46655113,-0.45152685,-0.75917506,1,0.25804901123046875,-0.27361979166666667,0.6290245056152344,0.36319010416666664,-0.4043037088397907,-0.9139894925575174,-0.03408399203206947,0.901842508611326,51.67176952891958,1
10.159999999999828,,,,,14.620592,-0.46655113,-0.45152685,-0.75917506,24.760084,3.8874242,2.2555115,0.67354333,0.4468167,-0.113269165,-0.5778125,5.2287664,-10.424094,0.040740248,-0.46655113,-0.45152685,-0.75917506,1,0.25804901123046875,-0.27361979166666667,0.6290245056152344,0.36319010416666664,-0.4043037088397907,-0.9139894925575174,-0.03408399203206947,0.901842508611326,51.67176952891958,1
10.169999999999828,,,,,13.662683,-0.85989916,-0.7452476,-0.7372167,24.81188,3.7828395,2.2558496,0.6721282,0.4443654,-0.11174442,-0.58163494,5.1310625,-10.492757,0.026993247,-0.46655113,-0.45152685,-0.75917506,1,0.25804901123046875,-0.27361979166666667,0.6290245056152344,0.36319010416666664,-0.4043037088397907,-0.9139894925575174,-0.03408399203206947,0.901842508611326,51.67176952891958,1
10.179999999999827,,,,,13.662683,-0.85989916,-0.7452476,-0.7372167,24.862736,3.6775937,2.2560265,0.67146295,0.43971002,-0.11010767,-0.5862353,5.0401034,-10.556305,0.008610745,-0.85989916,-0.7452476,-0.7372167,1,0.25804901123046875,-0.27361979166666667,0.6290245056152344,0.36319010416666664,-0.4043037088397907,-0.9139894925575174,-0.03408399203206947,0.901842508611326,51.67176952891958,1
10.189999999999827,,,,,13.662683,-0.85989916,-0.7452476,-0.7372167,24.912683,3.5717163,2.2560256,0.6707669,0.4350344,-0.10846586,-0.59080875,4.9496593,-10.61904,-0.008550955,-0.85989916,-0.7452476,-0.7372167,1,0.25804901123046875,-0.27361979166666667,0.6290245056152344,0.36319010416666664,-0.4043037088397907,-0.9139894925575174,-0.03408399203206947,0.901842508611326,51.67176952891958,1
10.199999999999827,,,,,13.662683,-0.85989916,-0.7452476,-0.7372167,24.96173,3.465216,2.2558591,0.67004,0.4303388,-0.10681906,-0.59535503,4.8597503,-10.680961,-0.024500139,-0.85989916,-0.7452476,-0.7372167,1,0.25804901123046875,-0.27361979166666667,0.6290245056152344,0.36319010416666664,-0.4043037088397907,-0.9139894925575174,-0.03408399203206947,0.901842508611326,51.67176952891958,1
10.209999999999827,,,,,14.591975,-0.0026753005,-0.6959363,-0.76561224,25.009878,3.3581004,2.2555394,0.6692823,0.42562342,-0.10516735,-0.59987396,4.7703943,-10.742069,-0.039245322,-0.85989916,-0.7452476,-0.7372167,1,0.25321495056152343,-0.26252532958984376,0.6266074752807618,0.3687373352050781,-0.43662067357922585,-0.8996456732024487,-0.00022381093882428878,0.8697633211117748,49.83376747498647,1
10.219999999999827,,,,,14.591975,-0.0026753005,-0.6959363,-0.76561224,25.057108,3.250357,2.2551062,0.66661674,0.42392397,-0.1058575,-0.60391045,4.675244,-10.806452,-0.047379654,-0.0026753005,-0.6959363,-0.76561224,1,0.25321495056152343,-0.26252532958984376,0.6266074752807618,0.3687373352050781,-0.43662067357922585,-0.8996456732024487,-0.00022381093882428878,0.8697633211117748,49.83376747498647,1
10.229999999999826,,,,,14.591975,-0.0026753005,-0.6959363,-0.76561224,25.103384,3.1419744,2.2545934,0.66393334,0.4222132,-0.1065448,-0.6079308,4.5798426,-10.869926,-0.055134762,-0.0026753005,-0.6959363,-0.76561224,1,0.25321495056152343,-0.26252532958984376,0.6266074752807618,0.3687373352050781,-0.43662067357922585,-0.8996456732024487,-0.00022381093882428878,0.8697633211117748,49.83376747498647,1
10.239999999999826,,,,,14.591975,-0.0026753005,-0.6959363,-0.76561224,25.148705,3.0329618,2.2540047,0.6612322,0.42049113,-0.10722927,-0.61193484,4.4842014,-10.93249,-0.062509656,-0.0026753005,-0.6959363,-0.76561224,1,0.25321495056152343,-0.26252532958984376,0.6266074752807618,0.3687373352050781,-0.43662067357922585,-0.8996456732024487,-0.00022381093882428878,0.8697633211117748,49.83376747498647,1
10.249999999999826,,,,,15.477057,0.6702626,-0.8596615,-0.72958755,25.193068,2.9233277,2.2533443,0.65851337,0.41875783,-0.10791086,-0.6159225,4.38833,-10.994143,-0.06950339,-0.0026753005,-0.6959363,-0.76561224,1,0.25321495056152343,-0.26252532958984376,0.6266074752807618,0.3687373352050781,-0.43662067357922585,-0.8996456732024487,-0.00022381093882428878,0.8697633211117748,49.83376747498647,1
10.259999999999826,,,,,15.477057,0.6702626,-0.8596615,-0.72958755,25.23644,2.8130639,2.2526429,0.65438515,0.41870192,-0.11127555,-0.6197498,4.286109,-11.058434,-0.07079791,0.6702626,-0.8596615,-0.72958755,1,0.25321495056152343,-0.26252532958984376,0.6266074752807618,0.3687373352050781,-0.43662067357922585,-0.8996456732024487,-0.00022381093882428878,0.8697633211117748,49.83376747498647,1
10.269999999999825,,,,,15.477057,0.6702626,-0.8596615,-0.72958755,25.278786,2.702164,2.2519276,0.6502288,0.418628,-0.11463547,-0.6235504,4.1828656,-11.1214,-0.07230699,0.6702626,-0.8596615,-0.72958755,1,0.16274896621704102,-0.3084386698404948,0.5813744831085205,0.3457806650797526,-0.4642035405821957,-0.8806084999524626,0.09509859474476018,0.8448658304833576,48.407246341511645,1
10.279999999999825,,,,,15.477057,0.6702626,-0.8596615,-0.72958755,25.320093,2.5906408,2.2511961,0.6460445,0.4185361,-0.11799044,-0.62732416,4.078617,-11.183029,-0.074032605,0.6702626,-0.8596615,-0.72958755,1,0.16274896621704102,-0.3084386698404948,0.5813744831085205,0.3457806650797526,-0.4642035405821957,-0.8806084999524626,0.09509859474476018,0.8448658304833576,48.407246341511645,1
10.289999999999825,,,,,15.690364,1.0597099,-1.3170128,-0.6528467,25.360353,2.4785082,2.250446,0.6418325,0.4184262,-0.12134035,-0.631071,3.9733818,-11.243307,-0.075976714,0.6702626,-0.8596615,-0.72958755,1,0.16274896621704102,-0.3084386698404948,0.5813744831085205,0.3457806650797526,-0.4642035405821957,-0.8806084999524626,0.09509859474476018,0.8448658304833576,48.407246341511645,1
10.299999999999825,,,,,15.690364,1.0597099,-1.3170128,-0.6528467,25.399548,2.365776,2.249682,0.6367302,0.4180502,-0.12753971,-0.63525254,3.865507,-11.302753,-0.07687837,1.0597099,-1.3170128,-0.6528467,1,0.16274896621704102,-0.3084386698404948,0.5813744831085205,0.3457806650797526,-0.4642035405821957,-0.8806084999524626,0.09509859474476018,0.8448658304833576,48.407246341511645,1
10.309999999999825,,,,,15.690364,1.0597099,-1.3170128,-0.6528467,25.437656,2.2524602,2.2489069,0.6315756,0.4176399,-0.13372861,-0.639382,3.756128,-11.360049,-0.07817088,1.0597099,-1.3170128,-0.6528467,1,0.16274896621704102,-0.3084386698404948,0.5813744831085205,0.3457806650797526,-0.4642035405821957,-0.8806084999524626,0.09509859474476018,0.8448658304833576,48.407246341511645,1
10.319999999999824,,,,,15.690364,1.0597099,-1.3170128,-0.6528467,25.474665,2.1385822,2.248117,0.6263691,0.41719538,-0.13990653,-0.64345896,3.6452844,-11.415173,-0.07986856,1.0597099,-1.3170128,-0.6528467,1,0.16274896621704102,-0.3084386698404948,0.5813744831085205,0.3457806650797526,-0.4642035405821957,-0.8806084999524626,0.09509859474476018,0.8448658304833576,48.407246341511645,1
10.329999999999824,,,,,16.03041,1.3205891,-1.3739939,-0.6737387,25.510557,2.0241644,2.247308,0.6211113,0.41671658,-0.14607294,-0.6474831,3.5330153,-11.468099,-0.08198556,1.0597099,-1.3170128,-0.6528467,1,0.16274896621704102,-0.3084386698404948,0.5813744831085205,0.3457806650797526,-0.4642035405821957,-0.8806084999524626,0.09509859474476018,0.8448658304833576,48.407246341511645,1
10.339999999999824,,,,,16.03041,1.3205891,-1.3739939,-0.6737387,25.54531,1.9092228,2.2464857,0.6151434,0.41684034,-0.15320389,-0.6514406,3.4167871,-11.519842,-0.082564294,1.3205891,-1.3739939,-0.6737387,1,0.12288541793823242,-0.255916264851888,0.5614427089691162,0.372041867574056,-0.5134413454497819,-0.8539666048742365,0.08437430024769285,0.8296676882009515,47.53645693229045,1
10.349999999999824,,,,,16.03041,1.3205891,-1.3739939,-0.6737387,25.578888,1.7937762,2.2456543,0.60911274,0.41692153,-0.1603192,-0.6553316,3.2988968,-11.569128,-0.083867714,1.3205891,-1.3739939,-0.6737387,1,0.12288541793823242,-0.255916264851888,0.5614427089691162,0.372041867574056,-0.5134413454497819,-0.8539666048742365,0.08437430024769285,0.8296676882009515,47.53645693229045,1
10.359999999999824,,,,,16.03041,1.3205891,-1.3739939,-0.6737387,25.611279,1.677849,2.2448058,0.60301983,0.41696012,-0.1674181,-0.65915567,3.1793954,-11.615927,-0.08591532,1.3205891,-1.3739939,-0.6737387,1,0.12288541793823242,-0.255916264851888,0.5614427089691162,0.372041867574056,-0.5134413454497819,-0.8539666048742365,0.08437430024769285,0.8296676882009515,47.53645693229045,1
10.369999999999823,,,,,16.103617,1.2452806,-1.311821,-0.60026014,25.64247,1.5614663,2.2439334,0.59686536,0.41695616,-0.17449993,-0.66291237,3.0583348,-11.660211,-0.08872632,1.3205891,-1.3739939,-0.6737387,1,0.12288541793823242,-0.255916264851888,0.5614427089691162,0.372041867574056,-0.5134413454497819,-0.8539666048742365,0.08437430024769285,0.8296676882009515,47.53645693229045,1
10.379999999999823,,,,,16.103617,1.2452806,-1.311821,-0.60026014,25.67244,1.4446524,2.243031,0.591108,0.41682917,-0.18128295,-0.66632193,2.9352393,-11.702191,-0.09186769,1.2452806,-1.311821,-0.60026014,1,0.12288541793823242,-0.255916264851888,0.5614427089691162,0.372041867574056,-0.5134413454497819,-0.8539666048742365,0.08437430024769285,0.8296676882009515,47.53645693229045,1
10.389999999999823,,,,,16.103617,1.2452806,-1.311821,-0.60026014,25.701172,1.3274308,2.2420933,0.58529705,0.41666433,-0.18804951,-0.669671,2.8107636,-11.74172,-0.095758796,1.2452806,-1.311821,-0.60026014,1,0.12288541793823242,-0.255916264851888,0.5614427089691162,0.372041867574056,-0.5134413454497819,-0.8539666048742365,0.08437430024769285,0.8296676882009515,47.53645693229045,1
10.399999999999823,,,,,16.103617,1.2452806,-1.311821,-0.60026014,25.728651,1.2098265,2.241113,0.5794329,0.41646168,-0.194799,-0.67295927,2.6849558,-11.778774,-0.10041703,1.2452806,-1.311821,-0.60026014,1,0.12288541793823242,-0.255916264851888,0.5614427089691162,0.372041867574056,-0.5134413454497819,-0.8539666048742365,0.08437430024769285,0.8296676882009515,47.53645693229045,1
10.409999999999823,,,,,16.477,1.1365979,-1.0654203,-0.6054598,25.754866,1.091864,2.2400823,0.5735162,0.4162212,-0.20153081,-0.67618644,2.5578644,-11.813334,-0.10585951,1.2452806,-1.311821,-0.60026014,1,0.2174006462097168,-0.28544514973958335,0.6087003231048584,0.3572774251302083,-0.6798943933232611,-0.7329431927784223,0.02319245755342326,0.9610999729391434,55.06697213955055,1
10.419999999999822,,,,,16.477,1.1365979,-1.0654203,-0.6054598,25.779787,0.9735642,2.239004,0.5680102,0.41647398,-0.20716162,-0.678971,2.4266033,-11.846286,-0.10997275,1.1365979,-1.0654203,-0.6054598,1,0.2174006462097168,-0.28544514973958335,0.6087003231048584,0.3572774251302083,-0.6798943933232611,-0.7329431927784223,0.02319245755342326,0.9610999729391434,55.06697213955055,1
10.429999999999822,,,,,16.477,1.1365979,-1.0654203,-0.6054598,25.803392,0.85494566,2.23788,0.5624646,0.41669768,-0.21277797,-0.68170804,2.2942302,-11.877078,-0.11491783,1.1365979,-1.0654203,-0.6054598,1,0.2174006462097168,-0.28544514973958335,0.6087003231048584,0.3572774251302083,-0.6798943933232611,-0.7329431927784223,0.02319245755342326,0.9610999729391434,55.06697213955055,1
10.439999999999822,,,,,16.477,1.1365979,-1.0654203,-0.6054598,25.825668,0.7360301,2.2367024,0.55687976,0.41689217,-0.21837945,-0.6843976,2.1607828,-11.905698,-0.12070557,1.1365979,-1.0654203,-0.6054598,1,0.2174006462097168,-0.28544514973958335,0.6087003231048584,0.3572774251302083,-0.6798943933232611,-0.7329431927784223,0.02319245755342326,0.9610999729391434,55.06697213955055,1
10.449999999999822,,,,,16.741812,0.95917505,-0.8624153,-0.66845965,25.846603,0.6168393,2.235463,0.55125594,0.41705757,-0.22396567,-0.68703926,2.0263007,-11.932129,-0.12734656,1.1365979,-1.0654203,-0.6054598,1,0.2174006462097168,-0.28544514973958335,0.6087003231048584,0.3572774251302083,-0.6798943933232611,-0.7329431927784223,0.02319245755342326,0.9610999729391434,55.06697213955055,1
10.459999999999821,,,,,16.741812,0.95917505,-0.8624153,-0.66845965,25.866177,0.49739268,2.23416,0.5459792,0.41747633,-0.22823781,-0.6895879,1.8887023,-11.9569,-0.13335055,0.95917505,-0.8624153,-0.66845965,1,0.2174006462097168,-0.28544514973958335,0.6087003231048584,0.3572774251302083,-0.6798943933232611,-0.7329431927784223,0.02319245755342326,0.9610999729391434,55.06697213955055,1
10.469999999999821,,,,,16.741812,0.95917505,-0.8624153,-0.66845965,25.884373,0.3777076,2.232793,0.5406737,0.41787305,-0.2324979,-0.6921001,1.7502769,-11.979828,-0.14012004,0.95917505,-0.8624153,-0.66845965,1,0.14920574188232422,-0.24691630045572915,0.5746028709411621,0.37654184977213545,-0.6957514102867254,-0.7177381583036591,0.02796267510279432,0.9149201110374867,52.42106095408864,1
10.479999999999821,,,,,16.741812,0.95917505,-0.8624153,-0.66845965,25.901178,0.2578025,2.2313547,0.53533965,0.41824773,-0.23674573,-0.6945758,1.6110535,-12.000903,-0.14765929,0.95917505,-0.8624153,-0.66845965,1,0.14920574188232422,-0.24691630045572915,0.5746028709411621,0.37654184977213545,-0.6957514102867254,-0.7177381583036591,0.02796267510279432,0.9149201110374867,52.42106095408864,1
10.48999999999982,,,,,16.860006,0.75325537,-0.8848413,-0.7363552,25.91659,0.13769594,2.2298372,0.5299774,0.41860032,-0.24098107,-0.6970148,1.4710613,-12.020114,-0.15597235,0.95917505,-0.8624153,-0.66845965,1,0.14920574188232422,-0.24691630045572915,0.5746028709411621,0.37654184977213545,-0.6957514102867254,-0.7177381583036591,0.02796267510279432,0.9149201110374867,52.42106095408864,1
10.49999999999982,,,,,16.860006,0.75325537,-0.8848413,-0.7363552,25.930593,0.01740594,2.228236,0.5247559,0.41838998,-0.24440403,-0.69989395,1.3294071,-12.037602,-0.16432825,0.75325537,-0.8848413,-0.7363552,1,0.14920574188232422,-0.24691630045572915,0.5746028709411621,0.37654184977213545,-0.6957514102867254,-0.7177381583036591,0.02796267510279432,0.9149201110374867,52.42106095408864,1
10.50999999999982,,,,,16.860006,0.75325537,-0.8848413,-0.7363552,25.943176,-0.10304985,2.226549,0.51950955,0.41815984,-0.24781542,-0.70273995,1.1872244,-12.053271,-0.17318517,0.75325537,-0.8848413,-0.7363552,1,0.14920574188232422,-0.24691630045572915,0.5746028709411621,0.37654184977213545,-0.6957514102867254,-0.7177381583036591,0.02796267510279432,0.9149201110374867,52.42106095408864,1
10.51999999999982,,,,,16.860006,0.75325537,-0.8848413,-0.7363552,25.954336,-0.22365323,2.2247705,0.5142387,0.41790992,-0.25121507,-0.7055527,1.0445392,-12.067115,-0.18254352,0.75325537,-0.8848413,-0.7363552,1,0.14920574188232422,-0.24691630045572915,0.5746028709411621,0.37654184977213545,-0.6957514102867254,-0.7177381583036591,0.02796267510279432,0.9149201110374867,52.42106095408864,1
10.52999999999982,,,,,16.773329,0.50972176,-1.0011743,-0.72759914,25.964067,-0.34438586,2.2228963,0.5089435,0.4176402,-0.25460282,-0.70833206,0.9013775,-12.079125,-0.19240355,0.75325537,-0.8848413,-0.7363552,1,0.14920574188232422,-0.24691630045572915,0.5746028709411621,0.37654184977213545,-0.6957514102867254,-0.7177381583036591,0.02796267510279432,0.9149201110374867,52.42106095408864,1
10.53999999999982,,,,,16.773329,0.50972176,-1.0011743,-0.72759914,25.972368,-0.46522912,2.2209194,0.50401634,0.41630837,-0.2574307,-0.7116094,0.7585914,-12.089231,-0.20307177,0.50972176,-1.0011743,-0.72759914,1,0.09979598999023437,-0.1622944641113281,0.5498979949951172,0.41885276794433596,-0.6974484371938356,-0.7166092210483216,-0.006074682246305394,0.8345159855548188,47.81424390849149,1
10.54999999999982,,,,,16.773329,0.50972176,-1.0011743,-0.72759914,25.979239,-0.58616406,2.2188349,0.4990666,0.4149579,-0.26024705,-0.714855,0.61561626,-12.097464,-0.21385288,0.50972176,-1.0011743,-0.72759914,1,0.09979598999023437,-0.1622944641113281,0.5498979949951172,0.41885276794433596,-0.6974484371938356,-0.7166092210483216,-0.006074682246305394,0.8345159855548188,47.81424390849149,1
10.55999999999982,,,,,16.773329,0.50972176,-1.0011743,-0.72759914,25.98468,-0.7071719,2.216642,0.4940945,0.41358885,-0.26305175,-0.71806854,0.47247705,-12.103824,-0.22474626,0.50972176,-1.0011743,-0.72759914,1,0.09979598999023437,-0.1622944641113281,0.5498979949951172,0.41885276794433596,-0.6974484371938356,-0.7166092210483216,-0.006074682246305394,0.8345159855548188,47.81424390849149,1
10.569999999999819,,,,,16.93948,0.32248947,-1.0327213,-0.71844816,25.98869,-0.82823396,2.2143393,0.48910025,0.4122013,-0.26584464,-0.72124994,0.32919893,-12.108308,-0.23575121,0.50972176,-1.0011743,-0.72759914,1,0.09979598999023437,-0.1622944641113281,0.5498979949951172,0.41885276794433596,-0.6974484371938356,-0.7166092210483216,-0.006074682246305394,0.8345159855548188,47.81424390849149,1
10.579999999999819,,,,,16.93948,0.32248947,-1.0327213,-0.71844816,25.991257,-0.9493317,2.211931,0.48446167,0.41021198,-0.2680468,-0.7246915,0.1844479,-12.110967,-0.24590512,0.32248947,-1.0327213,-0.71844816,1,0.09979598999023437,-0.1622944641113281,0.5498979949951172,0.41885276794433596,-0.6974484371938356,-0.7166092210483216,-0.006074682246305394,0.8345159855548188,47.81424390849149,1
10.589999999999819,,,,,16.93948,0.32248947,-1.0327213,-0.71844816,25.992378,-1.0704468,2.2094219,0.4798027,0.4082054,-0.27023762,-0.7281025,0.039769933,-12.1118,-0.25590274,0.32248947,-1.0327213,-0.71844816,1,0.09979598999023437,-0.1622944641113281,0.5498979949951172,0.41885276794433596,-0.6974484371938356,-0.7166092210483216,-0.006074682246305394,0.8345159855548188,47.81424390849149,1
10.599999999999818,,,,,16.93948,0.32248947,-1.0327213,-0.71844816,25.992052,-1.1915612,2.2068136,0.4751235,0.40618157,-0.27241713,-0.73148274,-0.10481124,-12.11081,-0.2657432,0.32248947,-1.0327213,-0.71844816,1,0.09979598999023437,-0.1622944641113281,0.5498979949951172,0.41885276794433596,-0.6974484371938356,-0.7166092210483216,-0.006074682246305394,0.8345159855548188,47.81424390849149,1
10.609999999999818,,,,,16.972061,0.12099805,-0.96848035,-0.6453363,25.990282,-1.3126566,2.2041078,0.47042426,0.40414062,-0.27458507,-0.73483217,-0.24927187,-12.107999,-0.27542564,0.32248947,-1.0327213,-0.71844816,1,0.10107268333435059,-0.16065617879231772,0.5505363416671752,0.4196719106038411,-0.7599015508840669,-0.6499790181071436,-0.00876977676244154,0.8426222192328492,48.27869688598945,1
10.619999999999818,,,,,16.972061,0.12099805,-0.96848035,-0.6453363,25.987066,-1.4337151,2.201307,0.46647102,0.401746,-0.2759989,-0.7381284,-0.39381558,-12.103448,-0.28469214,0.12099805,-0.96848035,-0.6453363,1,0.10107268333435059,-0.16065617879231772,0.5505363416671752,0.4196719106038411,-0.7599015508840669,-0.6499790181071436,-0.00876977676244154,0.8426222192328492,48.27869688598945,1
10.629999999999818,,,,,16.972061,0.12099805,-0.96848035,-0.6453363,25.982407,-1.5547202,2.1984153,0.4625018,0.3993376,-0.27740327,-0.74139935,-0.5380597,-12.097316,-0.29356775,0.12099805,-0.96848035,-0.6453363,1,0.10107268333435059,-0.16065617879231772,0.5505363416671752,0.4196719106038411,-0.7599015508840669,-0.6499790181071436,-0.00876977676244154,0.8426222192328492,48.27869688598945,1
10.639999999999818,,,,,16.972061,0.12099805,-0.96848035,-0.6453363,25.976307,-1.675656,2.195437,0.45851675,0.3969155,-0.27879813,-0.74464494,-0.68198526,-12.089605,-0.30205217,0.12099805,-0.96848035,-0.6453363,1,0.10107268333435059,-0.16065617879231772,0.5505363416671752,0.4196719106038411,-0.7599015508840669,-0.6499790181071436,-0.00876977676244154,0.8426222192328492,48.27869688598945,1
10.649999999999817,,,,,17.114836,-0.0076699313,-0.9457288,-0.5616212,25.968767,-1.7965069,2.1923754,0.45451602,0.39447984,-0.28018346,-0.747865,-0.8255734,-12.080322,-0.31014523,0.12099805,-0.96848035,-0.6453363,1,0.10107268333435059,-0.16065617879231772,0.5505363416671752,0.4196719106038411,-0.7599015508840669,-0.6499790181071436,-0.00876977676244154,0.8426222192328492,48.27869688598945,1
10.659999999999817,,,,,17.114836,-0.0076699313,-0.9457288,-0.5616212,25.95979,-1.9172567,2.189239,0.45109934,0.39170685,-0.28119203,-0.7510061,-0.9699763,-12.069426,-0.31702715,-0.0076699313,-0.9457288,-0.5616212,1,0.10107268333435059,-0.16065617879231772,0.5505363416671752,0.4196719106038411,-0.7599015508840669,-0.6499790181071436,-0.00876977676244154,0.8426222192328492,48.27869688598945,1
10.669999999999817,,,,,17.114836,-0.0076699313,-0.9457288,-0.5616212,25.949371,-2.0378904,2.1860366,0.44766897,0.388922,-0.28219208,-0.7541245,-1.1139121,-12.057081,-0.32335708,-0.0076699313,-0.9457288,-0.5616212,1,0.06665978908538818,-0.15474904378255208,0.5333298945426941,0.422625478108724,-0.7853679929417677,-0.6184857258972382,0.02593303923543369,0.8115923369405076,46.50081559185055,1
10.679999999999817,,,,,17.114836,-0.0076699313,-0.9457288,-0.5616212,25.937511,-2.1583934,2.1827738,0.44422507,0.38612542,-0.28318366,-0.75722015,-1.257364,-12.043294,-0.32913616,-0.0076699313,-0.9457288,-0.5616212,1,0.06665978908538818,-0.15474904378255208,0.5333298945426941,0.422625478108724,-0.7853679929417677,-0.6184857258972382,0.02593303923543369,0.8115923369405076,46.50081559185055,1
10.689999999999817,,,,,17.064816,-0.050997503,-1.0016974,-0.52239835,25.924223,-2.2787514,2.1794562,0.44076777,0.38331714,-0.28416666,-0.7602929,-1.4003148,-12.0280695,-0.33436573,-0.0076699313,-0.9457288,-0.5616212,1,0.06665978908538818,-0.15474904378255208,0.5333298945426941,0.422625478108724,-0.7853679929417677,-0.6184857258972382,0.02593303923543369,0.8115923369405076,46.50081559185055,1
10.699999999999816,,,,,17.064816,-0.050997503,-1.0016974,-0.52239835,25.90951,-2.39895,2.1760874,0.43744934,0.38013297,-0.28517464,-0.7634243,-1.5423075,-12.011442,-0.33928698,-0.050997503,-1.0016974,-0.52239835,1,0.06665978908538818,-0.15474904378255208,0.5333298945426941,0.422625478108724,-0.7853679929417677,-0.6184857258972382,0.02593303923543369,0.8115923369405076,46.50081559185055,1
10.709999999999816,,,,,17.064816,-0.050997503,-1.0016974,-0.52239835,25.89338,-2.5189753,2.1726725,0.43411693,0.37693664,-0.28617343,-0.7665313,-1.683702,-11.9933405,-0.3435754,-0.050997503,-1.0016974,-0.52239835,1,0.06665978908538818,-0.15474904378255208,0.5333298945426941,0.422625478108724,-0.7853679929417677,-0.6184857258972382,0.02593303923543369,0.8115923369405076,46.50081559185055,1
10.719999999999816,,,,,17.064816,-0.050997503,-1.0016974,-0.52239835,25.87584,-2.6388118,2.1692178,0.43077067,0.37372828,-0.2871631,-0.7696138,-1.8244804,-11.973771,-0.34723377,-0.050997503,-1.0016974,-0.52239835,1,0.06665978908538818,-0.15474904378255208,0.5333298945426941,0.422625478108724,-0.7853679929417677,-0.6184857258972382,0.02593303923543369,0.8115923369405076,46.50081559185055,1
10.729999999999816,,,,,17.10311,0.06412654,-0.93435925,-0.5421326,25.856895,-2.7584455,2.1657298,0.4274106,0.37050793,-0.2881436,-0.7726717,-1.9646244,-11.952743,-0.35026488,-0.050997503,-1.0016974,-0.52239835,1,0.06665978908538818,-0.15474904378255208,0.5333298945426941,0.422625478108724,-0.7853679929417677,-0.6184857258972382,0.02593303923543369,0.8115923369405076,46.50081559185055,1
10.739999999999815,,,,,17.10311,0.06412654,-0.93435925,-0.5421326,25.836548,-2.8778617,2.1622155,0.42384493,0.36781085,-0.28937957,-0.7754575,-2.104478,-11.930212,-0.35252708,0.06412654,-0.93435925,-0.5421326,1,0.07492783069610595,-0.08724775314331054,0.5374639153480529,0.4563761234283447,-0.8019329998158077,-0.5974132390397044,-0.0009410773127131034,0.7559216430266642,43.31111978802267,1
10.749999999999815,,,,,17.10311,0.06412654,-0.93435925,-0.5421326,25.814806,-2.9970453,2.158681,0.42026687,0.365103,-0.29060706,-0.77822053,-2.2437909,-11.906239,-0.3543529,0.06412654,-0.93435925,-0.5421326,1,0.07492783069610595,-0.08724775314331054,0.5374639153480529,0.4563761234283447,-0.8019329998158077,-0.5974132390397044,-0.0009410773127131034,0.7559216430266642,43.31111978802267,1
10.759999999999815,,,,,17.10311,0.06412654,-0.93435925,-0.5421326,25.791674,-3.1159818,2.15513,0.41667652,0.36238447,-0.29182607,-0.7809609,-2.382547,-11.880828,-0.355744,0.06412654,-0.93435925,-0.5421326,1,0.07492783069610595,-0.08724775314331054,0.5374639153480529,0.4563761234283447,-0.8019329998158077,-0.5974132390397044,-0.0009410773127131034,0.7559216430266642,43.31111978802267,1
10.769999999999815,,,,,17.030222,0.18295896,-0.8988833,-0.5328611,25.767157,-3.234657,2.1515672,0.41307396,0.35965532,-0.29303652,-0.7836784,-2.5207295,-11.853985,-0.35670215,0.06412654,-0.93435925,-0.5421326,1,0.07492783069610595,-0.08724775314331054,0.5374639153480529,0.4563761234283447,-0.8019329998158077,-0.5974132390397044,-0.0009410773127131034,0.7559216430266642,43.31111978802267,1
10.779999999999815,,,,,17.030222,0.18295896,-0.8988833,-0.5328611,25.741266,-3.3530571,2.1479948,0.40933415,0.3572867,-0.2946476,-0.78611636,-2.6577787,-11.825818,-0.35770956,0.18295896,-0.8988833,-0.5328611,1,0.07492783069610595,-0.08724775314331054,0.5374639153480529,0.4563761234283447,-0.8019329998158077,-0.5974132390397044,-0.0009410773127131034,0.7559216430266642,43.31111978802267,1
10.789999999999814,,,,,17.030222,0.18295896,-0.8988833,-0.5328611,25.714005,-3.4711685,2.1444137,0.40558288,0.35490805,-0.29625037,-0.78853214,-2.7943377,-11.796191,-0.3584616,0.18295896,-0.8988833,-0.5328611,1,0.07492783069610595,-0.08724775314331054,0.5374639153480529,0.4563761234283447,-0.8019329998158077,-0.5974132390397044,-0.0009410773127131034,0.7559216430266642,43.31111978802267,1
10.799999999999814,,,,,17.030222,0.18295896,-0.8988833,-0.5328611,25.685379,-3.5889761,2.1408265,0.40182015,0.3525194,-0.2978448,-0.7909257,-2.930391,-11.765108,-0.35895976,0.18295896,-0.8988833,-0.5328611,1,0.07492783069610595,-0.08724775314331054,0.5374639153480529,0.4563761234283447,-0.8019329998158077,-0.5974132390397044,-0.0009410773127131034,0.7559216430266642,43.31111978802267,1
10.809999999999814,,,,,16.930483,0.24466795,-0.8274479,-0.53447056,25.655397,-3.7064657,2.1372356,0.39804614,0.3501208,-0.29943085,-0.793297,-3.0659227,-11.732574,-0.3592056,0.18295896,-0.8988833,-0.5328611,1,0.0760684585571289,-0.09816402435302735,0.5380342292785645,0.45091798782348635,-0.8477840513854558,-0.5299599331764705,0.020116447103145765,0.7565151886252304,43.34512744576909,1
10.819999999999814,,,,,16.930483,0.24466795,-0.8274479,-0.53447056,25.624063,-3.8236237,2.1336405,0.39425394,0.34812137,-0.30110863,-0.79543275,-3.2001634,-11.6988125,-0.35981905,0.24466795,-0.8274479,-0.53447056,1,0.0760684585571289,-0.09816402435302735,0.5380342292785645,0.45091798782348635,-0.8477840513854558,-0.5299599331764705,0.020116447103145765,0.7565151886252304,43.34512744576909,1
10.829999999999814,,,,,16.930483,0.24466795,-0.8274479,-0.53447056,25.591394,-3.940437,2.13004,0.39045158,0.34611297,-0.30277866,-0.797548,-3.333953,-11.663668,-0.3603013,0.24466795,-0.8274479,-0.53447056,1,0.0760684585571289,-0.09816402435302735,0.5380342292785645,0.45091798782348635,-0.8477840513854558,-0.5299599331764705,0.020116447103145765,0.7565151886252304,43.34512744576909,1
10.839999999999813,,,,,16.930483,0.24466795,-0.8274479,-0.53447056,25.557388,-4.056892,2.126435,0.3866392,0.34409568,-0.3044409,-0.7996427,-3.4672773,-11.627143,-0.36065322,0.24466795,-0.8274479,-0.53447056,1,0.0760684585571289,-0.09816402435302735,0.5380342292785645,0.45091798782348635,-0.8477840513854558,-0.5299599331764705,0.020116447103145765,0.7565151886252304,43.34512744576909,1
10.849999999999813,,,,,16.904287,0.25231218,-0.7868682,-0.52009046,25.52205,-4.1729746,2.1228273,0.38281682,0.34206948,-0.30609527,-0.8017168,-3.6001225,-11.589244,-0.36087582,0.24466795,-0.8274479,-0.53447056,1,0.0760684585571289,-0.09816402435302735,0.5380342292785645,0.45091798782348635,-0.8477840513854558,-0.5299599331764705,0.020116447103145765,0.7565151886252304,43.34512744576909,1
10.859999999999813,,,,,16.904287,0.25231218,-0.7868682,-0.52009046,25.48539,-4.2886724,2.1192174,0.3790916,0.34019008,-0.30771962,-0.80366236,-3.7322836,-11.5500555,-0.36113337,0.25231218,-0.7868682,-0.52009046,1,0.0760684585571289,-0.09816402435302735,0.5380342292785645,0.45091798782348635,-0.8477840513854558,-0.5299599331764705,0.020116447103145765,0.7565151886252304,43.34512744576909,1
10.869999999999813,,,,,16.904287,0.25231218,-0.7868682,-0.52009046,25.447407,-4.4039717,2.115605,0.37535736,0.33830258,-0.30933663,-0.8055888,-3.8639772,-11.509555,-0.3612948,0.25231218,-0.7868682,-0.52009046,1,0.06679008007049561,-0.10187409083048503,0.5333950400352478,0.4490629545847575,-0.8759949090001902,-0.4810118180562264,0.03550422926909033,0.7447455008006152,42.670774007232126,1
10.879999999999812,,,,,16.904287,0.25231218,-0.7868682,-0.52009046,25.408112,-4.5188594,2.1119916,0.3716142,0.33640707,-0.31094626,-0.807496,-3.9951901,-11.467747,-0.3613609,0.25231218,-0.7868682,-0.52009046,1,0.06679008007049561,-0.10187409083048503,0.5333950400352478,0.4490629545847575,-0.8759949090001902,-0.4810118180562264,0.03550422926909033,0.7447455008006152,42.670774007232126,1
10.889999999999812,,,,,16.954544,0.260093,-0.77836996,-0.54906285,25.367504,-4.6333222,2.1083782,0.36786214,0.3345035,-0.3125485,-0.80938405,-4.12591,-11.424635,-0.36133248,0.25231218,-0.7868682,-0.52009046,1,0.06679008007049561,-0.10187409083048503,0.5333950400352478,0.4490629545847575,-0.8759949090001902,-0.4810118180562264,0.03550422926909033,0.7447455008006152,42.670774007232126,1
10.899999999999812,,,,,16.954544,0.260093,-0.77836996,-0.54906285,25.325592,-4.747347,2.104767,0.36398426,0.33268586,-0.3141106,-0.8112795,-4.256515,-11.380094,-0.36092365,0.260093,-0.77836996,-0.54906285,1,0.06679008007049561,-0.10187409083048503,0.5333950400352478,0.4490629545847575,-0.8759949090001902,-0.4810118180562264,0.03550422926909033,0.7447455008006152,42.670774007232126,1
10.909999999999812,,,,,16.954544,0.260093,-0.77836996,-0.54906285,25.282377,-4.86092,2.1011603,0.3600975,0.3308601,-0.3156651,-0.8131551,-4.386612,-11.33426,-0.36043572,0.260093,-0.77836996,-0.54906285,1,0.06679008007049561,-0.10187409083048503,0.5333950400352478,0.4490629545847575,-0.8759949090001902,-0.4810118180562264,0.03550422926909033,0.7447455008006152,42.670774007232126,1
10.919999999999812,,,,,16.954544,0.260093,-0.77836996,-0.54906285,25.237864,-4.9740276,2.0975587,0.35620195,0.32902628,-0.31721184,-0.8150109,-4.5161886,-11.287138,-0.35986912,0.260093,-0.77836996,-0.54906285,1,0.06679008007049561,-0.10187409083048503,0.5333950400352478,0.4490629545847575,-0.8759949090001902,-0.4810118180562264,0.03550422926909033,0.7447455008006152,42.670774007232126,1
10.929999999999811,,,,,16.96996,0.24511075,-0.84250534,-0.5581541,25.192057,-5.086658,2.0939631,0.35229772,0.32718444,-0.31875086,-0.81684685,-4.6452317,-11.238733,-0.35922426,0.260093,-0.77836996,-0.54906285,1,0.06679008007049561,-0.10187409083048503,0.5333950400352478,0.4490629545847575,-0.8759949090001902,-0.4810118180562264,0.03550422926909033,0.7447455008006152,42.670774007232126,1
10.939999999999811,,,,,16.96996,0.24511075,-0.84250534,-0.5581541,25.14496,-5.198797,2.090375,0.34826964,0.32506037,-0.32031858,-0.8188066,-4.77382,-11.188979,-0.35839203,0.24511075,-0.84250534,-0.5581541,1,0.08424919128417968,-0.1318445332845052,0.5421245956420898,0.4340777333577474,-0.9202110973058227,-0.38857672193237364,0.04711334808208673,0.7679705122494158,44.00146914239142,1
10.949999999999811,,,,,16.96996,0.24511075,-0.84250534,-0.5581541,25.096582,-5.3104324,2.0867958,0.3442321,0.3229275,-0.32187766,-0.8207442,-4.9017797,-11.137881,-0.35742998,0.24511075,-0.84250534,-0.5581541,1,0.08424919128417968,-0.1318445332845052,0.5421245956420898,0.4340777333577474,-0.9202110973058227,-0.38857672193237364,0.04711334808208673,0.7679705122494158,44.00146914239142,1
10.95999999999981,,,,,16.96996,0.24511075,-0.84250534,-0.5581541,25.046926,-5.4215503,2.0832267,0.34018528,0.3207859,-0.32342803,-0.8226597,-5.029097,-11.085447,-0.356339,0.24511075,-0.84250534,-0.5581541,1,0.08424919128417968,-0.1318445332845052,0.5421245956420898,0.4340777333577474,-0.9202110973058227,-0.38857672193237364,0.04711334808208673,0.7679705122494158,44.00146914239142,1
10.96999999999981,,,,,16.816422,0.24543738,-0.9057693,-0.5771105,24.996,-5.532137,2.0796692,0.33612925,0.3186356,-0.32496968,-0.8245529,-5.155758,-11.031682,-0.35512006,0.24511075,-0.84250534,-0.5581541,1,0.08424919128417968,-0.1318445332845052,0.5421245956420898,0.4340777333577474,-0.9202110973058227,-0.38857672193237364,0.04711334808208673,0.7679705122494158,44.00146914239142,1
10.97999999999981,,,,,16.816422,0.24543738,-0.9057693,-0.5771105,24.943819,-5.642182,2.0761201,0.33188212,0.31624672,-0.32657945,-0.82655454,-5.280586,-10.977061,-0.35466173,0.24543738,-0.9057693,-0.5771105,1,0.08424919128417968,-0.1318445332845052,0.5421245956420898,0.4340777333577474,-0.9202110973058227,-0.38857672193237364,0.04711334808208673,0.7679705122494158,44.00146914239142,1
10.98999999999981,,,,,16.816422,0.24543738,-0.9057693,-0.5771105,24.890392,-5.7516737,2.0725765,0.32762492,0.31384823,-0.3281793,-0.82853115,-5.404674,-10.921056,-0.3540466,0.24543738,-0.9057693,-0.5771105,1,0.08424919128417968,-0.1318445332845052,0.5421245956420898,0.4340777333577474,-0.9202110973058227,-0.38857672193237364,0.04711334808208673,0.7679705122494158,44.00146914239142,1
10.99999999999981,,,,,16.816422,0.24543738,-0.9057693,-0.5771105,24.835728,-5.860599,2.0690396,0.3233578,0.3114402,-0.32976925,-0.83048254,-5.528007,-10.863675,-0.35327604,0.24543738,-0.9057693,-0.5771105,1,0.08424919128417968,-0.1318445332845052,0.5421245956420898,0.4340777333577474,-0.9202110973058227,-0.38857672193237364,0.04711334808208673,0.7679705122494158,44.00146914239142,1
11.00999999999981,,,,,16.601068,0.22383484,-0.99515915,-0.55862546,24.779835,-5.968943,2.0655115,0.31908083,0.30902275,-0.3313492,-0.8324088,-5.6505694,-10.804924,-0.35235143,0.24543738,-0.9057693,-0.5771105,1,0.054926552772521973,-0.12541655222574868,0.527463276386261,0.43729172388712567,-0.9373054224540133,-0.3406697564411994,0.0735028032431253,0.7403357795369843,42.41811558999697,1
11.01999999999981,,,,,16.601068,0.22383484,-0.99515915,-0.55862546,24.722727,-6.0766964,2.061987,0.31475586,0.30615827,-0.33299974,-0.83445275,-5.7707486,-10.74555,-0.35251746,0.22383484,-0.99515915,-0.55862546,1,0.054926552772521973,-0.12541655222574868,0.527463276386261,0.43729172388712567,-0.9373054224540133,-0.3406697564411994,0.0735028032431253,0.7403357795369843,42.41811558999697,1
11.02999999999981,,,,,16.601068,0.22383484,-0.99515915,-0.55862546,24.664421,-6.183849,2.0584621,0.31042024,0.30328342,-0.334639,-0.83646846,-5.8900337,-10.684754,-0.35246348,0.22383484,-0.99515915,-0.55862546,1,0.054926552772521973,-0.12541655222574868,0.527463276386261,0.43729172388712567,-0.9373054224540133,-0.3406697564411994,0.0735028032431253,0.7403357795369843,42.41811558999697,1
11.039999999999809,,,,,16.601068,0.22383484,-0.99515915,-0.55862546,24.604927,-6.290386,2.0549388,0.3060741,0.30039832,-0.33626696,-0.83845586,-6.008409,-10.622548,-0.35219216,0.22383484,-0.99515915,-0.55862546,1,0.054926552772521973,-0.12541655222574868,0.527463276386261,0.43729172388712567,-0.9373054224540133,-0.3406697564411994,0.0735028032431253,0.7403357795369843,42.41811558999697,1
11.049999999999809,,,,,16.441807,0.15360543,-0.96945566,-0.52309275,24.544254,-6.396294,2.0514193,0.30171767,0.29750305,-0.33788356,-0.84041494,-6.1258583,-10.55894,-0.35170624,0.22383484,-0.99515915,-0.55862546,1,0.054926552772521973,-0.12541655222574868,0.527463276386261,0.43729172388712567,-0.9373054224540133,-0.3406697564411994,0.0735028032431253,0.7403357795369843,42.41811558999697,1
11.059999999999809,,,,,16.441807,0.15360543,-0.96945566,-0.52309275,24.482418,-6.501562,2.047901,0.29764864,0.2945402,-0.33920822,-0.8423736,-6.241244,-10.494601,-0.35192856,0.15360543,-0.96945566,-0.52309275,1,0.054926552772521973,-0.12541655222574868,0.527463276386261,0.43729172388712567,-0.9373054224540133,-0.3406697564411994,0.0735028032431253,0.7403357795369843,42.41811558999697,1
11.069999999999808,,,,,16.441807,0.15360543,-0.96945566,-0.52309275,24.419434,-6.606181,2.0443819,0.29357043,0.29156825,-0.34052238,-0.84430623,-6.3556724,-10.428994,-0.3518701,0.15360543,-0.96945566,-0.52309275,1,0.048529138565063475,-0.0068069251378377275,0.5242645692825317,0.4965965374310811,-0.9307923550817669,-0.36527668175599876,0.01409033309276439,0.6495077876491155,37.21405499317362,1
11.079999999999808,,,,,16.441807,0.15360543,-0.96945566,-0.52309275,24.355309,-6.710138,2.0408645,0.28948316,0.28858724,-0.341826,-0.84621274,-6.4691286,-10.362129,-0.35153362,0.15360543,-0.96945566,-0.52309275,1,0.048529138565063475,-0.0068069251378377275,0.5242645692825317,0.4965965374310811,-0.9307923550817669,-0.36527668175599876,0.01409033309276439,0.6495077876491155,37.21405499317362,1
11.089999999999808,,,,,16.380917,0.09113114,-0.99261117,-0.4908689,24.290054,-6.8134193,2.037352,0.2853869,0.28559732,-0.34311903,-0.84809315,-6.5816,-10.294016,-0.35092205,0.15360543,-0.96945566,-0.52309275,1,0.048529138565063475,-0.0068069251378377275,0.5242645692825317,0.4965965374310811,-0.9307923550817669,-0.36527668175599876,0.01409033309276439,0.6495077876491155,37.21405499317362,1
11.099999999999808,,,,,16.380917,0.09113114,-0.99261117,-0.4908689,24.223682,-6.916015,2.0338454,0.28146794,0.28235596,-0.3442156,-0.8500416,-6.6926384,-10.224936,-0.35037225,0.09113114,-0.99261117,-0.4908689,1,0.048529138565063475,-0.0068069251378377275,0.5242645692825317,0.4965965374310811,-0.9307923550817669,-0.36527668175599876,0.01409033309276439,0.6495077876491155,37.21405499317362,1
11.109999999999808,,,,,16.380917,0.09113114,-0.99261117,-0.4908689,24.156208,-7.0179143,2.030346,0.27754033,0.2791059,-0.34530154,-0.8519639,-6.802612,-10.154669,-0.3494676,0.09113114,-0.99261117,-0.4908689,1,0.048529138565063475,-0.0068069251378377275,0.5242645692825317,0.4965965374310811,-0.9307923550817669,-0.36527668175599876,0.01409033309276439,0.6495077876491155,37.21405499317362,1
11.119999999999807,,,,,16.380917,0.09113114,-0.99261117,-0.4908689,24.087637,-7.1191044,2.0268571,0.27360415,0.2758472,-0.34637684,-0.8538598,-6.9115057,-10.083229,-0.3482118,0.09113114,-0.99261117,-0.4908689,1,0.048529138565063475,-0.0068069251378377275,0.5242645692825317,0.4965965374310811,-0.9307923550817669,-0.36527668175599876,0.01409033309276439,0.6495077876491155,37.21405499317362,1
11.129999999999807,,,,,16.351934,0.11243837,-1.0215844,-0.47344354,24.01798,-7.2195745,2.023383,0.26965952,0.27258,-0.34744143,-0.85572934,-7.019308,-10.010625,-0.3466086,0.09113114,-0.99261117,-0.4908689,1,0.048529138565063475,-0.0068069251378377275,0.5242645692825317,0.4965965374310811,-0.9307923550817669,-0.36527668175599876,0.01409033309276439,0.6495077876491155,37.21405499317362,1
11.139999999999807,,,,,16.351934,0.11243837,-1.0215844,-0.47344354,23.947252,-7.3193135,2.0199256,0.26570153,0.26917872,-0.3486491,-0.857551,-7.1258073,-9.93698,-0.34484363,0.11243837,-1.0215844,-0.47344354,1,0.05926948070526123,0.0010534500082333882,0.5296347403526306,0.5005267250041167,-0.9557112091407285,-0.29348559020932236,0.021961171695804506,0.6507407747837304,37.28469995218098,1
11.149999999999807,,,,,16.351934,0.11243837,-1.0215844,-0.47344354,23.875467,-7.41831,2.0164874,0.2617351,0.26576886,-0.34984562,-0.8593452,-7.231165,-9.862147,-0.34275264,0.11243837,-1.0215844,-0.47344354,1,0.05926948070526123,0.0010534500082333882,0.5296347403526306,0.5005267250041167,-0.9557112091407285,-0.29348559020932236,0.021961171695804506,0.6507407747837304,37.28469995218098,1
11.159999999999807,,,,,16.351934,0.11243837,-1.0215844,-0.47344354,23.802633,-7.516553,2.0130715,0.2577603,0.26235047,-0.35103092,-0.8611119,-7.3353667,-9.786137,-0.3403401,0.11243837,-1.0215844,-0.47344354,1,0.05926948070526123,0.0010534500082333882,0.5296347403526306,0.5005267250041167,-0.9557112091407285,-0.29348559020932236,0.021961171695804506,0.6507407747837304,37.28469995218098,1
11.169999999999806,,,,,16.303822,0.11930417,-0.9598732,-0.46185836,23.728764,-7.614029,2.0096817,0.2537772,0.25892368,-0.35220498,-0.862851,-7.4383993,-9.7089615,-0.3376105,0.11243837,-1.0215844,-0.47344354,1,0.05926948070526123,0.0010534500082333882,0.5296347403526306,0.5005267250041167,-0.9557112091407285,-0.29348559020932236,0.021961171695804506,0.6507407747837304,37.28469995218098,1
11.179999999999806,,,,,16.303822,0.11930417,-0.9598732,-0.46185836,23.653872,-7.710729,2.0063188,0.24993621,0.25574356,-0.35333467,-0.86445725,-7.539979,-9.630885,-0.33487922,0.11930417,-0.9598732,-0.46185836,1,0.05926948070526123,0.0010534500082333882,0.5296347403526306,0.5005267250041167,-0.9557112091407285,-0.29348559020932236,0.021961171695804506,0.6507407747837304,37.28469995218098,1
11.189999999999806,,,,,16.303822,0.11930417,-0.9598732,-0.46185836,23.57797,-7.8066435,2.0029848,0.24608801,0.25255612,-0.3544542,-0.8660387,-7.640444,-9.551726,-0.33187556,0.11930417,-0.9598732,-0.46185836,1,0.05926948070526123,0.0010534500082333882,0.5296347403526306,0.5005267250041167,-0.9557112091407285,-0.29348559020932236,0.021961171695804506,0.6507407747837304,37.28469995218098,1
11.199999999999806,,,,,16.303822,0.11930417,-0.9598732,-0.46185836,23.50107,-7.90176,1.9996822,0.24223275,0.24936137,-0.35556355,-0.8675952,-7.739783,-9.471497,-0.32860345,0.11930417,-0.9598732,-0.46185836,1,0.05926948070526123,0.0010534500082333882,0.5296347403526306,0.5005267250041167,-0.9557112091407285,-0.29348559020932236,0.021961171695804506,0.6507407747837304,37.28469995218098,1
11.209999999999805,,,,,16.391155,0.10921448,-0.89122486,-0.46849862,23.423182,-7.9960694,1.9964136,0.23837052,0.24615948,-0.3566627,-0.8691268,-7.837984,-9.390207,-0.32506678,0.11930417,-0.9598732,-0.46185836,1,0.12756980895996095,-0.06797438303629558,0.5637849044799805,0.4660128084818522,-0.9909685730146666,-0.12800870536737452,0.03993818532988538,0.7467893846704721,42.78787992678979,1
11.219999999999805,,,,,16.391155,0.10921448,-0.89122486,-0.46849862,23.344313,-8.089559,1.9931843,0.2346078,0.24324906,-0.3576183,-0.87057614,-7.9355865,-9.307458,-0.32072985,0.10921448,-0.89122486,-0.46849862,1,0.12756980895996095,-0.06797438303629558,0.5637849044799805,0.4660128084818522,-0.9909685730146666,-0.12800870536737452,0.03993818532988538,0.7467893846704721,42.78787992678979,1
11.229999999999805,,,,,16.391155,0.10921448,-0.89122486,-0.46849862,23.264473,-8.182216,1.9899998,0.23083909,0.24033237,-0.35856473,-0.8720032,-8.032105,-9.2237425,-0.31615087,0.10921448,-0.89122486,-0.46849862,1,0.12756980895996095,-0.06797438303629558,0.5637849044799805,0.4660128084818522,-0.9909685730146666,-0.12800870536737452,0.03993818532988538,0.7467893846704721,42.78787992678979,1
11.239999999999805,,,,,16.391155,0.10921448,-0.89122486,-0.46849862,23.183674,-8.274031,1.9868621,0.22706443,0.23740953,-0.359502,-0.8734079,-8.12753,-9.139072,-0.3113329,0.10921448,-0.89122486,-0.46849862,1,0.12756980895996095,-0.06797438303629558,0.5637849044799805,0.4660128084818522,-0.9909685730146666,-0.12800870536737452,0.03993818532988538,0.7467893846704721,42.78787992678979,1
11.249999999999805,,,,,16.366894,0.105055325,-0.867653,-0.4747145,23.101929,-8.364995,1.9837738,0.22328396,0.23448062,-0.36043003,-0.87479025,-8.221851,-9.053458,-0.30627897,0.10921448,-0.89122486,-0.46849862,1,0.12756980895996095,-0.06797438303629558,0.5637849044799805,0.4660128084818522,-0.9909685730146666,-0.12800870536737452,0.03993818532988538,0.7467893846704721,42.78787992678979,1
11.259999999999804,,,,,16.366894,0.105055325,-0.867653,-0.4747145,23.019245,-8.455098,1.9807366,0.21951805,0.23165545,-0.3612972,-0.8761373,-8.314931,-8.96705,-0.3011468,0.105055325,-0.867653,-0.4747145,1,0.12756980895996095,-0.06797438303629558,0.5637849044799805,0.4660128084818522,-0.9909685730146666,-0.12800870536737452,0.03993818532988538,0.7467893846704721,42.78787992678979,1
11.269999999999804,,,,,16.366894,0.105055325,-0.867653,-0.4747145,22.935635,-8.5443325,1.9777517,0.21574669,0.22882454,-0.3621554,-0.87746274,-8.406919,-8.879744,-0.29578945,0.105055325,-0.867653,-0.4747145,1,0.08321722984313965,-0.06255980809529622,0.5416086149215699,0.46872009595235187,-0.9911198738049987,-0.10271053816300221,0.08445082059417694,0.7094811485125945,40.65027545386603,1
11.279999999999804,,,,,16.366894,0.105055325,-0.867653,-0.4747145,22.85111,-8.632689,1.9748214,0.21196999,0.22598799,-0.36300468,-0.8787665,-8.497805,-8.791553,-0.29020968,0.105055325,-0.867653,-0.4747145,1,0.08321722984313965,-0.06255980809529622,0.5416086149215699,0.46872009595235187,-0.9911198738049987,-0.10271053816300221,0.08445082059417694,0.7094811485125945,40.65027545386603,1
11.289999999999804,,,,,16.41034,0.28730696,-0.83561265,-0.5960612,22.765682,-8.72016,1.9719481,0.20818804,0.22314584,-0.36384496,-0.88004845,-8.587582,-8.702487,-0.28441024,0.105055325,-0.867653,-0.4747145,1,0.08321722984313965,-0.06255980809529622,0.5416086149215699,0.46872009595235187,-0.9911198738049987,-0.10271053816300221,0.08445082059417694,0.7094811485125945,40.65027545386603,1
11.299999999999804,,,,,16.41034,0.28730696,-0.83561265,-0.5960612,22.67936,-8.806735,1.969135,0.20372157,0.22084923,-0.3653088,-0.881066,-8.676512,-8.612257,-0.2782044,0.28730696,-0.83561265,-0.5960612,1,0.08321722984313965,-0.06255980809529622,0.5416086149215699,0.46872009595235187,-0.9911198738049987,-0.10271053816300221,0.08445082059417694,0.7094811485125945,40.65027545386603,1
11.309999999999803,,,,,16.41034,0.28730696,-0.83561265,-0.5960612,22.592154,-8.892402,1.9663839,0.19924931,0.21854635,-0.36676225,-0.8820586,-8.764413,-8.521006,-0.27201477,0.28730696,-0.83561265,-0.5960612,1,0.08321722984313965,-0.06255980809529622,0.5416086149215699,0.46872009595235187,-0.9911198738049987,-0.10271053816300221,0.08445082059417694,0.7094811485125945,40.65027545386603,1
11.319999999999803,,,,,16.41034,0.28730696,-0.83561265,-0.5960612,22.504074,-8.977151,1.9636947,0.1947714,0.21623726,-0.36820528,-0.8830262,-8.8512745,-8.428743,-0.2658428,0.28730696,-0.83561265,-0.5960612,1,0.08321722984313965,-0.06255980809529622,0.5416086149215699,0.46872009595235187,-0.9911198738049987,-0.10271053816300221,0.08445082059417694,0.7094811485125945,40.65027545386603,1
11.329999999999803,,,,,16.629408,0.5802023,-0.7496172,-0.73315895,22.41513,-9.060973,1.9610671,0.19028796,0.21392202,-0.36963782,-0.8839686,-8.937085,-8.335482,-0.25968996,0.28730696,-0.83561265,-0.5960612,1,0.08321722984313965,-0.06255980809529622,0.5416086149215699,0.46872009595235187,-0.9911198738049987,-0.10271053816300221,0.08445082059417694,0.7094811485125945,40.65027545386603,1
11.339999999999803,,,,,16.629408,0.5802023,-0.7496172,-0.73315895,22.325329,-9.143851,1.9585075,0.18503812,0.21251205,-0.3721246,-0.88437974,-9.023043,-8.2398815,-0.2523132,0.5802023,-0.7496172,-0.73315895,1,0.15443154335021972,-0.12165877024332682,0.5772157716751098,0.4391706148783366,-0.9953065633369569,0.05989577179943975,0.07600882513843787,0.8001683545944482,45.84626961818938,1
11.349999999999802,,,,,16.629408,0.5802023,-0.7496172,-0.73315895,22.23467,-9.225767,1.9560195,0.17978162,0.21109444,-0.37459803,-0.8847591,-9.108117,-8.1430435,-0.24535036,0.5802023,-0.7496172,-0.73315895,1,0.15443154335021972,-0.12165877024332682,0.5772157716751098,0.4391706148783366,-0.9953065633369569,0.05989577179943975,0.07600882513843787,0.8001683545944482,45.84626961818938,1
11.359999999999802,,,,,16.629408,0.5802023,-0.7496172,-0.73315895,22.143167,-9.306708,1.953599,0.17451866,0.20966925,-0.377058,-0.88510674,-9.192293,-8.044979,-0.23880243,0.5802023,-0.7496172,-0.73315895,1,0.15443154335021972,-0.12165877024332682,0.5772157716751098,0.4391706148783366,-0.9953065633369569,0.05989577179943975,0.07600882513843787,0.8001683545944482,45.84626961818938,1
11.369999999999802,,,,,16.895544,0.8992647,-0.44893432,-0.84251344,22.050827,-9.3866625,1.9512419,0.16924943,0.20823653,-0.3795044,-0.88542265,-9.275556,-7.9456983,-0.2326704,0.5802023,-0.7496172,-0.73315895,1,0.15443154335021972,-0.12165877024332682,0.5772157716751098,0.4391706148783366,-0.9953065633369569,0.05989577179943975,0.07600882513843787,0.8001683545944482,45.84626961818938,1
11.379999999999802,,,,,16.895544,0.8992647,-0.44893432,-0.84251344,21.957653,-9.46561,1.9489517,0.16372778,0.20860426,-0.38298005,-0.8848776,-9.359397,-7.8435597,-0.22548977,0.8992647,-0.44893432,-0.84251344,1,0.15443154335021972,-0.12165877024332682,0.5772157716751098,0.4391706148783366,-0.9953065633369569,0.05989577179943975,0.07600882513843787,0.8001683545944482,45.84626961818938,1
11.389999999999802,,,,,16.895544,0.8992647,-0.44893432,-0.84251344,21.863642,-9.543529,1.9467286,0.15819906,0.208963,-0.38643926,-0.88429457,-9.442788,-7.740087,-0.21925747,0.8992647,-0.44893432,-0.84251344,1,0.15443154335021972,-0.12165877024332682,0.5772157716751098,0.4391706148783366,-0.9953065633369569,0.05989577179943975,0.07600882513843787,0.8001683545944482,45.84626961818938,1
11.399999999999801,,,,,16.895544,0.8992647,-0.44893432,-0.84251344,21.768799,-9.620407,1.9445633,0.15266354,0.20931278,-0.38988185,-0.8836735,-9.525707,-7.6352887,-0.21397613,0.8992647,-0.44893432,-0.84251344,1,0.15443154335021972,-0.12165877024332682,0.5772157716751098,0.4391706148783366,-0.9953065633369569,0.05989577179943975,0.07600882513843787,0.8001683545944482,45.84626961818938,1
11.409999999999801,,,,,17.3183,0.9965005,-0.30640787,-0.90359986,21.67313,-9.696231,1.942446,0.14712147,0.20965354,-0.39330766,-0.88301444,-9.608133,-7.5291743,-0.20964819,0.8992647,-0.44893432,-0.84251344,1,0.07967514514923096,-0.1406691869099935,0.5398375725746155,0.42966540654500324,-0.9882219521903813,0.10579663046235643,0.11056421750206383,0.7713274443299776,44.19380718271968,1
11.419999999999801,,,,,17.3183,0.9965005,-0.30640787,-0.90359986,21.57663,-9.770972,1.9403797,0.1414814,0.21080573,-0.39697608,-0.88201976,-9.692183,-7.4190636,-0.20380846,0.9965005,-0.30640787,-0.90359986,1,0.07967514514923096,-0.1406691869099935,0.5398375725746155,0.42966540654500324,-0.9882219521903813,0.10579663046235643,0.11056421750206383,0.7713274443299776,44.19380718271968,1
11.4299999999998,,,,,17.3183,0.9965005,-0.30640787,-0.90359986,21.47929,-9.844605,1.9383659,0.13583459,0.21194787,-0.40062562,-0.8809831,-9.775914,-7.3076177,-0.199142,0.9965005,-0.30640787,-0.90359986,1,0.07967514514923096,-0.1406691869099935,0.5398375725746155,0.42966540654500324,-0.9882219521903813,0.10579663046235643,0.11056421750206383,0.7713274443299776,44.19380718271968,1
11.4399999999998,,,,,17.3183,0.9965005,-0.30640787,-0.90359986,21.381113,-9.917119,1.9363929,0.13018131,0.21307994,-0.4042561,-0.8799045,-9.859305,-7.194845,-0.19565225,0.9965005,-0.30640787,-0.90359986,1,0.07967514514923096,-0.1406691869099935,0.5398375725746155,0.42966540654500324,-0.9882219521903813,0.10579663046235643,0.11056421750206383,0.7713274443299776,44.19380718271968,1
11.4499999999998,,,,,17.772066,1.0272446,-0.2769583,-0.9240805,21.282104,-9.988498,1.9344488,0.12452184,0.21420188,-0.4078673,-0.87878394,-9.942333,-7.0807557,-0.19334245,0.9965005,-0.30640787,-0.90359986,1,0.07967514514923096,-0.1406691869099935,0.5398375725746155,0.42966540654500324,-0.9882219521903813,0.10579663046235643,0.11056421750206383,0.7713274443299776,44.19380718271968,1
11.4599999999998,,,,,17.772066,1.0272446,-0.2769583,-0.9240805,21.182257,-10.058714,1.9325349,0.118793465,0.21550371,-0.41155353,-0.8775392,-10.027159,-6.9623294,-0.18963693,1.0272446,-0.2769583,-0.9240805,1,0.07967514514923096,-0.1406691869099935,0.5398375725746155,0.42966540654500324,-0.9882219521903813,0.10579663046235643,0.11056421750206383,0.7713274443299776,44.19380718271968,1
11.4699999999998,,,,,17.772066,1.0272446,-0.2769583,-0.9240805,21.081562,-10.127739,1.9306518,0.11305918,0.21679483,-0.41521928,-0.8762509,-10.111611,-6.842556,-0.18720508,1.0272446,-0.2769583,-0.9240805,1,0.05474758625030517,-0.19069048563639324,0.5273737931251525,0.4046547571818034,-0.9756672794109135,0.1907036383653884,0.10819187677968263,0.78794474445397,45.14590834672666,1
11.4799999999998,,,,,17.772066,1.0272446,-0.2769583,-0.9240805,20.980026,-10.19556,1.9287864,0.10731929,0.2180752,-0.41886446,-0.8749191,-10.195666,-6.721446,-0.18605,1.0272446,-0.2769583,-0.9240805,1,0.05474758625030517,-0.19069048563639324,0.5273737931251525,0.4046547571818034,-0.9756672794109135,0.1907036383653884,0.10819187677968263,0.78794474445397,45.14590834672666,1
11.4899999999998,,,,,17.97697,0.98406756,-0.33056927,-0.89044094,20.877651,-10.262164,1.9269263,0.10157407,0.21934475,-0.42248884,-0.8735439,-10.279299,-6.599009,-0.18617454,1.0272446,-0.2769583,-0.9240805,1,0.05474758625030517,-0.19069048563639324,0.5273737931251525,0.4046547571818034,-0.9756672794109135,0.1907036383653884,0.10819187677968263,0.78794474445397,45.14590834672666,1
11.4999999999998,,,,,17.97697,0.98406756,-0.33056927,-0.89044094,20.774437,-10.327529,1.9250641,0.095904976,0.22027658,-0.42596838,-0.8722595,-10.363414,-6.4738345,-0.18643284,0.98406756,-0.33056927,-0.89044094,1,0.05474758625030517,-0.19069048563639324,0.5273737931251525,0.4046547571818034,-0.9756672794109135,0.1907036383653884,0.10819187677968263,0.78794474445397,45.14590834672666,1
11.509999999999799,,,,,17.97697,0.98406756,-0.33056927,-0.89044094,20.670385,-10.391636,1.9231933,0.09023141,0.22119808,-0.42942798,-0.8709343,-10.446971,-6.347353,-0.18790044,0.98406756,-0.33056927,-0.89044094,1,0.05474758625030517,-0.19069048563639324,0.5273737931251525,0.4046547571818034,-0.9756672794109135,0.1907036383653884,0.10819187677968263,0.78794474445397,45.14590834672666,1
11.519999999999799,,,,,17.97697,0.98406756,-0.33056927,-0.89044094,20.5655,-10.454471,1.9213018,0.08455363,0.22210926,-0.43286753,-0.86956835,-10.529945,-6.219576,-0.19057883,0.98406756,-0.33056927,-0.89044094,1,0.05474758625030517,-0.19069048563639324,0.5273737931251525,0.4046547571818034,-0.9756672794109135,0.1907036383653884,0.10819187677968263,0.78794474445397,45.14590834672666,1
11.529999999999799,,,,,18.300072,1.2205261,-0.5629126,-0.9351741,20.459791,-10.516022,1.9193774,0.07887188,0.22301003,-0.43628684,-0.86816174,-10.612315,-6.0905147,-0.19446926,0.98406756,-0.33056927,-0.89044094,1,0.05474758625030517,-0.19069048563639324,0.5273737931251525,0.4046547571818034,-0.9756672794109135,0.1907036383653884,0.10819187677968263,0.78794474445397,45.14590834672666,1
11.539999999999798,,,,,18.300072,1.2205261,-0.5629126,-0.9351741,20.353252,-10.576264,1.9174163,0.072220996,0.22308041,-0.44074947,-0.8664667,-10.695375,-5.957689,-0.19797932,1.2205261,-0.5629126,-0.9351741,1,0.0464607572555542,-0.22286537170410156,0.5232303786277771,0.3885673141479492,-0.955860580933211,0.2847909221815779,0.07228195114267033,0.797795065139633,45.71029014886556,1
11.549999999999798,,,,,18.300072,1.2205261,-0.5629126,-0.9351741,20.245888,-10.63517,1.9154129,0.065565266,0.22313583,-0.44518256,-0.8647135,-10.777363,-5.8231864,-0.20293434,1.2205261,-0.5629126,-0.9351741,1,0.0464607572555542,-0.22286537170410156,0.5232303786277771,0.3885673141479492,-0.955860580933211,0.2847909221815779,0.07228195114267033,0.797795065139633,45.71029014886556,1
11.559999999999798,,,,,18.300072,1.2205261,-0.5629126,-0.9351741,20.137709,-10.692723,1.9133527,0.058905143,0.2231763,-0.44958583,-0.86290234,-10.858246,-5.6870303,-0.20933668,1.2205261,-0.5629126,-0.9351741,1,0.0464607572555542,-0.22286537170410156,0.5232303786277771,0.3885673141479492,-0.955860580933211,0.2847909221815779,0.07228195114267033,0.797795065139633,45.71029014886556,1
11.569999999999798,,,,,18.40181,1.2152001,-0.81657815,-0.88807225,20.028727,-10.748905,1.9112211,0.052241076,0.22320181,-0.45395893,-0.8610334,-10.937991,-5.5492444,-0.21718833,1.2205261,-0.5629126,-0.9351741,1,0.0464607572555542,-0.22286537170410156,0.5232303786277771,0.3885673141479492,-0.955860580933211,0.2847909221815779,0.07228195114267033,0.797795065139633,45.71029014886556,1
11.579999999999798,,,,,18.40181,1.2152001,-0.81657815,-0.88807225,19.918951,-10.803699,1.9090066,0.045206312,0.2220113,-0.45839608,-0.85938686,-11.016848,-5.4090304,-0.22593531,1.2152001,-0.81657815,-0.88807225,1,0.0464607572555542,-0.22286537170410156,0.5232303786277771,0.3885673141479492,-0.955860580933211,0.2847909221815779,0.07228195114267033,0.797795065139633,45.71029014886556,1
11.589999999999797,,,,,18.40181,1.2152001,-0.81657815,-0.88807225,19.808393,-10.8570795,1.9066981,0.038168233,0.2208045,-0.4627996,-0.8576774,-11.094079,-5.2671027,-0.23597768,1.2152001,-0.81657815,-0.88807225,1,0.0464607572555542,-0.22286537170410156,0.5232303786277771,0.3885673141479492,-0.955860580933211,0.2847909221815779,0.07228195114267033,0.797795065139633,45.71029014886556,1
11.599999999999797,,,,,18.40181,1.2152001,-0.81657815,-0.88807225,19.697073,-10.909035,1.9042827,0.031127356,0.21958153,-0.46716923,-0.855905,-11.169651,-5.1234937,-0.24731675,1.2152001,-0.81657815,-0.88807225,1,0.0464607572555542,-0.22286537170410156,0.5232303786277771,0.3885673141479492,-0.955860580933211,0.2847909221815779,0.07228195114267033,0.797795065139633,45.71029014886556,1
11.609999999999797,,,,,18.67744,1.3904984,-1.0952257,-0.84037936,19.585007,-10.959545,1.9017475,0.024084195,0.21834245,-0.4715046,-0.8540699,-11.243533,-4.9782367,-0.25995344,1.2152001,-0.81657815,-0.88807225,1,0.05041494846343994,-0.23226341247558593,0.52520747423172,0.38386829376220705,-0.9209845498031519,0.38917125549614184,0.01825357278569588,0.8166228309027357,46.789041664752254,1
11.619999999999797,,,,,18.67744,1.3904984,-1.0952257,-0.84037936,19.472206,-11.008583,1.8990855,0.016394405,0.21580368,-0.47663423,-0.8520476,-11.316576,-4.82905,-0.27266002,1.3904984,-1.0952257,-0.84037936,1,0.05041494846343994,-0.23226341247558593,0.52520747423172,0.38386829376220705,-0.9209845498031519,0.38917125549614184,0.01825357278569588,0.8166228309027357,46.789041664752254,1
11.629999999999797,,,,,18.67744,1.3904984,-1.0952257,-0.84037936,19.358685,-11.05612,1.8962893,0.008703041,0.2132442,-0.48171812,-0.84994364,-11.387309,-4.677963,-0.28677344,1.3904984,-1.0952257,-0.84037936,1,0.05041494846343994,-0.23226341247558593,0.52520747423172,0.38386829376220705,-0.9209845498031519,0.38917125549614184,0.01825357278569588,0.8166228309027357,46.789041664752254,1
11.639999999999796,,,,,18.67744,1.3904984,-1.0952257,-0.84037936,19.244467,-11.102136,1.8933451,0.0010108417,0.21066426,-0.4867558,-0.84775805,-11.455692,-4.525028,-0.30229825,1.3904984,-1.0952257,-0.84037936,1,0.05041494846343994,-0.23226341247558593,0.52520747423172,0.38386829376220705,-0.9209845498031519,0.38917125549614184,0.01825357278569588,0.8166228309027357,46.789041664752254,1
11.649999999999796,,,,,18.762741,1.2055669,-1.3488686,-0.7380732,19.129578,-11.146613,1.8902385,-0.0066814544,0.20806408,-0.49174672,-0.8454911,-11.521688,-4.370297,-0.31923842,1.3904984,-1.0952257,-0.84037936,1,0.05041494846343994,-0.23226341247558593,0.52520747423172,0.38386829376220705,-0.9209845498031519,0.38917125549614184,0.01825357278569588,0.8166228309027357,46.789041664752254,1
11.659999999999796,,,,,18.762741,1.2055669,-1.3488686,-0.7380732,19.014042,-11.18953,1.8869578,-0.014371869,0.20412637,-0.4960068,-0.8438652,-11.585416,-4.2131414,-0.3370616,1.2055669,-1.3488686,-0.7380732,1,0.05041494846343994,-0.23226341247558593,0.52520747423172,0.38386829376220705,-0.9209845498031519,0.38917125549614184,0.01825357278569588,0.8166228309027357,46.789041664752254,1
11.669999999999796,,,,,18.762741,1.2055669,-1.3488686,-0.7380732,18.89788,-11.23087,1.8834939,-0.022060912,0.20016919,-0.5002195,-0.8421588,-11.646316,-4.0543795,-0.35585648,1.2055669,-1.3488686,-0.7380732,1,-0.025405104160308837,-0.2744769795735677,0.4872974479198456,0.3627615102132161,-0.8754884717643718,0.4786654102327784,0.06632767789068836,0.8353416322225904,47.86154997792385,1
11.679999999999795,,,,,18.762741,1.2055669,-1.3488686,-0.7380732,18.781124,-11.270614,1.8798372,-0.029747851,0.1961929,-0.5043845,-0.84037197,-11.704355,-3.8940697,-0.37562746,1.2055669,-1.3488686,-0.7380732,1,-0.025405104160308837,-0.2744769795735677,0.4872974479198456,0.3627615102132161,-0.8754884717643718,0.4786654102327784,0.06632767789068836,0.8353416322225904,47.86154997792385,1
11.689999999999795,,,,,18.669542,1.0546403,-1.4740437,-0.7195436,18.663801,-11.308745,1.875978,-0.03743195,0.1921979,-0.50850135,-0.8385049,-11.759507,-3.7322712,-0.39637864,1.2055669,-1.3488686,-0.7380732,1,-0.025405104160308837,-0.2744769795735677,0.4872974479198456,0.3627615102132161,-0.8754884717643718,0.4786654102327784,0.06632767789068836,0.8353416322225904,47.86154997792385,1
11.699999999999795,,,,,18.669542,1.0546403,-1.4740437,-0.7195436,18.545946,-11.345258,1.8719047,-0.04520802,0.18764094,-0.51193136,-0.83706546,-11.811428,-3.5698934,-0.41837278,1.0546403,-1.4740437,-0.7195436,1,-0.025405104160308837,-0.2744769795735677,0.4872974479198456,0.3627615102132161,-0.8754884717643718,0.4786654102327784,0.06632767789068836,0.8353416322225904,47.86154997792385,1
11.709999999999795,,,,,18.669542,1.0546403,-1.4740437,-0.7195436,18.427584,-11.38014,1.8676082,-0.052979782,0.18306613,-0.51531273,-0.8355465,-11.860279,-3.4062586,-0.44102868,1.0546403,-1.4740437,-0.7195436,1,-0.025405104160308837,-0.2744769795735677,0.4872974479198456,0.3627615102132161,-0.8754884717643718,0.4786654102327784,0.06632767789068836,0.8353416322225904,47.86154997792385,1
11.719999999999795,,,,,18.669542,1.0546403,-1.4740437,-0.7195436,18.308752,-11.41338,1.8630818,-0.060746513,0.17847392,-0.5186451,-0.8339481,-11.906035,-3.2414284,-0.46434945,1.0546403,-1.4740437,-0.7195436,1,-0.025405104160308837,-0.2744769795735677,0.4872974479198456,0.3627615102132161,-0.8754884717643718,0.4786654102327784,0.06632767789068836,0.8353416322225904,47.86154997792385,1
11.729999999999794,,,,,18.498264,0.63210607,-1.4017726,-0.6367141,18.189474,-11.444965,1.8583189,-0.06850746,0.17386474,-0.52192813,-0.83227044,-11.948674,-3.0754647,-0.48833784,1.0546403,-1.4740437,-0.7195436,1,-0.025405104160308837,-0.2744769795735677,0.4872974479198456,0.3627615102132161,-0.8754884717643718,0.4786654102327784,0.06632767789068836,0.8353416322225904,47.86154997792385,1
11.739999999999794,,,,,18.498264,0.63210607,-1.4017726,-0.6367141,18.069788,-11.474894,1.8533101,-0.07536223,0.16947058,-0.5235067,-0.83159256,-11.987945,-2.9100943,-0.5134403,0.63210607,-1.4017726,-0.6367141,1,-0.023905518054962157,-0.21160498301188152,0.48804724097251895,0.3941975084940592,-0.8351028739324392,0.5498862569361627,0.015109413705282376,0.8204484799739955,47.00823521043359,1
11.749999999999794,,,,,18.498264,0.63210607,-1.4017726,-0.6367141,17.949724,-11.503165,1.84805,-0.08221178,0.16506468,-0.52504903,-0.8308571,-12.024448,-2.7440681,-0.53859544,0.63210607,-1.4017726,-0.6367141,1,-0.023905518054962157,-0.21160498301188152,0.48804724097251895,0.3941975084940592,-0.8351028739324392,0.5498862569361627,0.015109413705282376,0.8204484799739955,47.00823521043359,1
11.759999999999794,,,,,18.498264,0.63210607,-1.4017726,-0.6367141,17.829308,-11.529774,1.8425381,-0.089055635,0.16064736,-0.5265551,-0.83006406,-12.058174,-2.5774322,-0.5638038,0.63210607,-1.4017726,-0.6367141,1,-0.023905518054962157,-0.21160498301188152,0.48804724097251895,0.3941975084940592,-0.8351028739324392,0.5498862569361627,0.015109413705282376,0.8204484799739955,47.00823521043359,1
11.769999999999794,,,,,17.869026,0.14348614,-1.3434064,-0.56645155,17.708569,-11.554712,1.8367739,-0.09589332,0.15621892,-0.5280247,-0.82921356,-12.089113,-2.4102328,-0.589066,0.63210607,-1.4017726,-0.6367141,1,-0.023905518054962157,-0.21160498301188152,0.48804724097251895,0.3941975084940592,-0.8351028739324392,0.5498862569361627,0.015109413705282376,0.8204484799739955,47.00823521043359,1
11.779999999999793,,,,,17.869026,0.14348614,-1.3434064,-0.56645155,17.58754,-11.578005,1.8307451,-0.10189808,0.15207161,-0.52751887,-0.82959026,-12.116441,-2.2483597,-0.6165957,0.14348614,-1.3434064,-0.56645155,1,-0.023905518054962157,-0.21160498301188152,0.48804724097251895,0.3941975084940592,-0.8351028739324392,0.5498862569361627,0.015109413705282376,0.8204484799739955,47.00823521043359,1
11.789999999999793,,,,,17.869026,0.14348614,-1.3434064,-0.56645155,17.466248,-11.599679,1.8244442,-0.10789737,0.14791615,-0.52698475,-0.8299224,-12.141444,-2.0863943,-0.643478,0.14348614,-1.3434064,-0.56645155,1,-0.023905518054962157,-0.21160498301188152,0.48804724097251895,0.3941975084940592,-0.8351028739324392,0.5498862569361627,0.015109413705282376,0.8204484799739955,47.00823521043359,1
11.799999999999793,,,,,17.869026,0.14348614,-1.3434064,-0.56645155,17.344717,-11.619733,1.8178777,-0.11389087,0.14375275,-0.5264224,-0.83021,-12.164123,-1.924372,-0.6697139,0.14348614,-1.3434064,-0.56645155,1,-0.023905518054962157,-0.21160498301188152,0.48804724097251895,0.3941975084940592,-0.8351028739324392,0.5498862569361627,0.015109413705282376,0.8204484799739955,47.00823521043359,1
11.809999999999793,,,,,17.211067,-1.0034051,-1.6933049,-0.42057678,17.222973,-11.638166,1.811052,-0.119878255,0.13958164,-0.5258317,-0.83045304,-12.184476,-1.7623284,-0.6953046,0.14348614,-1.3434064,-0.56645155,1,-0.02977153778076172,-0.15950024922688802,0.48511423110961915,0.420249875386556,-0.800358337916603,0.5995090603406323,0.003926512048307074,0.7865344956147666,45.06510704017708,1
11.819999999999792,,,,,17.211067,-1.0034051,-1.6933049,-0.42057678,17.10104,-11.65501,1.8039623,-0.12537012,0.13425079,-0.5203303,-0.8339787,-12.201884,-1.6065897,-0.72224426,-1.0034051,-1.6933049,-0.42057678,1,-0.02977153778076172,-0.15950024922688802,0.48511423110961915,0.420249875386556,-0.800358337916603,0.5995090603406323,0.003926512048307074,0.7865344956147666,45.06510704017708,1
11.829999999999792,,,,,17.211067,-1.0034051,-1.6933049,-0.42057678,16.978943,-11.670301,1.7966156,-0.13084929,0.12890635,-0.51477623,-0.8374199,-12.217176,-1.4517827,-0.746708,-1.0034051,-1.6933049,-0.42057678,1,-0.02977153778076172,-0.15950024922688802,0.48511423110961915,0.420249875386556,-0.800358337916603,0.5995090603406323,0.003926512048307074,0.7865344956147666,45.06510704017708,1
11.839999999999792,,,,,17.211067,-1.0034051,-1.6933049,-0.42057678,16.856703,-11.684049,1.7890365,-0.13631521,0.123548865,-0.50916994,-0.84077626,-12.230357,-1.2979721,-0.7687167,-1.0034051,-1.6933049,-0.42057678,1,-0.02977153778076172,-0.15950024922688802,0.48511423110961915,0.420249875386556,-0.800358337916603,0.5995090603406323,0.003926512048307074,0.7865344956147666,45.06510704017708,1
11.849999999999792,,,,,15.854016,-0.48733157,-1.6906244,-0.6434623,16.734343,-11.696263,1.7812495,-0.14176732,0.11817887,-0.5035121,-0.8440475,-12.241434,-1.1452222,-0.78829217,-1.0034051,-1.6933049,-0.42057678,1,-0.02977153778076172,-0.15950024922688802,0.48511423110961915,0.420249875386556,-0.800358337916603,0.5995090603406323,0.003926512048307074,0.7865344956147666,45.06510704017708,1
11.859999999999792,,,,,15.854016,-0.48733157,-1.6906244,-0.6434623,16.611885,-11.707015,1.7732464,-0.14844485,0.11300432,-0.4998548,-0.8457802,-12.249597,-1.0054122,-0.81208867,-0.48733157,-1.6906244,-0.6434623,1,-0.02977153778076172,-0.15950024922688802,0.48511423110961915,0.420249875386556,-0.800358337916603,0.5995090603406323,0.003926512048307074,0.7865344956147666,45.06510704017708,1
11.869999999999791,,,,,15.854016,-0.48733157,-1.6906244,-0.6434623,16.489357,-11.716373,1.765013,-0.15510935,0.107819855,-0.49615365,-0.84743863,-12.255546,-0.8663186,-0.83434635,-0.48733157,-1.6906244,-0.6434623,1,-0.09220371246337891,-0.11490421295166016,0.45389814376831056,0.4425478935241699,-0.793685495112568,0.6013827784941591,0.0916629073211371,0.7189873685139183,41.19494173906474,1
11.879999999999791,,,,,15.854016,-0.48733157,-1.6906244,-0.6434623,16.366781,-11.724345,1.7565647,-0.16176026,0.10262593,-0.492409,-0.8490227,-12.259292,-0.7279916,-0.8550764,-0.48733157,-1.6906244,-0.6434623,1,-0.09220371246337891,-0.11490421295166016,0.45389814376831056,0.4425478935241699,-0.793685495112568,0.6013827784941591,0.0916629073211371,0.7189873685139183,41.19494173906474,1
11.889999999999791,,,,,16.775509,1.0234954,-1.2231895,-0.7076949,16.244179,-11.730937,1.7479167,-0.16839695,0.097423,-0.48862112,-0.85053235,-12.260842,-0.59048116,-0.8742905,-0.48733157,-1.6906244,-0.6434623,1,-0.09220371246337891,-0.11490421295166016,0.45389814376831056,0.4425478935241699,-0.793685495112568,0.6013827784941591,0.0916629073211371,0.7189873685139183,41.19494173906474,1
11.89999999999979,,,,,16.775509,1.0234954,-1.2231895,-0.7076949,16.12157,-11.736115,1.7391049,-0.17488699,0.09308474,-0.49158043,-0.84799945,-12.260079,-0.44539517,-0.88818365,1.0234954,-1.2231895,-0.7076949,1,-0.09220371246337891,-0.11490421295166016,0.45389814376831056,0.4425478935241699,-0.793685495112568,0.6013827784941591,0.0916629073211371,0.7189873685139183,41.19494173906474,1
11.90999999999979,,,,,16.775509,1.0234954,-1.2231895,-0.7076949,15.998985,-11.739842,1.7301506,-0.1813637,0.088739395,-0.49450234,-0.845402,-12.25676,-0.2999421,-0.9027749,1.0234954,-1.2231895,-0.7076949,1,-0.09220371246337891,-0.11490421295166016,0.45389814376831056,0.4425478935241699,-0.793685495112568,0.6013827784941591,0.0916629073211371,0.7189873685139183,41.19494173906474,1
11.91999999999979,,,,,16.775509,1.0234954,-1.2231895,-0.7076949,15.876446,-11.742114,1.7210469,-0.18782663,0.084387295,-0.4973866,-0.84274024,-12.250877,-0.1541681,-0.9180697,1.0234954,-1.2231895,-0.7076949,1,-0.09220371246337891,-0.11490421295166016,0.45389814376831056,0.4425478935241699,-0.793685495112568,0.6013827784941591,0.0916629073211371,0.7189873685139183,41.19494173906474,1
11.92999999999979,,,,,17.309795,1.4979184,-1.0669799,-0.4784657,15.753978,-11.742926,1.7117867,-0.19427526,0.08002877,-0.500233,-0.8400143,-12.242431,-0.008119386,-0.93407357,1.0234954,-1.2231895,-0.7076949,1,-0.09220371246337891,-0.11490421295166016,0.45389814376831056,0.4425478935241699,-0.793685495112568,0.6013827784941591,0.0916629073211371,0.7189873685139183,41.19494173906474,1
11.93999999999979,,,,,17.309795,1.4979184,-1.0669799,-0.4784657,15.631609,-11.742252,1.7023752,-0.19954409,0.07528552,-0.5052738,-0.836192,-12.231032,0.14297102,-0.94848365,1.4979184,-1.0669799,-0.4784657,1,-0.11745685577392578,-0.0011435879270235698,0.44127157211303714,0.49942820603648824,-0.7914677375249127,0.6090465160828793,0.05139223389291011,0.6441857232685564,36.909123165870675,1
11.94999999999979,,,,,17.309795,1.4979184,-1.0669799,-0.4784657,15.509366,-11.740065,1.692812,-0.20479488,0.070535466,-0.5102689,-0.8322942,-12.216893,0.29465526,-0.9643996,1.4979184,-1.0669799,-0.4784657,1,-0.11745685577392578,-0.0011435879270235698,0.44127157211303714,0.49942820603648824,-0.7914677375249127,0.6090465160828793,0.05139223389291011,0.6441857232685564,36.909123165870675,1
11.95999999999979,,,,,17.309795,1.4979184,-1.0669799,-0.4784657,15.3872795,-11.736357,1.683082,-0.2100272,0.065779045,-0.515218,-0.8283214,-12.200009,0.44687527,-0.9818381,1.4979184,-1.0669799,-0.4784657,1,-0.11745685577392578,-0.0011435879270235698,0.44127157211303714,0.49942820603648824,-0.7914677375249127,0.6090465160828793,0.05139223389291011,0.6441857232685564,36.909123165870675,1
11.96999999999979,,,,,17.12606,0.7916765,-0.7139791,-0.35103825,15.265376,-11.731125,1.67317,-0.21524057,0.061016686,-0.52012074,-0.82427377,-12.180379,0.5995727,-1.000815,1.4979184,-1.0669799,-0.4784657,1,-0.11745685577392578,-0.0011435879270235698,0.44127157211303714,0.49942820603648824,-0.7914677375249127,0.6090465160828793,0.05139223389291011,0.6441857232685564,36.909123165870675,1
11.979999999999789,,,,,17.12606,0.7916765,-0.7139791,-0.35103825,15.143681,-11.724372,1.6630572,-0.21878222,0.058134075,-0.52249986,-0.82204205,-12.158635,0.750968,-1.0218647,0.7916765,-0.7139791,-0.35103825,1,-0.11745685577392578,-0.0011435879270235698,0.44127157211303714,0.49942820603648824,-0.7914677375249127,0.6090465160828793,0.05139223389291011,0.6441857232685564,36.909123165870675,1
11.989999999999789,,,,,17.12606,0.7916765,-0.7139791,-0.35103825,15.022209,-11.7161045,1.6527302,-0.22231698,0.055249635,-0.5248625,-0.81978434,-12.135223,0.9024859,-1.0436475,0.7916765,-0.7139791,-0.35103825,1,-0.11745685577392578,-0.0011435879270235698,0.44127157211303714,0.49942820603648824,-0.7914677375249127,0.6090465160828793,0.05139223389291011,0.6441857232685564,36.909123165870675,1
11.999999999999789,,,,,17.12606,0.7916765,-0.7139791,-0.35103825,14.900981,-11.706322,1.6421819,-0.22584474,0.052363455,-0.5272086,-0.8175009,-12.110145,1.0541064,-1.0661675,0.7916765,-0.7139791,-0.35103825,1,-0.11745685577392578,-0.0011435879270235698,0.44127157211303714,0.49942820603648824,-0.7914677375249127,0.6090465160828793,0.05139223389291011,0.6441857232685564,36.909123165870675,1
12.009999999999788,,,,,17.108967,0.5341177,-0.75277,-0.36213621,14.780012,-11.695023,1.6314046,-0.22936541,0.049475625,-0.52953815,-0.8151917,-12.083399,1.2058091,-1.0894276,0.7916765,-0.7139791,-0.35103825,1,-0.11315447807312012,-0.08694345474243165,0.4434227609634399,0.45652827262878415,-0.6799934928031062,0.729055906191717,0.07801496902778528,0.7207423849386774,41.295496773179565,1
12.019999999999788,,,,,17.108967,0.5341177,-0.75277,-0.36213621,14.659319,-11.682206,1.620391,-0.23296386,0.046753053,-0.5307558,-0.8135384,-12.055063,1.3573599,-1.1133581,0.5341177,-0.75277,-0.36213621,1,-0.11315447807312012,-0.08694345474243165,0.4434227609634399,0.45652827262878415,-0.6799934928031062,0.729055906191717,0.07801496902778528,0.7207423849386774,41.295496773179565,1
12.029999999999788,,,,,17.108967,0.5341177,-0.75277,-0.36213621,14.538917,-11.667875,1.6091363,-0.23655659,0.04402933,-0.5319604,-0.81186503,-12.025194,1.5087882,-1.1376414,0.5341177,-0.75277,-0.36213621,1,-0.11315447807312012,-0.08694345474243165,0.4434227609634399,0.45652827262878415,-0.6799934928031062,0.729055906191717,0.07801496902778528,0.7207423849386774,41.295496773179565,1
12.039999999999788,,,,,17.108967,0.5341177,-0.75277,-0.36213621,14.418821,-11.652031,1.597637,-0.2401435,0.041304525,-0.533152,-0.81017184,-11.993792,1.6600784,-1.1622787,0.5341177,-0.75277,-0.36213621,1,-0.11315447807312012,-0.08694345474243165,0.4434227609634399,0.45652827262878415,-0.6799934928031062,0.729055906191717,0.07801496902778528,0.7207423849386774,41.295496773179565,1
12.049999999999788,,,,,17.084253,0.09485584,-0.9173276,-0.4081947,14.299047,-11.634676,1.5858896,-0.24372451,0.038578708,-0.5343304,-0.8084587,-11.960858,1.811215,-1.187271,0.5341177,-0.75277,-0.36213621,1,-0.11315447807312012,-0.08694345474243165,0.4434227609634399,0.45652827262878415,-0.6799934928031062,0.729055906191717,0.07801496902778528,0.7207423849386774,41.295496773179565,1
12.059999999999787,,,,,17.084253,0.09485584,-0.9173276,-0.4081947,14.179609,-11.61581,1.5738907,-0.24784051,0.03584508,-0.53351045,-0.8078745,-11.926476,1.96184,-1.2124529,0.09485584,-0.9173276,-0.4081947,1,-0.11315447807312012,-0.08694345474243165,0.4434227609634399,0.45652827262878415,-0.6799934928031062,0.729055906191717,0.07801496902778528,0.7207423849386774,41.295496773179565,1
12.069999999999787,,,,,17.084253,0.09485584,-0.9173276,-0.4081947,14.060522,-11.595441,1.5616418,-0.25195023,0.033110544,-0.53267694,-0.80726975,-11.89065,2.1119492,-1.2372663,0.09485584,-0.9173276,-0.4081947,1,-0.19226009368896485,0.05431414922078451,0.40386995315551755,0.5271570746103923,-0.7506168836526972,0.6572064392288747,0.0682201598621486,0.5433631424353615,31.13241480451202,1
12.079999999999787,,,,,17.084253,0.09485584,-0.9173276,-0.4081947,13.941801,-11.573572,1.5491467,-0.25605354,0.030375162,-0.53182983,-0.8066445,-11.853388,2.2615273,-1.2617118,0.09485584,-0.9173276,-0.4081947,1,-0.19226009368896485,0.05431414922078451,0.40386995315551755,0.5271570746103923,-0.7506168836526972,0.6572064392288747,0.0682201598621486,0.5433631424353615,31.13241480451202,1
12.089999999999787,,,,,17.168093,-0.30943823,-1.125074,-0.39525458,13.823461,-11.550212,1.536409,-0.2601503,0.027639009,-0.5309692,-0.80599874,-11.814693,2.41056,-1.2857902,0.09485584,-0.9173276,-0.4081947,1,-0.19226009368896485,0.05431414922078451,0.40386995315551755,0.5271570746103923,-0.7506168836526972,0.6572064392288747,0.0682201598621486,0.5433631424353615,31.13241480451202,1
12.099999999999786,,,,,17.168093,-0.30943823,-1.125074,-0.39525458,13.705515,-11.52536,1.5234348,-0.26468235,0.024556305,-0.5281941,-0.80644625,-11.774379,2.5596294,-1.3088754,-0.30943823,-1.125074,-0.39525458,1,-0.19226009368896485,0.05431414922078451,0.40386995315551755,0.5271570746103923,-0.7506168836526972,0.6572064392288747,0.0682201598621486,0.5433631424353615,31.13241480451202,1
12.109999999999786,,,,,17.168093,-0.30943823,-1.125074,-0.39525458,13.587979,-11.499022,1.5102351,-0.26920435,0.02147267,-0.525399,-0.80686325,-11.732645,2.7077665,-1.3308979,-0.30943823,-1.125074,-0.39525458,1,-0.19226009368896485,0.05431414922078451,0.40386995315551755,0.5271570746103923,-0.7506168836526972,0.6572064392288747,0.0682201598621486,0.5433631424353615,31.13241480451202,1
12.119999999999786,,,,,17.168093,-0.30943823,-1.125074,-0.39525458,13.470868,-11.471207,1.4968204,-0.27371612,0.018388221,-0.5225839,-0.8072496,-11.689502,2.85495,-1.3518622,-0.30943823,-1.125074,-0.39525458,1,-0.19226009368896485,0.05431414922078451,0.40386995315551755,0.5271570746103923,-0.7506168836526972,0.6572064392288747,0.0682201598621486,0.5433631424353615,31.13241480451202,1
12.129999999999786,,,,,17.428267,-0.5748583,-1.2829226,-0.35065535,13.354195,-11.441925,1.4832014,-0.27821755,0.015303073,-0.5197489,-0.8076053,-11.644961,3.001158,-1.371773,-0.30943823,-1.125074,-0.39525458,1,-0.19226009368896485,0.05431414922078451,0.40386995315551755,0.5271570746103923,-0.7506168836526972,0.6572064392288747,0.0682201598621486,0.5433631424353615,31.13241480451202,1
12.139999999999786,,,,,17.428267,-0.5748583,-1.2829226,-0.35065535,13.237977,-11.411176,1.4693949,-0.28291613,0.011833169,-0.5156026,-0.8086884,-11.598333,3.1484716,-1.3892587,-0.5748583,-1.2829226,-0.35065535,1,-0.14920244216918946,0.016642077763875326,0.4253987789154053,0.5083210388819377,-0.6644077949003437,0.7432887219630475,0.07800101203319643,0.5763040211704533,33.01978812948502,1
12.149999999999785,,,,,17.428267,-0.5748583,-1.2829226,-0.35065535,13.122232,-11.37896,1.4554213,-0.2875999,0.0083626425,-0.51142913,-0.80972904,-11.550297,3.2944844,-1.4052193,-0.5748583,-1.2829226,-0.35065535,1,-0.14920244216918946,0.016642077763875326,0.4253987789154053,0.5083210388819377,-0.6644077949003437,0.7432887219630475,0.07800101203319643,0.5763040211704533,33.01978812948502,1
12.159999999999785,,,,,17.428267,-0.5748583,-1.2829226,-0.35065535,13.006976,-11.34529,1.4412957,-0.29226857,0.0048916773,-0.5072289,-0.8107272,-11.500869,3.4391665,-1.4196656,-0.5748583,-1.2829226,-0.35065535,1,-0.14920244216918946,0.016642077763875326,0.4253987789154053,0.5083210388819377,-0.6644077949003437,0.7432887219630475,0.07800101203319643,0.5763040211704533,33.01978812948502,1
12.169999999999785,,,,,17.731945,-0.7791643,-1.202354,-0.34939447,12.892221,-11.310181,1.4270331,-0.2969219,0.0014204562,-0.503002,-0.81168276,-11.450063,3.5824888,-1.4326086,-0.5748583,-1.2829226,-0.35065535,1,-0.14920244216918946,0.016642077763875326,0.4253987789154053,0.5083210388819377,-0.6644077949003437,0.7432887219630475,0.07800101203319643,0.5763040211704533,33.01978812948502,1
12.179999999999785,,,,,17.731945,-0.7791643,-1.202354,-0.34939447,12.777986,-11.273632,1.4126564,-0.30135018,-0.0014237212,-0.49803868,-0.8131101,-11.397099,3.7268775,-1.4424555,-0.7791643,-1.202354,-0.34939447,1,-0.14920244216918946,0.016642077763875326,0.4253987789154053,0.5083210388819377,-0.6644077949003437,0.7432887219630475,0.07800101203319643,0.5763040211704533,33.01978812948502,1
12.189999999999785,,,,,17.731945,-0.7791643,-1.202354,-0.34939447,12.664284,-11.235647,1.39819,-0.30576205,-0.004267821,-0.49304828,-0.8144933,-11.343064,3.8697767,-1.4505457,-0.7791643,-1.202354,-0.34939447,1,-0.14920244216918946,0.016642077763875326,0.4253987789154053,0.5083210388819377,-0.6644077949003437,0.7432887219630475,0.07800101203319643,0.5763040211704533,33.01978812948502,1
12.199999999999784,,,,,17.731945,-0.7791643,-1.202354,-0.34939447,12.551128,-11.196241,1.3836516,-0.31015733,-0.007111689,-0.48803112,-0.81583214,-11.287976,4.011157,-1.4568928,-0.7791643,-1.202354,-0.34939447,1,-0.14920244216918946,0.016642077763875326,0.4253987789154053,0.5083210388819377,-0.6644077949003437,0.7432887219630475,0.07800101203319643,0.5763040211704533,33.01978812948502,1
12.209999999999784,,,,,17.917278,-1.0895786,-1.0556505,-0.34942076,12.438529,-11.155429,1.3690581,-0.31453574,-0.009955171,-0.48298737,-0.81712663,-11.2318535,4.15099,-1.4615113,-0.7791643,-1.202354,-0.34939447,1,-0.20419225692749024,0.05636116663614909,0.3979038715362549,0.5281805833180745,-0.661000514933727,0.7366840029366597,0.14274102099455369,0.4854902288919667,27.816541110349995,1
12.219999999999784,,,,,17.917278,-1.0895786,-1.0556505,-0.34942076,12.326498,-11.113219,1.3544325,-0.31855735,-0.011710465,-0.47687837,-0.819131,-11.174302,4.290673,-1.4632833,-1.0895786,-1.0556505,-0.34942076,1,-0.20419225692749024,0.05636116663614909,0.3979038715362549,0.5281805833180745,-0.661000514933727,0.7366840029366597,0.14274102099455369,0.4854902288919667,27.816541110349995,1
12.229999999999784,,,,,17.917278,-1.0895786,-1.0556505,-0.34942076,12.215044,-11.069621,1.3397994,-0.32255965,-0.01346505,-0.47074047,-0.8210858,-11.116238,4.428683,-1.4629749,-1.0895786,-1.0556505,-0.34942076,1,-0.20419225692749024,0.05636116663614909,0.3979038715362549,0.5281805833180745,-0.661000514933727,0.7366840029366597,0.14274102099455369,0.4854902288919667,27.816541110349995,1
12.239999999999783,,,,,17.917278,-1.0895786,-1.0556505,-0.34942076,12.104175,-11.0246525,1.3251799,-0.3265424,-0.0152188195,-0.46457407,-0.82299083,-11.057683,4.56499,-1.4606054,-1.0895786,-1.0556505,-0.34942076,1,-0.20419225692749024,0.05636116663614909,0.3979038715362549,0.5281805833180745,-0.661000514933727,0.7366840029366597,0.14274102099455369,0.4854902288919667,27.816541110349995,1
12.249999999999783,,,,,17.962296,-1.041971,-0.69546485,-0.28865317,11.993893,-10.978328,1.3105943,-0.33050537,-0.016971666,-0.45837948,-0.824846,-10.99866,4.699565,-1.4561946,-1.0895786,-1.0556505,-0.34942076,1,-0.20419225692749024,0.05636116663614909,0.3979038715362549,0.5281805833180745,-0.661000514933727,0.7366840029366597,0.14274102099455369,0.4854902288919667,27.816541110349995,1
12.259999999999783,,,,,17.962296,-1.041971,-0.69546485,-0.28865317,11.884203,-10.930665,1.296064,-0.33337134,-0.017456122,-0.45294794,-0.8266811,-10.939215,4.8328595,-1.4495912,-1.041971,-0.69546485,-0.28865317,1,-0.20419225692749024,0.05636116663614909,0.3979038715362549,0.5281805833180745,-0.661000514933727,0.7366840029366597,0.14274102099455369,0.4854902288919667,27.816541110349995,1
12.269999999999783,,,,,17.962296,-1.041971,-0.69546485,-0.28865317,11.775108,-10.881676,1.2816087,-0.33622357,-0.017939854,-0.44749767,-0.8284819,-10.879798,4.964761,-1.4412212,-1.041971,-0.69546485,-0.28865317,1,-0.1314709949493408,-0.025423661867777506,0.4342645025253296,0.4872881690661112,-0.5534289315559108,0.8135061104187908,0.17867351798230657,0.545309871354867,31.243954155455743,1
12.279999999999783,,,,,17.962296,-1.041971,-0.69546485,-0.28865317,11.666608,-10.831374,1.2672457,-0.3390619,-0.018422848,-0.44202894,-0.8302486,-10.820426,5.0952497,-1.4311004,-1.041971,-0.69546485,-0.28865317,1,-0.1314709949493408,-0.025423661867777506,0.4342645025253296,0.4872881690661112,-0.5534289315559108,0.8135061104187908,0.17867351798230657,0.545309871354867,31.243954155455743,1
12.289999999999782,,,,,17.790287,-0.98050094,-0.37238908,-0.2420595,11.5587,-10.779776,1.2529926,-0.3418862,-0.018905079,-0.43654197,-0.83198094,-10.761114,5.224307,-1.419244,-1.041971,-0.69546485,-0.28865317,1,-0.1314709949493408,-0.025423661867777506,0.4342645025253296,0.4872881690661112,-0.5534289315559108,0.8135061104187908,0.17867351798230657,0.545309871354867,31.243954155455743,1
12.299999999999782,,,,,17.790287,-0.98050094,-0.37238908,-0.2420595,11.451382,-10.726898,1.2388612,-0.3437937,-0.018249465,-0.4318432,-0.83366007,-10.702586,5.3508353,-1.4068252,-0.98050094,-0.37238908,-0.2420595,1,-0.1314709949493408,-0.025423661867777506,0.4342645025253296,0.4872881690661112,-0.5534289315559108,0.8135061104187908,0.17867351798230657,0.545309871354867,31.243954155455743,1
12.309999999999782,,,,,17.790287,-0.98050094,-0.37238908,-0.2420595,11.344646,-10.672761,1.2248613,-0.3456912,-0.017593326,-0.42713192,-0.835315,-10.644525,5.476294,-1.3929505,-0.98050094,-0.37238908,-0.2420595,1,-0.1314709949493408,-0.025423661867777506,0.4342645025253296,0.4872881690661112,-0.5534289315559108,0.8135061104187908,0.17867351798230657,0.545309871354867,31.243954155455743,1
12.319999999999782,,,,,17.790287,-0.98050094,-0.37238908,-0.2420595,11.23849,-10.617375,1.2110071,-0.3475787,-0.016936675,-0.42240825,-0.8369458,-10.586939,5.6006703,-1.377632,-0.98050094,-0.37238908,-0.2420595,1,-0.1314709949493408,-0.025423661867777506,0.4342645025253296,0.4872881690661112,-0.5534289315559108,0.8135061104187908,0.17867351798230657,0.545309871354867,31.243954155455743,1
12.329999999999782,,,,,17.743925,-0.88964075,-0.2101726,-0.20821932,11.132907,-10.560752,1.1973133,-0.34945616,-0.016279534,-0.41767237,-0.8385523,-10.52984,5.7239532,-1.3608824,-0.98050094,-0.37238908,-0.2420595,1,-0.1314709949493408,-0.025423661867777506,0.4342645025253296,0.4872881690661112,-0.5534289315559108,0.8135061104187908,0.17867351798230657,0.545309871354867,31.243954155455743,1
12.339999999999781,,,,,17.743925,-0.88964075,-0.2101726,-0.20821932,11.02789,-10.502902,1.1837926,-0.35083666,-0.015171272,-0.41358748,-0.84002006,-10.473433,5.8459015,-1.3430885,-0.88964075,-0.2101726,-0.20821932,1,-0.15542280197143554,0.11294948577880859,0.42228859901428223,0.5564747428894044,-0.6458628120890169,0.7527273318261534,0.1275256518601165,0.35256863188919807,20.20069459595258,0
12.349999999999781,,,,,17.743925,-0.88964075,-0.2101726,-0.20821932,10.923436,-10.443837,1.1704558,-0.35220945,-0.014062678,-0.40949354,-0.84146935,-10.417654,5.966976,-1.3240812,-0.88964075,-0.2101726,-0.20821932,1,-0.15542280197143554,0.11294948577880859,0.42228859901428223,0.5564747428894044,-0.6458628120890169,0.7527273318261534,0.1275256518601165,0.35256863188919807,20.20069459595258,0
12.359999999999781,,,,,17.743925,-0.88964075,-0.2101726,-0.20821932,10.819535,-10.383566,1.1573151,-0.35357448,-0.012953775,-0.40539053,-0.84290016,-10.362513,6.087169,-1.3038703,-0.88964075,-0.2101726,-0.20821932,1,-0.15542280197143554,0.11294948577880859,0.42228859901428223,0.5564747428894044,-0.6458628120890169,0.7527273318261534,0.1275256518601165,0.35256863188919807,20.20069459595258,0
12.36999999999978,,,,,18.11887,-0.8999164,1.024116,0.020001298,10.716183,-10.322097,1.1443825,-0.35493177,-0.011844587,-0.40127864,-0.8443124,-10.308014,6.2064724,-1.282466,-0.88964075,-0.2101726,-0.20821932,1,-0.15542280197143554,0.11294948577880859,0.42228859901428223,0.5564747428894044,-0.6458628120890169,0.7527273318261534,0.1275256518601165,0.35256863188919807,20.20069459595258,0
12.37999999999978,,,,,18.11887,-0.8999164,1.024116,0.020001298,10.613376,-10.259425,1.1316818,-0.35283762,-0.0059640734,-0.3992866,-0.84619457,-10.253659,6.3278847,-1.2575471,-0.8999164,1.024116,0.020001298,1,-0.15542280197143554,0.11294948577880859,0.42228859901428223,0.5564747428894044,-0.6458628120890169,0.7527273318261534,0.1275256518601165,0.35256863188919807,20.20069459595258,0
12.38999999999978,,,,,18.11887,-0.8999164,1.024116,0.020001298,10.511101,-10.195537,1.1192336,-0.35072708,-8.328236e-05,-0.39727595,-0.84803736,-10.201663,6.4497128,-1.2320209,-0.8999164,1.024116,0.020001298,1,-0.15542280197143554,0.11294948577880859,0.42228859901428223,0.5564747428894044,-0.6458628120890169,0.7527273318261534,0.1275256518601165,0.35256863188919807,20.20069459595258,0
12.39999999999978,,,,,18.11887,-0.8999164,1.024116,0.020001298,10.409334,-10.130427,1.1070436,-0.34860027,0.005797513,-0.39524686,-0.84984076,-10.152035,6.571933,-1.2059098,-0.8999164,1.024116,0.020001298,1,-0.15542280197143554,0.11294948577880859,0.42228859901428223,0.5564747428894044,-0.6458628120890169,0.7527273318261534,0.1275256518601165,0.35256863188919807,20.20069459595258,0
12.40999999999978,,,,,18.338366,-0.96294725,1.0195006,0.035705335,10.308052,-10.0640955,1.0951176,-0.34645724,0.011678038,-0.39319938,-0.8516046,-10.104783,6.694522,-1.1792368,-0.8999164,1.024116,0.020001298,1,-0.17752986907958984,0.13799575805664063,0.41123506546020505,0.5689978790283203,-0.703039582468454,0.7034692706161969,0.10424169406383468,0.20058426473744007,11.492631806190099,0
12.41999999999978,,,,,18.338366,-0.96294725,1.0195006,0.035705335,10.207232,-9.996529,1.0834684,-0.34423617,0.017616663,-0.39085764,-0.853479,-10.059398,6.818924,-1.1504769,-0.96294725,1.0195006,0.035705335,1,-0.17752986907958984,0.13799575805664063,0.41123506546020505,0.5689978790283203,-0.703039582468454,0.7034692706161969,0.10424169406383468,0.20058426473744007,11.492631806190099,0
12.42999999999978,,,,,18.338366,-0.96294725,1.0195006,0.035705335,10.106855,-9.927716,1.0721099,-0.34199813,0.023554422,-0.38849667,-0.8553115,-10.016499,6.943594,-1.1211166,-0.96294725,1.0195006,0.035705335,1,-0.17752986907958984,0.13799575805664063,0.41123506546020505,0.5689978790283203,-0.703039582468454,0.7034692706161969,0.10424169406383468,0.20058426473744007,11.492631806190099,0
12.43999999999978,,,,,18.338366,-0.96294725,1.0195006,0.035705335,10.006894,-9.857656,1.061048,-0.33974326,0.02949102,-0.38611653,-0.857102,-9.976094,7.068507,-1.0911803,-0.96294725,1.0195006,0.035705335,1,-0.17752986907958984,0.13799575805664063,0.41123506546020505,0.5689978790283203,-0.703039582468454,0.7034692706161969,0.10424169406383468,0.20058426473744007,11.492631806190099,0
12.449999999999779,,,,,18.184097,-1.0956633,0.13409457,-0.024346346,9.907325,-9.786344,1.0502883,-0.33747166,0.035426166,-0.38371745,-0.85885024,-9.938192,7.1936383,-1.0606925,-0.96294725,1.0195006,0.035705335,1,-0.17752986907958984,0.13799575805664063,0.41123506546020505,0.5689978790283203,-0.703039582468454,0.7034692706161969,0.10424169406383468,0.20058426473744007,11.492631806190099,0
12.459999999999779,,,,,18.184097,-1.0956633,0.13409457,-0.024346346,9.808121,-9.713787,1.0398314,-0.3371197,0.037896935,-0.37922853,-0.8608744,-9.902687,7.3175316,-1.0305126,-1.0956633,0.13409457,-0.024346346,1,-0.17752986907958984,0.13799575805664063,0.41123506546020505,0.5689978790283203,-0.703039582468454,0.7034692706161969,0.10424169406383468,0.20058426473744007,11.492631806190099,0
12.469999999999779,,,,,18.184097,-1.0956633,0.13409457,-0.024346346,9.709266,-9.639996,1.0296822,-0.33675748,0.04036655,-0.37472802,-0.86287236,-9.868584,7.440595,-0.99915886,-1.0956633,0.13409457,-0.024346346,1,-0.13582782745361327,0.13650436401367189,0.43208608627319334,0.5682521820068359,-0.7193980754836742,0.6923721470784094,0.0555627477760017,0.12022162637610467,6.888191797549456,0
12.479999999999778,,,,,18.184097,-1.0956633,0.13409457,-0.024346346,9.610744,-9.564978,1.0198523,-0.336385,0.04283493,-0.3702161,-0.864844,-9.835885,7.5628138,-0.96664745,-1.0956633,0.13409457,-0.024346346,1,-0.13582782745361327,0.13650436401367189,0.43208608627319334,0.5682521820068359,-0.7193980754836742,0.6923721470784094,0.0555627477760017,0.12022162637610467,6.888191797549456,0
12.489999999999778,,,,,17.790077,-1.0860293,-0.3090171,0.03561402,9.512543,-9.488742,1.0103531,-0.3360023,0.04530201,-0.3656929,-0.86678934,-9.804596,7.684173,-0.9329944,-1.0956633,0.13409457,-0.024346346,1,-0.13582782745361327,0.13650436401367189,0.43208608627319334,0.5682521820068359,-0.7193980754836742,0.6923721470784094,0.0555627477760017,0.12022162637610467,6.888191797549456,0
12.499999999999778,,,,,17.790077,-1.0860293,-0.3090171,0.03561402,9.414645,-9.41131,1.001182,-0.3361616,0.045721445,-0.36046922,-0.8688911,-9.775136,7.801888,-0.90100336,-1.0860293,-0.3090171,0.03561402,1,-0.13582782745361327,0.13650436401367189,0.43208608627319334,0.5682521820068359,-0.7193980754836742,0.6923721470784094,0.0555627477760017,0.12022162637610467,6.888191797549456,0
12.509999999999778,,,,,17.790077,-1.0860293,-0.3090171,0.03561402,9.317038,-9.332709,0.99233747,-0.3363102,0.046139423,-0.35523403,-0.8709652,-9.746446,7.918309,-0.86768246,-1.0860293,-0.3090171,0.03561402,1,-0.13582782745361327,0.13650436401367189,0.43208608627319334,0.5682521820068359,-0.7193980754836742,0.6923721470784094,0.0555627477760017,0.12022162637610467,6.888191797549456,0
12.519999999999778,,,,,17.790077,-1.0860293,-0.3090171,0.03561402,9.219713,-9.25295,0.98383284,-0.33644807,0.046555925,-0.3499875,-0.8730114,-9.718526,8.033421,-0.83304834,-1.0860293,-0.3090171,0.03561402,1,-0.13582782745361327,0.13650436401367189,0.43208608627319334,0.5682521820068359,-0.7193980754836742,0.6923721470784094,0.0555627477760017,0.12022162637610467,6.888191797549456,0
12.529999999999777,,,,,17.788157,-1.1945989,-0.15318123,0.14171422,9.1226635,-9.172046,0.975681,-0.3365752,0.046970945,-0.34472984,-0.8750298,-9.691382,8.147206,-0.7971178,-1.0860293,-0.3090171,0.03561402,1,-0.13582782745361327,0.13650436401367189,0.43208608627319334,0.5682521820068359,-0.7193980754836742,0.6923721470784094,0.0555627477760017,0.12022162637610467,6.888191797549456,0
12.539999999999777,,,,,17.788157,-1.1945989,-0.15318123,0.14171422,9.025882,-9.090011,0.96789485,-0.33593246,0.04806598,-0.3392725,-0.87734723,-9.665143,8.259662,-0.759914,-1.1945989,-0.15318123,0.14171422,1,-0.13775745391845703,0.13007445017496744,0.43112127304077147,0.5650372250874838,-0.7336378936348491,0.6746066165531237,0.08173954933671217,0.0363558817844889,2.0830385867277617,0
12.549999999999777,,,,,17.788157,-1.1945989,-0.15318123,0.14171422,8.929357,-9.006857,0.9604871,-0.3352774,0.049159247,-0.3338027,-0.8796325,-9.640016,8.3708105,-0.7214263,-1.1945989,-0.15318123,0.14171422,1,-0.13775745391845703,0.13007445017496744,0.43112127304077147,0.5650372250874838,-0.7336378936348491,0.6746066165531237,0.08173954933671217,0.0363558817844889,2.0830385867277617,0
12.559999999999777,,,,,17.788157,-1.1945989,-0.15318123,0.14171422,8.8330765,-8.922598,0.9534707,-0.33461,0.05025071,-0.32832062,-0.8818853,-9.616,8.480637,-0.6816738,-1.1945989,-0.15318123,0.14171422,1,-0.13775745391845703,0.13007445017496744,0.43112127304077147,0.5650372250874838,-0.7336378936348491,0.6746066165531237,0.08173954933671217,0.0363558817844889,2.0830385867277617,0
12.569999999999776,,,,,17.79992,-1.2540901,0.026466452,0.3076682,8.737032,-8.837248,0.94685805,-0.33393028,0.051340323,-0.32282645,-0.8841057,-9.593099,8.589121,-0.64067584,-1.1945989,-0.15318123,0.14171422,1,-0.13775745391845703,0.13007445017496744,0.43112127304077147,0.5650372250874838,-0.7336378936348491,0.6746066165531237,0.08173954933671217,0.0363558817844889,2.0830385867277617,0
12.579999999999776,,,,,17.79992,-1.2540901,0.026466452,0.3076682,8.641211,-8.750819,0.9406619,-0.33219862,0.053053513,-0.3173992,-0.8866184,-9.571416,8.6963625,-0.5983745,-1.2540901,0.026466452,0.3076682,1,-0.13775745391845703,0.13007445017496744,0.43112127304077147,0.5650372250874838,-0.7336378936348491,0.6746066165531237,0.08173954933671217,0.0363558817844889,2.0830385867277617,0
12.589999999999776,,,,,17.79992,-1.2540901,0.026466452,0.3076682,8.545599,-8.663324,0.9348946,-0.3304531,0.05476449,-0.3119587,-0.8890941,-9.55116,8.802343,-0.5549073,-1.2540901,0.026466452,0.3076682,1,-0.13775745391845703,0.13007445017496744,0.43112127304077147,0.5650372250874838,-0.7336378936348491,0.6746066165531237,0.08173954933671217,0.0363558817844889,2.0830385867277617,0
12.599999999999776,,,,,17.79992,-1.2540901,0.026466452,0.3076682,8.450183,-8.574777,0.92956775,-0.3286938,0.056473184,-0.30650517,-0.8915328,-9.532329,8.9070425,-0.5102945,-1.2540901,0.026466452,0.3076682,1,-0.13775745391845703,0.13007445017496744,0.43112127304077147,0.5650372250874838,-0.7336378936348491,0.6746066165531237,0.08173954933671217,0.0363558817844889,2.0830385867277617,0
12.609999999999776,,,,,17.001179,-0.9294855,-0.35521963,0.45986772,8.354948,-8.4851885,0.92469263,-0.3269208,0.05817952,-0.3010389,-0.89393425,-9.51492,9.01044,-0.46455625,-1.2540901,0.026466452,0.3076682,1,-0.09933276176452636,0.07184993743896484,0.45033361911773684,0.5359249687194825,-0.7185763609567422,0.6826495956668887,0.13280641178045532,0.001591116537472903,0.09116426231066645,0
12.619999999999775,,,,,17.001179,-0.9294855,-0.35521963,0.45986772,8.259877,-8.394596,0.9202479,-0.32512474,0.057418086,-0.29643303,-0.8961749,-9.4993305,9.107925,-0.42424673,-0.9294855,-0.35521963,0.45986772,1,-0.09933276176452636,0.07184993743896484,0.45033361911773684,0.5359249687194825,-0.7185763609567422,0.6826495956668887,0.13280641178045532,0.001591116537472903,0.09116426231066645,0
12.629999999999775,,,,,17.001179,-0.9294855,-0.35521963,0.45986772,8.16496,-8.303034,0.91621107,-0.3233189,0.056654926,-0.29181826,-0.8983886,-9.484244,9.204113,-0.38297644,-0.9294855,-0.35521963,0.45986772,1,-0.09933276176452636,0.07184993743896484,0.45033361911773684,0.5359249687194825,-0.7185763609567422,0.6826495956668887,0.13280641178045532,0.001591116537472903,0.09116426231066645,0
12.639999999999775,,,,,17.001179,-0.9294855,-0.35521963,0.45986772,8.07019,-8.210517,0.91259164,-0.32150337,0.05589007,-0.28719473,-0.90057534,-9.469655,9.298991,-0.34075838,-0.9294855,-0.35521963,0.45986772,1,-0.09933276176452636,0.07184993743896484,0.45033361911773684,0.5359249687194825,-0.7185763609567422,0.6826495956668887,0.13280641178045532,0.001591116537472903,0.09116426231066645,0
12.649999999999775,,,,,16.718016,-0.89000833,-1.2038699,0.5145757,7.9755654,-8.117058,0.9093991,-0.31967816,0.055123523,-0.2825626,-0.90273505,-9.455556,9.392549,-0.29760575,-0.9294855,-0.35521963,0.45986772,1,-0.09933276176452636,0.07184993743896484,0.45033361911773684,0.5359249687194825,-0.7185763609567422,0.6826495956668887,0.13280641178045532,0.001591116537472903,0.09116426231066645,0
12.659999999999775,,,,,16.718016,-0.89000833,-1.2038699,0.5145757,7.8810787,-8.022678,0.9066313,-0.31880105,0.05038355,-0.2767542,-0.90511847,-9.441733,9.48296,-0.25576475,-0.89000833,-1.2038699,0.5145757,1,-0.09933276176452636,0.07184993743896484,0.45033361911773684,0.5359249687194825,-0.7185763609567422,0.6826495956668887,0.13280641178045532,0.001591116537472903,0.09116426231066645,0
12.669999999999774,,,,,16.718016,-0.89000833,-1.2038699,0.5145757,7.786733,-7.9274054,0.90428805,-0.317904,0.04564042,-0.27092844,-0.9074452,-9.42722,9.571311,-0.21268314,-0.89000833,-1.2038699,0.5145757,1,-0.0552724027633667,0.08147553126017253,0.4723637986183167,0.5407377656300862,-0.7111216736828987,0.6850597493785342,0.1581110527441189,-0.026248495750060385,-1.5039280250455382,0
12.679999999999774,,,,,16.718016,-0.89000833,-1.2038699,0.5145757,7.692537,-7.8312593,0.9023817,-0.316987,0.04089443,-0.2650857,-0.90971506,-9.412006,9.657584,-0.16839536,-0.89000833,-1.2038699,0.5145757,1,-0.0552724027633667,0.08147553126017253,0.4723637986183167,0.5407377656300862,-0.7111216736828987,0.6850597493785342,0.1581110527441189,-0.026248495750060385,-1.5039280250455382,0
12.689999999999774,,,,,16.40023,-1.1029266,-2.0630047,0.39343715,7.598496,-7.734261,0.90092415,-0.31605017,0.036145877,-0.25922635,-0.9119279,-9.396082,9.741762,-0.1229362,-0.89000833,-1.2038699,0.5145757,1,-0.0552724027633667,0.08147553126017253,0.4723637986183167,0.5407377656300862,-0.7111216736828987,0.6850597493785342,0.1581110527441189,-0.026248495750060385,-1.5039280250455382,0
12.699999999999774,,,,,16.40023,-1.1029266,-2.0630047,0.39343715,7.504617,-7.6364408,0.8999136,-0.3167086,0.027969923,-0.2509904,-0.9142878,-9.379412,9.821885,-0.07891603,-1.1029266,-2.0630047,0.39343715,1,-0.0552724027633667,0.08147553126017253,0.4723637986183167,0.5407377656300862,-0.7111216736828987,0.6850597493785342,0.1581110527441189,-0.026248495750060385,-1.5039280250455382,0
12.709999999999773,,,,,16.40023,-1.1029266,-2.0630047,0.39343715,7.410913,-7.5378346,0.899351,-0.31732246,0.019790035,-0.24271913,-0.91651905,-9.361116,9.898883,-0.03337653,-1.1029266,-2.0630047,0.39343715,1,-0.0552724027633667,0.08147553126017253,0.4723637986183167,0.5407377656300862,-0.7111216736828987,0.6850597493785342,0.1581110527441189,-0.026248495750060385,-1.5039280250455382,0
12.719999999999773,,,,,16.40023,-1.1029266,-2.0630047,0.39343715,7.3174,-7.438474,0.89925104,-0.3178917,0.011607361,-0.23441371,-0.9186214,-9.34119,9.972719,0.013599298,-1.1029266,-2.0630047,0.39343715,1,-0.0552724027633667,0.08147553126017253,0.4723637986183167,0.5407377656300862,-0.7111216736828987,0.6850597493785342,0.1581110527441189,-0.026248495750060385,-1.5039280250455382,0
12.729999999999773,,,,,16.23094,-1.2828304,-2.6536481,0.3587823,7.224095,-7.3383913,0.8996276,-0.3184162,0.0034230552,-0.22607535,-0.9205945,-9.319632,10.043357,0.061927658,-1.1029266,-2.0630047,0.39343715,1,-0.0552724027633667,0.08147553126017253,0.4723637986183167,0.5407377656300862,-0.7111216736828987,0.6850597493785342,0.1581110527441189,-0.026248495750060385,-1.5039280250455382,0
12.739999999999773,,,,,16.23094,-1.2828304,-2.6536481,0.3587823,7.131013,-7.2376223,0.9004865,-0.31970727,-0.007154793,-0.21592732,-0.9225597,-9.296458,10.109778,0.11009353,-1.2828304,-2.6536481,0.3587823,1,0.025286567211151124,0.2029990005493164,0.5126432836055755,0.6014995002746581,-0.69144165929131,0.7045760942606891,0.1596275640133399,-0.0324776230635857,-1.8608307301602036,0
12.749999999999773,,,,,16.23094,-1.2828304,-2.6536481,0.3587823,7.0381737,-7.1362095,0.90183425,-0.32092786,-0.017731063,-0.20573168,-0.92432153,-9.27108,10.172191,0.15965283,-1.2828304,-2.6536481,0.3587823,1,0.025286567211151124,0.2029990005493164,0.5126432836055755,0.6014995002746581,-0.69144165929131,0.7045760942606891,0.1596275640133399,-0.0324776230635857,-1.8608307301602036,0
12.759999999999772,,,,,16.23094,-1.2828304,-2.6536481,0.3587823,6.945599,-7.0341926,0.9036839,-0.32207775,-0.028303424,-0.19549069,-0.92587966,-9.243504,10.230545,0.21047199,-1.2828304,-2.6536481,0.3587823,1,0.025286567211151124,0.2029990005493164,0.5126432836055755,0.6014995002746581,-0.69144165929131,0.7045760942606891,0.1596275640133399,-0.0324776230635857,-1.8608307301602036,0
12.769999999999772,,,,,15.967896,-1.1991512,-2.8099074,0.71408725,6.853311,-6.9316125,0.9060475,-0.32315665,-0.038869545,-0.18520662,-0.9272337,-9.213739,10.284797,0.2624163,-1.2828304,-2.6536481,0.3587823,1,0.025286567211151124,0.2029990005493164,0.5126432836055755,0.6014995002746581,-0.69144165929131,0.7045760942606891,0.1596275640133399,-0.0324776230635857,-1.8608307301602036,0
12.779999999999772,,,,,15.967896,-1.1991512,-2.8099074,0.71408725,6.7613297,-6.828515,0.9089233,-0.3226414,-0.050615184,-0.17494582,-0.92883766,-9.182209,10.334074,0.31288674,-1.1991512,-2.8099074,0.71408725,1,0.025286567211151124,0.2029990005493164,0.5126432836055755,0.6014995002746581,-0.69144165929131,0.7045760942606891,0.1596275640133399,-0.0324776230635857,-1.8608307301602036,0
12.789999999999772,,,,,15.967896,-1.1991512,-2.8099074,0.71408725,6.6696754,-6.7249455,0.9123079,-0.32204676,-0.062348366,-0.16464195,-0.9302131,-9.148263,10.379187,0.36414534,-1.1991512,-2.8099074,0.71408725,1,0.025286567211151124,0.2029990005493164,0.5126432836055755,0.6014995002746581,-0.69144165929131,0.7045760942606891,0.1596275640133399,-0.0324776230635857,-1.8608307301602036,0
12.799999999999772,,,,,15.967896,-1.1991512,-2.8099074,0.71408725,6.578373,-6.6209455,0.9162084,-0.32137287,-0.07406621,-0.15429755,-0.93135965,-9.111904,10.42011,0.41604152,-1.1991512,-2.8099074,0.71408725,1,0.025286567211151124,0.2029990005493164,0.5126432836055755,0.6014995002746581,-0.69144165929131,0.7045760942606891,0.1596275640133399,-0.0324776230635857,-1.8608307301602036,0
12.809999999999771,,,,,15.9892025,-1.0386282,-2.8014112,1.0329494,6.487446,-6.5165577,0.9206304,-0.32061988,-0.08576581,-0.14391519,-0.93227696,-9.073136,10.45682,0.46842405,-1.1991512,-2.8099074,0.71408725,1,-0.06017208576202392,0.11044153849283854,0.46991395711898803,0.5552207692464193,-0.6457130385146045,0.6096260258722365,0.4597942805989003,-0.0994700675797322,-5.699215060199735,0
12.819999999999771,,,,,15.9892025,-1.0386282,-2.8014112,1.0329494,6.3969183,-6.4118237,0.92557895,-0.31822616,-0.09789131,-0.13412228,-0.9333624,-9.031858,10.489416,0.5213118,-1.0386282,-2.8014112,1.0329494,1,-0.06017208576202392,0.11044153849283854,0.46991395711898803,0.5552207692464193,-0.6457130385146045,0.6096260258722365,0.4597942805989003,-0.0994700675797322,-5.699215060199735,0
12.829999999999771,,,,,15.9892025,-1.0386282,-2.8014112,1.0329494,6.3068166,-6.3067837,0.931057,-0.31575295,-0.109992355,-0.124295846,-0.9342147,-8.988038,10.517971,0.5743016,-1.0386282,-2.8014112,1.0329494,1,-0.06017208576202392,0.11044153849283854,0.46991395711898803,0.5552207692464193,-0.6457130385146045,0.6096260258722365,0.4597942805989003,-0.0994700675797322,-5.699215060199735,0
12.83999999999977,,,,,15.9892025,-1.0386282,-2.8014112,1.0329494,6.217166,-6.201478,0.93706477,-0.31320086,-0.12206592,-0.11443836,-0.9348335,-8.941674,10.542482,0.62724227,-1.0386282,-2.8014112,1.0329494,1,-0.06017208576202392,0.11044153849283854,0.46991395711898803,0.5552207692464193,-0.6457130385146045,0.6096260258722365,0.4597942805989003,-0.0994700675797322,-5.699215060199735,0
12.84999999999977,,,,,16.254791,-1.0126787,-3.0448103,1.1166453,6.127992,-6.0959477,0.9436011,-0.3105705,-0.13410899,-0.10455229,-0.93521893,-8.892769,10.562954,0.679983,-1.0386282,-2.8014112,1.0329494,1,-0.06017208576202392,0.11044153849283854,0.46991395711898803,0.5552207692464193,-0.6457130385146045,0.6096260258722365,0.4597942805989003,-0.0994700675797322,-5.699215060199735,0
12.85999999999977,,,,,16.254791,-1.0126787,-3.0448103,1.1166453,6.0393243,-5.990232,0.9506756,-0.30757508,-0.14733803,-0.09432541,-0.9353056,-8.840349,10.579587,0.7348382,-1.0126787,-3.0448103,1.1166453,1,-0.06017208576202392,0.11044153849283854,0.46991395711898803,0.5552207692464193,-0.6457130385146045,0.6096260258722365,0.4597942805989003,-0.0994700675797322,-5.699215060199735,0
12.86999999999977,,,,,16.254791,-1.0126787,-3.0448103,1.1166453,5.9511952,-5.8843713,0.9582957,-0.30449086,-0.16052453,-0.08407131,-0.9351224,-8.785032,10.591928,0.7890781,-1.0126787,-3.0448103,1.1166453,1,0.010340447425842286,-0.1145721435546875,0.5051702237129212,0.44271392822265626,-0.3982840169979132,0.5228498603204204,0.7536563310733371,0.041434717840363344,2.3740344575682366,0
12.87999999999977,,,,,16.254791,-1.0126787,-3.0448103,1.1166453,5.8636336,-5.778408,0.96645445,-0.3013188,-0.17366472,-0.07379295,-0.9346693,-8.7268305,10.5999975,0.8425272,-1.0126787,-3.0448103,1.1166453,1,0.010340447425842286,-0.1145721435546875,0.5051702237129212,0.44271392822265626,-0.3982840169979132,0.5228498603204204,0.7536563310733371,0.041434717840363344,2.3740344575682366,0
12.88999999999977,,,,,17.007242,-1.1535534,-2.7065363,1.3031213,5.776669,-5.672386,0.9751429,-0.29805976,-0.1867548,-0.0634933,-0.9339466,-8.66576,10.60382,0.8950109,-1.0126787,-3.0448103,1.1166453,1,0.010340447425842286,-0.1145721435546875,0.5051702237129212,0.44271392822265626,-0.3982840169979132,0.5228498603204204,0.7536563310733371,0.041434717840363344,2.3740344575682366,0
12.89999999999977,,,,,17.007242,-1.1535534,-2.7065363,1.3031213,5.6903434,-5.5663466,0.98438555,-0.2938725,-0.19806351,-0.052848384,-0.93360674,-8.599089,10.603459,0.9533639,-1.1535534,-2.7065363,1.3031213,1,0.010340447425842286,-0.1145721435546875,0.5051702237129212,0.44271392822265626,-0.3982840169979132,0.5228498603204204,0.7536563310733371,0.041434717840363344,2.3740344575682366,0
12.90999999999977,,,,,17.007242,-1.1535534,-2.7065363,1.3031213,5.604696,-5.4603314,0.9942063,-0.28960922,-0.20932093,-0.042189788,-0.9330252,-8.530005,10.59886,1.010599,-1.1535534,-2.7065363,1.3031213,1,0.010340447425842286,-0.1145721435546875,0.5051702237129212,0.44271392822265626,-0.3982840169979132,0.5228498603204204,0.7536563310733371,0.041434717840363344,2.3740344575682366,0
12.919999999999769,,,,,17.007242,-1.1535534,-2.7065363,1.3031213,5.519751,-5.3543835,1.0045931,-0.28527096,-0.22052419,-0.031520274,-0.9322021,-8.45852,10.590061,1.0665605,-1.1535534,-2.7065363,1.3031213,1,0.010340447425842286,-0.1145721435546875,0.5051702237129212,0.44271392822265626,-0.3982840169979132,0.5228498603204204,0.7536563310733371,0.041434717840363344,2.3740344575682366,0
12.929999999999769,,,,,17.766804,-1.1317323,-2.1427727,1.6449008,5.4355335,-5.2485447,1.0155327,-0.2808588,-0.23167035,-0.0208426,-0.9311377,-8.384642,10.577106,1.1210938,-1.1535534,-2.7065363,1.3031213,1,0.010340447425842286,-0.1145721435546875,0.5051702237129212,0.44271392822265626,-0.3982840169979132,0.5228498603204204,0.7536563310733371,0.041434717840363344,2.3740344575682366,0
12.939999999999769,,,,,17.766804,-1.1317323,-2.1427727,1.6449008,5.3520823,-5.1428585,1.027044,-0.274705,-0.24020343,-0.010657281,-0.93098366,-8.305246,10.559492,1.1809515,-1.1317323,-2.1427727,1.6449008,1,0.06783050537109375,-0.25683560689290363,0.5339152526855468,0.3715821965535482,-0.17347040617632697,0.34564241075136215,0.9221926816403432,0.20131780081035622,11.534660327288796,0
12.949999999999768,,,,,17.766804,-1.1317323,-2.1427727,1.6449008,5.2694345,-5.037368,1.0391471,-0.2684923,-0.24868499,-0.0004696746,-0.93062997,-8.224077,10.538198,1.2394487,-1.1317323,-2.1427727,1.6449008,1,0.06783050537109375,-0.25683560689290363,0.5339152526855468,0.3715821965535482,-0.17347040617632697,0.34564241075136215,0.9221926816403432,0.20131780081035622,11.534660327288796,0
12.959999999999768,,,,,17.766804,-1.1317323,-2.1427727,1.6449008,5.187607,-4.9321074,1.0518279,-0.262222,-0.25711322,0.009718033,-0.9300767,-8.141125,10.513274,1.2964694,-1.1317323,-2.1427727,1.6449008,1,0.06783050537109375,-0.25683560689290363,0.5339152526855468,0.3715821965535482,-0.17347040617632697,0.34564241075136215,0.9221926816403432,0.20131780081035622,11.534660327288796,0
12.969999999999768,,,,,18.043316,-0.85718614,-2.2348197,2.1691391,5.106618,-4.8271146,1.0650711,-0.25589547,-0.2654863,0.019903654,-0.9293239,-8.056385,10.484773,1.3518991,-1.1317323,-2.1427727,1.6449008,1,0.06783050537109375,-0.25683560689290363,0.5339152526855468,0.3715821965535482,-0.17347040617632697,0.34564241075136215,0.9221926816403432,0.20131780081035622,11.534660327288796,0
12.979999999999768,,,,,18.043316,-0.85718614,-2.2348197,2.1691391,5.026492,-4.722426,1.0788717,-0.24669877,-0.274523,0.029622437,-0.9289262,-7.9683685,10.452383,1.4079376,-0.85718614,-2.2348197,2.1691391,1,0.06783050537109375,-0.25683560689290363,0.5339152526855468,0.3715821965535482,-0.17347040617632697,0.34564241075136215,0.9221926816403432,0.20131780081035622,11.534660327288796,0
12.989999999999768,,,,,18.043316,-0.85718614,-2.2348197,2.1691391,4.9472575,-4.6180773,1.093223,-0.23743773,-0.2834881,0.039333496,-0.9282863,-7.878154,10.416845,1.4619993,-0.85718614,-2.2348197,2.1691391,1,0.06783050537109375,-0.25683560689290363,0.5339152526855468,0.3715821965535482,-0.17347040617632697,0.34564241075136215,0.9221926816403432,0.20131780081035622,11.534660327288796,0
12.999999999999767,,,,,18.043316,-0.85718614,-2.2348197,2.1691391,4.868936,-4.514099,1.1081045,-0.22811475,-0.29237926,0.04903429,-0.92740417,-7.785728,10.3782425,1.5139725,-0.85718614,-2.2348197,2.1691391,1,0.06783050537109375,-0.25683560689290363,0.5339152526855468,0.3715821965535482,-0.17347040617632697,0.34564241075136215,0.9221926816403432,0.20131780081035622,11.534660327288796,0
13.009999999999767,,,,,17.19404,-1.4635229,-1.5160027,1.9496655,4.79155,-4.4105225,1.1234949,-0.21873228,-0.30119416,0.058722295,-0.9262801,-7.691079,10.336661,1.5637481,-0.85718614,-2.2348197,2.1691391,1,-0.06580648899078369,-0.2137843068440755,0.46709675550460816,0.39310784657796227,-0.2079221722789168,0.055520351307300514,0.9765684107452638,-0.6701720199127932,-38.398028288760415,2
13.019999999999767,,,,,17.19404,-1.4635229,-1.5160027,1.9496655,4.7150984,-4.3073664,1.139338,-0.21143922,-0.30601114,0.07008815,-0.92560416,-7.5992637,10.294099,1.6046478,-1.4635229,-1.5160027,1.9496655,1,-0.06580648899078369,-0.2137843068440755,0.46709675550460816,0.39310784657796227,-0.2079221722789168,0.055520351307300514,0.9765684107452638,-0.6701720199127932,-38.398028288760415,2
13.029999999999767,,,,,17.19404,-1.4635229,-1.5160027,1.9496655,4.6395683,-4.204651,1.1555825,-0.20410259,-0.31076506,0.081439555,-0.9247375,-7.5066586,10.248355,1.644004,-1.4635229,-1.5160027,1.9496655,1,-0.06580648899078369,-0.2137843068440755,0.46709675550460816,0.39310784657796227,-0.2079221722789168,0.055520351307300514,0.9765684107452638,-0.6701720199127932,-38.398028288760415,2
13.039999999999766,,,,,17.19404,-1.4635229,-1.5160027,1.9496655,4.5649686,-4.102409,1.1722126,-0.19672391,-0.31545496,0.09277419,-0.9236804,-7.4132466,10.199479,1.6817268,-1.4635229,-1.5160027,1.9496655,1,-0.06580648899078369,-0.2137843068440755,0.46709675550460816,0.39310784657796227,-0.2079221722789168,0.055520351307300514,0.9765684107452638,-0.6701720199127932,-38.398028288760415,2
13.049999999999766,,,,,17.737595,-1.7430981,-1.212305,2.4022326,4.491307,-4.000672,1.1892112,-0.1893047,-0.32007983,0.10408971,-0.922433,-7.3190126,10.147525,1.7177277,-1.4635229,-1.5160027,1.9496655,1,-0.06580648899078369,-0.2137843068440755,0.46709675550460816,0.39310784657796227,-0.2079221722789168,0.055520351307300514,0.9765684107452638,-0.6701720199127932,-38.398028288760415,2
13.059999999999766,,,,,17.737595,-1.7430981,-1.212305,2.4022326,4.418606,-3.899478,1.2065823,-0.18035997,-0.32272983,0.11710724,-0.92174095,-7.221157,10.090694,1.7562138,-1.7430981,-1.212305,2.4022326,1,-0.06580648899078369,-0.2137843068440755,0.46709675550460816,0.39310784657796227,-0.2079221722789168,0.055520351307300514,0.9765684107452638,-0.6701720199127932,-38.398028288760415,2
13.069999999999766,,,,,17.737595,-1.7430981,-1.212305,2.4022326,4.346885,-3.7988694,1.22433,-0.1713689,-0.3252969,0.13009468,-0.920812,-7.123005,10.0304985,1.7930353,-1.7430981,-1.212305,2.4022326,1,-0.08056684494018555,-0.1883184560139974,0.45971657752990724,0.4058407719930013,-0.2231186155015244,-0.12503768744901889,0.9667386721002138,-1.4641005159591058,-83.88678034738298,2
13.079999999999766,,,,,17.737595,-1.7430981,-1.212305,2.4022326,4.276147,-3.6988795,1.242437,-0.1623338,-0.3277804,0.14304869,-0.9196464,-7.0245247,9.966995,1.8280894,-1.7430981,-1.212305,2.4022326,1,-0.08056684494018555,-0.1883184560139974,0.45971657752990724,0.4058407719930013,-0.2231186155015244,-0.12503768744901889,0.9667386721002138,-1.4641005159591058,-83.88678034738298,2
13.089999999999765,,,,,18.404142,-1.2866331,0.09583835,2.9499383,4.2063956,-3.5995405,1.2608854,-0.15325698,-0.33017963,0.15596594,-0.91824454,-6.925686,9.900242,1.8612753,-1.7430981,-1.212305,2.4022326,1,-0.08056684494018555,-0.1883184560139974,0.45971657752990724,0.4058407719930013,-0.2231186155015244,-0.12503768744901889,0.9667386721002138,-1.4641005159591058,-83.88678034738298,2
13.099999999999765,,,,,18.404142,-1.2866331,0.09583835,2.9499383,4.137652,-3.5008972,1.2796819,-0.14189263,-0.32641062,0.16664909,-0.9195408,-6.823273,9.828109,1.8980064,-1.2866331,0.09583835,2.9499383,1,-0.08056684494018555,-0.1883184560139974,0.45971657752990724,0.4058407719930013,-0.2231186155015244,-0.12503768744901889,0.9667386721002138,-1.4641005159591058,-83.88678034738298,2
13.109999999999765,,,,,18.404142,-1.2866331,0.09583835,2.9499383,4.0699267,-3.4029856,1.298844,-0.13049148,-0.32255697,0.17728905,-0.92059886,-6.7218714,9.753863,1.9343538,-1.2866331,0.09583835,2.9499383,1,-0.08056684494018555,-0.1883184560139974,0.45971657752990724,0.4058407719930013,-0.2231186155015244,-0.12503768744901889,0.9667386721002138,-1.4641005159591058,-83.88678034738298,2
13.119999999999765,,,,,18.404142,-1.2866331,0.09583835,2.9499383,4.003211,-3.305827,1.3183675,-0.11905652,-0.31861976,0.18788306,-0.92141825,-6.621448,9.677501,1.9702492,-1.2866331,0.09583835,2.9499383,1,-0.08056684494018555,-0.1883184560139974,0.45971657752990724,0.4058407719930013,-0.2231186155015244,-0.12503768744901889,0.9667386721002138,-1.4641005159591058,-83.88678034738298,2
13.129999999999765,,,,,18.969944,-0.45308927,0.78129005,3.1601999,3.9374945,-3.2094426,1.3382473,-0.10759072,-0.31459996,0.1984284,-0.9219989,-6.5219674,9.599022,2.0056243,-1.2866331,0.09583835,2.9499383,1,-0.08056684494018555,-0.1883184560139974,0.45971657752990724,0.4058407719930013,-0.2231186155015244,-0.12503768744901889,0.9667386721002138,-1.4641005159591058,-83.88678034738298,2
13.139999999999764,,,,,18.969944,-0.45308927,0.78129005,3.1601999,3.872783,-3.1138647,1.3584999,-0.09449614,-0.30757692,0.20504075,-0.9243538,-6.4205556,9.516517,2.0449808,-0.45308927,0.78129005,3.1601999,1,-0.14768754959106445,-0.25336346944173177,0.4261562252044678,0.37331826527913414,-0.2394011768204964,-0.3946280756596745,0.8871052690848501,-2.0027714003977817,-114.75034857229842,2
13.149999999999764,,,,,18.969944,-0.45308927,0.78129005,3.1601999,3.8090782,-3.019115,1.3791492,-0.08137603,-0.30047083,0.21159774,-0.926459,-6.320578,9.433315,2.0849667,-0.45308927,0.78129005,3.1601999,1,-0.14768754959106445,-0.25336346944173177,0.4261562252044678,0.37331826527913414,-0.2394011768204964,-0.3946280756596745,0.8871052690848501,-2.0027714003977817,-114.75034857229842,2
13.159999999999764,,,,,18.969944,-0.45308927,0.78129005,3.1601999,3.7463663,-2.925201,1.4002013,-0.06823395,-0.2932836,0.21809757,-0.9283141,-6.2220335,9.349382,2.1255393,-0.45308927,0.78129005,3.1601999,1,-0.14768754959106445,-0.25336346944173177,0.4261562252044678,0.37331826527913414,-0.2394011768204964,-0.3946280756596745,0.8871052690848501,-2.0027714003977817,-114.75034857229842,2
13.169999999999764,,,,,18.82983,0.38621187,1.0620111,3.1045928,3.6846325,-2.83213,1.421662,-0.055073448,-0.28601715,0.22453849,-0.92991847,-6.124922,9.264682,2.1666546,-0.45308927,0.78129005,3.1601999,1,-0.14768754959106445,-0.25336346944173177,0.4261562252044678,0.37331826527913414,-0.2394011768204964,-0.3946280756596745,0.8871052690848501,-2.0027714003977817,-114.75034857229842,2
13.179999999999763,,,,,18.82983,0.38621187,1.0620111,3.1045928,3.6238592,-2.7399054,1.4435321,-0.041271463,-0.27766144,0.22685942,-0.9325987,-6.029979,9.180334,2.2075777,0.38621187,1.0620111,3.1045928,1,-0.14768754959106445,-0.25336346944173177,0.4261562252044678,0.37331826527913414,-0.2394011768204964,-0.3946280756596745,0.8871052690848501,-2.0027714003977817,-114.75034857229842,2
13.189999999999763,,,,,18.82983,0.38621187,1.0620111,3.1045928,3.5640275,-2.6485212,1.4658183,-0.027458223,-0.26922995,0.22911844,-0.9350245,-5.9365683,9.096544,2.2498684,0.38621187,1.0620111,3.1045928,1,-0.14768754959106445,-0.25336346944173177,0.4261562252044678,0.37331826527913414,-0.2394011768204964,-0.3946280756596745,0.8871052690848501,-2.0027714003977817,-114.75034857229842,2
13.199999999999763,,,,,18.82983,0.38621187,1.0620111,3.1045928,3.5051224,-2.5579724,1.488534,-0.013637485,-0.26072496,0.23131493,-0.93719506,-5.8447313,9.013266,2.293496,0.38621187,1.0620111,3.1045928,1,-0.14768754959106445,-0.25336346944173177,0.4261562252044678,0.37331826527913414,-0.2394011768204964,-0.3946280756596745,0.8871052690848501,-2.0027714003977817,-114.75034857229842,2
13.209999999999763,,,,,18.256989,0.13765329,0.29560435,2.9556825,3.4471276,-2.468254,1.5116925,0.00018697232,-0.25214884,0.2334483,-0.9391099,-5.75451,8.930452,2.3384275,0.38621187,1.0620111,3.1045928,1,0.029758076667785644,-0.23850481669108073,0.5148790383338928,0.38074759165445965,-0.30496076121051807,-0.3611102006023675,0.8812481813557514,-1.8678882024098051,-107.02211060035988,2
13.219999999999763,,,,,18.256989,0.13765329,0.29560435,2.9556825,3.3900144,-2.3793495,1.5352839,0.013893505,-0.24728298,0.23650266,-0.9395367,-5.668197,8.850477,2.3799193,0.13765329,0.29560435,2.9556825,1,0.029758076667785644,-0.23850481669108073,0.5148790383338928,0.38074759165445965,-0.30496076121051807,-0.3611102006023675,0.8812481813557514,-1.8678882024098051,-107.02211060035988,2
13.229999999999762,,,,,18.256989,0.13765329,0.29560435,2.9556825,3.3337622,-2.291244,1.5592921,0.027596965,-0.2423625,0.23950474,-0.9397558,-5.582334,8.770649,2.4217722,0.13765329,0.29560435,2.9556825,1,0.029758076667785644,-0.23850481669108073,0.5148790383338928,0.38074759165445965,-0.30496076121051807,-0.3611102006023675,0.8812481813557514,-1.8678882024098051,-107.02211060035988,2
13.239999999999762,,,,,18.256989,0.13765329,0.29560435,2.9556825,3.278366,-2.2039363,1.5837206,0.041294325,-0.23738842,0.24245387,-0.9397672,-5.4969287,8.690955,2.4639812,0.13765329,0.29560435,2.9556825,1,0.029758076667785644,-0.23850481669108073,0.5148790383338928,0.38074759165445965,-0.30496076121051807,-0.3611102006023675,0.8812481813557514,-1.8678882024098051,-107.02211060035988,2
13.249999999999762,,,,,17.978357,-0.6639251,-0.002942454,3.1894825,3.2238219,-2.1174247,1.6085728,0.054982558,-0.23236187,0.24534942,-0.9395708,-5.4119897,8.611381,2.5065403,0.13765329,0.29560435,2.9556825,1,0.029758076667785644,-0.23850481669108073,0.5148790383338928,0.38074759165445965,-0.30496076121051807,-0.3611102006023675,0.8812481813557514,-1.8678882024098051,-107.02211060035988,2
13.259999999999762,,,,,17.978357,-0.6639251,-0.002942454,3.1894825,3.1701186,-2.0317037,1.6338407,0.069190614,-0.22861485,0.25214034,-0.93775153,-5.328638,8.532696,2.5469446,-0.6639251,-0.002942454,3.1894825,1,0.029758076667785644,-0.23850481669108073,0.5148790383338928,0.38074759165445965,-0.30496076121051807,-0.3611102006023675,0.8812481813557514,-1.8678882024098051,-107.02211060035988,2
13.269999999999762,,,,,17.978357,-0.6639251,-0.002942454,3.1894825,3.117249,-1.9467745,1.6595095,0.08338031,-0.22480719,0.2588644,-0.9356834,-5.245268,8.452982,2.5867472,-0.6639251,-0.002942454,3.1894825,1,0.0947831153869629,-0.21715243021647135,0.5473915576934815,0.3914237848917643,-0.34538727426762195,-0.42143700968948755,0.8385096765320987,-1.899672808422224,-108.84323437835762,2
13.279999999999761,,,,,17.978357,-0.6639251,-0.002942454,3.1894825,3.0652134,-1.8626477,1.6855735,0.09754789,-0.22093989,0.26551977,-0.933367,-5.16185,8.37225,2.6259274,-0.6639251,-0.002942454,3.1894825,1,0.0947831153869629,-0.21715243021647135,0.5473915576934815,0.3914237848917643,-0.34538727426762195,-0.42143700968948755,0.8385096765320987,-1.899672808422224,-108.84323437835762,2
13.289999999999761,,,,,17.61036,-1.1794347,0.11576752,3.2287996,3.014012,-1.779333,1.7120259,0.11168958,-0.21701396,0.27210465,-0.930803,-5.0783534,8.290515,2.6644654,-0.6639251,-0.002942454,3.1894825,1,0.0947831153869629,-0.21715243021647135,0.5473915576934815,0.3914237848917643,-0.34538727426762195,-0.42143700968948755,0.8385096765320987,-1.899672808422224,-108.84323437835762,2
13.299999999999761,,,,,17.61036,-1.1794347,0.11576752,3.2287996,2.9636378,-1.6968331,1.7388461,0.125262,-0.21270908,0.2811212,-0.92738336,-4.996497,8.209179,2.699393,-1.1794347,0.11576752,3.2287996,1,0.0947831153869629,-0.21715243021647135,0.5473915576934815,0.3914237848917643,-0.34538727426762195,-0.42143700968948755,0.8385096765320987,-1.899672808422224,-108.84323437835762,2
13.30999999999976,,,,,17.61036,-1.1794347,0.11576752,3.2287996,2.9140823,-1.6151555,1.7660099,0.13879739,-0.20834132,0.2900546,-0.9236894,-4.9145913,8.126084,2.7331986,-1.1794347,0.11576752,3.2287996,1,0.0947831153869629,-0.21715243021647135,0.5473915576934815,0.3914237848917643,-0.34538727426762195,-0.42143700968948755,0.8385096765320987,-1.899672808422224,-108.84323437835762,2
13.31999999999976,,,,,17.61036,-1.1794347,0.11576752,3.2287996,2.8653462,-1.5343174,1.793506,0.15229172,-0.20391192,0.29890224,-0.9197224,-4.832588,8.041262,2.7658389,-1.1794347,0.11576752,3.2287996,1,0.0947831153869629,-0.21715243021647135,0.5473915576934815,0.3914237848917643,-0.34538727426762195,-0.42143700968948755,0.8385096765320987,-1.899672808422224,-108.84323437835762,2
13.32999999999976,,,,,17.030308,-1.6298122,0.19133818,3.1546652,2.8174307,-1.4543362,1.8213226,0.16574101,-0.19942223,0.30766147,-0.91548336,-4.75044,7.954744,2.7972713,-1.1794347,0.11576752,3.2287996,1,0.0947831153869629,-0.21715243021647135,0.5473915576934815,0.3914237848917643,-0.34538727426762195,-0.42143700968948755,0.8385096765320987,-1.899672808422224,-108.84323437835762,2
13.33999999999976,,,,,17.030308,-1.6298122,0.19133818,3.1546652,2.7703245,-1.3752146,1.8494256,0.17823492,-0.1950129,0.31837672,-0.9104083,-4.6707997,7.869234,2.8230584,-1.6298122,0.19133818,3.1546652,1,0.05250642776489258,-0.10492995580037436,0.5262532138824463,0.44753502209981283,-0.4306909090036618,-0.623700121713522,0.6523062923781568,-2.0015781025566906,-114.68197764230182,2
13.34999999999976,,,,,17.030308,-1.6298122,0.19133818,3.1546652,2.7240157,-1.296959,1.8777778,0.1906725,-0.19054192,0.32899132,-0.90504545,-4.5908904,7.7815347,2.8471303,-1.6298122,0.19133818,3.1546652,1,0.05250642776489258,-0.10492995580037436,0.5262532138824463,0.44753502209981283,-0.4306909090036618,-0.623700121713522,0.6523062923781568,-2.0015781025566906,-114.68197764230182,2
13.35999999999976,,,,,17.030308,-1.6298122,0.19133818,3.1546652,2.6785076,-1.2195913,1.906362,0.2030498,-0.1860107,0.33950192,-0.8993965,-4.5106564,7.6917024,2.8694267,-1.6298122,0.19133818,3.1546652,1,0.05250642776489258,-0.10492995580037436,0.5262532138824463,0.44753502209981283,-0.4306909090036618,-0.623700121713522,0.6523062923781568,-2.0015781025566906,-114.68197764230182,2
13.36999999999976,,,,,16.282154,-1.934868,-0.37562716,3.417317,2.6338038,-1.1431321,1.9351602,0.21536292,-0.1814207,0.3499052,-0.8934632,-4.4300423,7.599795,2.8898897,-1.6298122,0.19133818,3.1546652,1,0.05250642776489258,-0.10492995580037436,0.5262532138824463,0.44753502209981283,-0.4306909090036618,-0.623700121713522,0.6523062923781568,-2.0015781025566906,-114.68197764230182,2
13.37999999999976,,,,,16.282154,-1.934868,-0.37562716,3.417317,2.5898914,-1.0675814,1.9641272,0.22948839,-0.1791684,0.36117545,-0.8858842,-4.352215,7.5100594,2.9031475,-1.934868,-0.37562716,3.417317,1,0.05250642776489258,-0.10492995580037436,0.5262532138824463,0.44753502209981283,-0.4306909090036618,-0.623700121713522,0.6523062923781568,-2.0015781025566906,-114.68197764230182,2
13.389999999999759,,,,,16.282154,-1.934868,-0.37562716,3.417317,2.5467644,-0.9929367,1.9932151,0.24352457,-0.17684641,0.37230518,-0.8779606,-4.273013,7.4186425,2.9140432,-1.934868,-0.37562716,3.417317,1,0.05250642776489258,-0.10492995580037436,0.5262532138824463,0.44753502209981283,-0.4306909090036618,-0.623700121713522,0.6523062923781568,-2.0015781025566906,-114.68197764230182,2
