time-since-start [s],throttle_mpc,roll_mpc,pitch_mpc,yaw_mpc,throttle_nw,roll_nw,pitch_nw,yaw_nw,position_x [m],position_y [m],position_z [m],rotation_w [quaternion],rotation_x [quaternion],rotation_y [quaternion],rotation_z [quaternion],velocity_x [m/s],velocity_y [m/s],velocity_z [m/s],omega_x [rad/s],omega_y [rad/s],omega_z [rad/s],network_used
0.0,12.678176933858149,5.999999609672826,-5.999999884291426,-3.894150180091618,7.508237,-1.8316685,-2.5773575,1.6760375,16.658035,-10.491577,1.3071088,-0.123516634,0.39882177,-0.23792987,-0.87696874,-8.7808275,-3.484091,-0.582589,1.3861026,-0.16205937,-0.108736776,0
0.01,12.678176933858149,5.999999609672826,-5.999999884291426,-3.894150180091618,10.668882,0.11715053,-3.5407047,0.8141061,16.569641,-10.525943,1.3013128,-0.12757328,0.39668754,-0.24374254,-0.8757588,-8.897382,-3.3890178,-0.5769678,1.5232842,-0.49033582,-0.24240862,0
0.02,12.678176933858149,5.999999609672826,-5.999999884291426,-3.894150180091618,10.668882,0.11715053,-3.5407047,0.8141061,16.4801,-10.559356,1.2955616,-0.13287774,0.39319074,-0.24970719,-0.87486607,-9.010057,-3.2934961,-0.5736018,1.6754732,-0.803895,-0.37278,0
0.03,12.678176933858149,5.999999609672826,-5.999999884291426,-3.894150180091618,10.668882,0.11715053,-3.5407047,0.8141061,16.389454,-10.591809,1.2898341,-0.13942811,0.38837096,-0.25588536,-0.87421405,-9.118438,-3.197414,-0.5721425,1.839833,-1.1045325,-0.49996802,0
0.04,12.678176933858149,5.999999609672826,-5.999999884291426,-3.894150180091618,11.906866,-0.22705688,-4.394034,0.28956926,16.297749,-10.623301,1.2841132,-0.14721665,0.38225767,-0.2623233,-0.8737234,-9.222127,-3.1006663,-0.5722916,2.0139594,-1.3937529,-0.6240832,0
0.05,12.678176933858149,5.999999609672826,-5.999999884291426,-3.894150180091618,11.906866,-0.22705688,-4.394034,0.28956926,16.20503,-10.653821,1.2783836,-0.1562301,0.37487182,-0.26905385,-0.8733116,-9.320742,-3.0031667,-0.5737977,2.1958132,-1.6728184,-0.7452299,0
0.060000000000000005,12.678176933858149,5.999999609672826,-5.999999884291426,-3.894150180091618,11.906866,-0.22705688,-4.394034,0.28956926,16.111355,-10.683362,1.2726332,-0.1664499,0.3662273,-0.2760982,-0.8728927,-9.413911,-2.9048524,-0.57645226,2.3836656,-1.9427862,-0.86350685,0
0.07,12.678176933858149,5.999999609672826,-5.999999884291426,-3.894150180091618,11.906866,-0.22705688,-4.394034,0.28956926,16.016773,-10.711917,1.2668511,-0.17785229,0.35633215,-0.28346688,-0.87237734,-9.501276,-2.8056924,-0.58008707,2.5760527,-2.2045424,-0.9790072,0
0.08,14.201349553060906,5.999999592363002,-5.999999900053605,-4.081209450217651,12.740917,0.2602372,-4.6848297,0.5653064,15.92135,-10.739474,1.2610284,-0.19040832,0.34518987,-0.29116103,-0.87167287,-9.582488,-2.7056913,-0.5845719,2.7717338,-2.4588306,-1.0918193,0
0.09,14.201349553060906,5.999999592363002,-5.999999900053605,-4.081209450217651,12.740917,0.2602372,-4.6848297,0.5653064,15.825113,-10.765983,1.2551981,-0.20413049,0.332768,-0.2991892,-0.8706789,-9.663813,-2.5959868,-0.58160657,2.9846532,-2.7213333,-1.2125468,0
0.09999999999999999,14.201349553060906,5.999999592363002,-5.999999900053605,-4.081209450217651,12.740917,0.2602372,-4.6848297,0.5653064,15.7281,-10.79139,1.2493937,-0.21902469,0.3190289,-0.30755147,-0.8692874,-9.737706,-2.4854853,-0.57937765,3.1991954,-2.9777853,-1.3304664,0
0.10999999999999999,14.201349553060906,5.999999592363002,-5.999999900053605,-4.081209450217651,12.740917,0.2602372,-4.6848297,0.5653064,15.630387,-10.81569,1.243608,-0.2350436,0.30396497,-0.3162238,-0.867388,-9.803799,-2.3743248,-0.5778501,3.4145463,-3.2285666,-1.4456657,0
0.11999999999999998,14.201349553060906,5.999999592363002,-5.999999900053605,-4.081209450217651,12.740917,0.2602372,-4.6848297,0.5653064,15.532054,-10.838876,1.2378341,-0.25213352,0.2875684,-0.32517448,-0.8648666,-9.86174,-2.2627008,-0.57702523,3.6300173,-3.4739952,-1.5582277,0
0.12999999999999998,16.05392222372616,5.255113075968409,-5.999999850124327,-3.6231436756528974,13.194178,0.10850327,-4.724335,0.5753352,15.433184,-10.860944,1.2320648,-0.27023405,0.26983234,-0.33436465,-0.86160547,-9.911205,-2.1508665,-0.57693934,3.845025,-3.714338,-1.6682311,0
0.13999999999999999,16.05392222372616,5.255113075968409,-5.999999850124327,-3.6231436756528974,13.194178,0.10850327,-4.724335,0.5753352,15.333852,-10.88187,1.2263125,-0.28936931,0.25045395,-0.34368783,-0.8575643,-9.953673,-2.0341754,-0.57332236,4.0642867,-4.0712776,-1.7641592,0
0.15,16.05392222372616,5.255113075968409,-5.999999850124327,-3.6231436756528974,13.194178,0.10850327,-4.724335,0.5753352,15.234139,-10.901621,1.2206025,-0.30946052,0.22931096,-0.35297367,-0.85267806,-9.987259,-1.9156625,-0.56850207,4.2493906,-4.372526,-1.8553802,0
0.16,16.986825848162404,3.1075965559639203,-5.563864375335059,-1.3002647770866873,14.018675,-0.6447768,-4.8745956,0.860344,15.13414,-10.920179,1.2149464,-0.33030105,0.20664816,-0.36209726,-0.8468075,-10.01129,-1.795839,-0.56253487,4.4056644,-4.6267676,-1.9421247,0
0.17,16.986825848162404,3.1075965559639203,-5.563864375335059,-1.3002647770866873,14.018675,-0.6447768,-4.8745956,0.860344,15.033945,-10.9375,1.2093856,-0.35123172,0.18301824,-0.37035125,-0.84022623,-10.026068,-1.6683309,-0.5494171,4.2031446,-4.772565,-1.9106284,0
0.18000000000000002,16.986825848162404,3.1075965559639203,-5.563864375335059,-1.3002647770866873,14.018675,-0.6447768,-4.8745956,0.860344,14.933657,-10.953547,1.2039615,-0.37172323,0.15889256,-0.37720716,-0.8332403,-10.030097,-1.540971,-0.53522575,4.0322366,-4.895676,-1.8806778,0
0.19000000000000003,16.986825848162404,3.1075965559639203,-5.563864375335059,-1.3002647770866873,14.018675,-0.6447768,-4.8745956,0.860344,14.833382,-10.968324,1.1986846,-0.39177442,0.13435763,-0.3828083,-0.8257834,-10.023455,-1.4146469,-0.5199932,3.8880048,-4.9996305,-1.8521967,0
0.20000000000000004,16.867324419942346,1.9712917260103269,-4.35015343462853,-1.0878095451521985,13.53326,-1.6105978,-3.0904856,0.56390357,14.733224,-10.981846,1.1935649,-0.4113778,0.10948778,-0.3872764,-0.8178002,-10.006266,-1.2901976,-0.50379944,3.7662845,-5.087409,-1.8251133,0
0.21000000000000005,16.867324419942346,1.9712917260103269,-4.35015343462853,-1.0878095451521985,13.53326,-1.6105978,-3.0904856,0.56390357,14.63329,-10.99414,1.1886073,-0.43027106,0.08492477,-0.3905562,-0.8093948,-9.978941,-1.169263,-0.48757443,3.486611,-4.9720187,-1.7889335,0
0.22000000000000006,16.867324419942346,1.9712917260103269,-4.35015343462853,-1.0878095451521985,13.53326,-1.6105978,-3.0904856,0.56390357,14.53368,-11.00524,1.1838157,-0.44827273,0.061189674,-0.3926456,-0.8007098,-9.941889,-1.0516237,-0.47064924,3.2505205,-4.874691,-1.7545291,0
0.23000000000000007,16.867324419942346,1.9712917260103269,-4.35015343462853,-1.0878095451521985,13.53326,-1.6105978,-3.0904856,0.56390357,14.434485,-11.015184,1.1791962,-0.4654777,0.03817583,-0.39370835,-0.7917488,-9.895705,-0.9378337,-0.4531545,3.0512216,-4.792597,-1.7218128,0
0.24000000000000007,16.867324419942346,1.9712917260103269,-4.35015343462853,-1.0878095451521985,13.269011,-2.156499,-1.4045199,0.4660537,14.335795,-11.024013,1.174754,-0.48196176,0.015790524,-0.3938795,-0.7825099,-9.840946,-0.82837766,-0.435218,2.8829803,-4.7233505,-1.6907022,0
0.25000000000000006,16.867324419942346,1.9712917260103269,-4.35015343462853,-1.0878095451521985,13.269011,-2.156499,-1.4045199,0.4660537,14.237694,-11.03177,1.1704928,-0.4977854,-0.0060460847,-0.3932707,-0.77298814,-9.7781315,-0.72368336,-0.4169675,2.740957,-4.664942,-1.661118,0
0.26000000000000006,16.867324419942346,1.9712917260103269,-4.35015343462853,-1.0878095451521985,13.269011,-2.156499,-1.4045199,0.4660537,14.140258,-11.038505,1.1664152,-0.5129966,-0.027402148,-0.3919743,-0.763177,-9.707752,-0.6241321,-0.39853248,2.6210659,-4.6156726,-1.6329857,0
0.2700000000000001,16.867324419942346,1.9712917260103269,-4.35015343462853,-1.0878095451521985,13.269011,-2.156499,-1.4045199,0.4660537,14.043563,-11.044271,1.1625224,-0.5276334,-0.048335332,-0.39006692,-0.75306964,-9.630271,-0.5300656,-0.38004503,2.519858,-4.5741134,-1.6062337,0
0.2800000000000001,16.433128889630275,0.09852768440013232,-2.3504341737138854,0.05814892078448976,13.954632,-2.5673945,0.43300846,0.41106346,13.947677,-11.049126,1.1588141,-0.54172575,-0.068894,-0.38761204,-0.7426595,-9.546132,-0.44179225,-0.36164045,2.434421,-4.5390573,-1.5807945,0
0.2900000000000001,16.433128889630275,0.09852768440013232,-2.3504341737138854,0.05814892078448976,13.954632,-2.5673945,0.43300846,0.41106346,13.852651,-11.053139,1.1552739,-0.55494916,-0.08817364,-0.38454336,-0.7323815,-9.458157,-0.36166117,-0.34643242,2.0707123,-4.1972585,-1.5003711,0
0.3000000000000001,16.433128889630275,0.09852768440013232,-2.3504341737138854,0.05814892078448976,13.954632,-2.5673945,0.43300846,0.41106346,13.758531,-11.056379,1.1518847,-0.5670909,-0.10547145,-0.38085273,-0.72265786,-9.364981,-0.28732634,-0.33142552,1.7636286,-3.9088588,-1.4238939,0
0.3100000000000001,16.433128889630275,0.09852768440013232,-2.3504341737138854,0.05814892078448976,13.954632,-2.5673945,0.43300846,0.41106346,13.665366,-11.058905,1.1486448,-0.57831573,-0.121098034,-0.37665802,-0.7134525,-9.267412,-0.2186028,-0.3165715,1.5043571,-3.665511,-1.3511697,0
0.3200000000000001,16.144618345903837,-2.063703054769997,0.060927973622275554,1.8956239765934573,15.238293,-3.9489217,2.0579288,1.8516867,13.573196,-11.06077,1.145553,-0.58875555,-0.135317,-0.37205037,-0.7047228,-9.166126,-0.15530606,-0.30181617,1.2854557,-3.460174,-1.282014,0
0.3300000000000001,16.144618345903837,-2.063703054769997,0.060927973622275554,1.8956239765934573,15.238293,-3.9489217,2.0579288,1.8516867,13.482053,-11.06203,1.142607,-0.59816474,-0.14725289,-0.36695793,-0.6970344,-9.062268,-0.097476244,-0.28762203,0.7428772,-2.9315474,-1.1280222,0
0.34000000000000014,16.144618345903837,-2.063703054769997,0.060927973622275554,1.8956239765934573,15.238293,-3.9489217,2.0579288,1.8516867,13.391953,-11.062737,1.1397965,-0.60633504,-0.15623482,-0.36144093,-0.6908752,-8.957461,-0.04485248,-0.27448574,0.30383244,-2.466461,-0.97983205,0
0.35000000000000014,16.144618345903837,-2.063703054769997,0.060927973622275554,1.8956239765934573,15.238293,-3.9489217,2.0579288,1.8516867,13.302908,-11.06294,1.1371186,-0.61343265,-0.1627469,-0.35565728,-0.68609136,-8.851463,0.0038360944,-0.26097152,-0.06493914,-2.072085,-0.83873254,0
0.36000000000000015,17.72414825916004,-4.003908096659552,3.0491624912143998,2.2201579827399818,16.23338,-5.1831183,2.590045,2.7681782,13.214926,-11.062672,1.1345795,-0.6196106,-0.16719808,-0.3496645,-0.6825408,-8.744809,0.049246974,-0.24670321,-0.3763096,-1.7393042,-0.7045569,0
0.37000000000000016,17.72414825916004,-4.003908096659552,3.0491624912143998,2.2201579827399818,16.23338,-5.1831183,2.590045,2.7681782,13.128063,-11.061942,1.1322433,-0.62467796,-0.16864747,-0.3437091,-0.6805874,-8.627649,0.09616116,-0.22035903,-0.94159204,-0.99237126,-0.5610403,0
0.38000000000000017,17.72414825916004,-4.003908096659552,3.0491624912143998,2.2201579827399818,16.23338,-5.1831183,2.590045,2.7681782,13.042369,-11.060754,1.1301774,-0.628489,-0.166365,-0.33799076,-0.6805044,-8.511299,0.14123684,-0.19258259,-1.4188927,-0.36204588,-0.4245661,0
0.3900000000000002,17.72414825916004,-4.003908096659552,3.0491624912143998,2.2201579827399818,16.23338,-5.1831183,2.590045,2.7681782,12.95783,-11.059119,1.1283977,-0.6311939,-0.16094467,-0.3324686,-0.682023,-8.39661,0.18559556,-0.16303916,-1.8218892,0.16988927,-0.2947887,0
0.4000000000000002,18.70015381175952,-4.859651900129733,4.559064570537186,2.281754580702758,17.551666,-5.7608023,4.1685057,2.7136142,12.874429,-11.057041,1.1269234,-0.63289666,-0.15288213,-0.3270952,-0.68489206,-8.28431,0.23018344,-0.13146897,-2.1621354,0.6188032,-0.17137954,0
0.4100000000000002,18.70015381175952,-4.859651900129733,4.559064570537186,2.281754580702758,17.551666,-5.7608023,4.1685057,2.7136142,12.792165,-11.0545,1.125812,-0.63351667,-0.14196281,-0.32196775,-0.689086,-8.16905,0.27834985,-0.0904187,-2.582837,1.2331306,-0.05100356,0
0.4200000000000002,18.70015381175952,-4.859651900129733,4.559064570537186,2.281754580702758,17.551666,-5.7608023,4.1685057,2.7136142,12.711034,-11.051467,1.1251235,-0.6329665,-0.12803064,-0.31714723,-0.6945349,-8.057817,0.32864618,-0.046869703,-2.9380164,1.751602,0.06346556,0
0.4300000000000002,18.70015381175952,-4.859651900129733,4.559064570537186,2.281754580702758,17.551666,-5.7608023,4.1685057,2.7136142,12.630992,-11.047916,1.1248834,-0.63129634,-0.11154814,-0.31253716,-0.70095795,-7.9514117,0.38198578,-0.0007521976,-3.237866,2.1891832,0.17231764,0
0.4400000000000002,18.70015381175952,-4.859651900129733,4.559064570537186,2.281754580702758,17.1033,-4.697762,5.5218472,4.360172,12.551988,-11.043814,1.1251172,-0.6285378,-0.09290792,-0.30805236,-0.7081043,-7.850578,0.43909547,0.047899228,-3.490995,2.558502,0.2758283,0
0.45000000000000023,18.70015381175952,-4.859651900129733,4.559064570537186,2.281754580702758,17.1033,-4.697762,5.5218472,4.360172,12.47396,-11.03912,1.1258496,-0.62471175,-0.07244542,-0.3036194,-0.71575254,-7.7560143,0.5005352,0.0989536,-3.7046752,2.8702133,0.37425968,0
0.46000000000000024,18.70015381175952,-4.859651900129733,4.559064570537186,2.281754580702758,17.1033,-4.697762,5.5218472,4.360172,12.396844,-11.033788,1.1271037,-0.61983365,-0.050449003,-0.29917657,-0.72370857,-7.66838,0.5667152,0.1521933,-3.8850472,3.1333084,0.467861,0
0.47000000000000025,18.70015381175952,-4.859651900129733,4.559064570537186,2.281754580702758,17.1033,-4.697762,5.5218472,4.360172,12.320566,-11.027769,1.1288999,-0.61391646,-0.027167937,-0.29467288,-0.73180324,-7.588293,0.63791096,0.20732446,-4.037298,3.3553743,0.5568693,0
0.48000000000000026,19.384344839453448,-4.800587013541033,4.897838170349228,2.165173718693168,18.143654,-3.7720098,6.287356,5.0653234,12.245049,-11.021011,1.1312554,-0.6069728,-0.0028189044,-0.29006717,-0.7398896,-7.516332,0.714277,0.26398754,-4.165807,3.542813,0.64150995,0
0.49000000000000027,19.384344839453448,-4.800587013541033,4.897838170349228,2.165173718693168,18.143654,-3.7720098,6.287356,5.0653234,12.170222,-11.013451,1.1342119,-0.59898704,0.02249938,-0.28542587,-0.7478235,-7.4507165,0.7988543,0.32746565,-4.2650704,3.7538795,0.7162765,0
0.5000000000000002,19.384344839453448,-4.800587013541033,4.897838170349228,2.165173718693168,18.143654,-3.7720098,6.287356,5.0653234,12.096003,-11.005016,1.1378069,-0.5899509,0.048694216,-0.2807993,-0.7554721,-7.394595,0.8888631,0.39158282,-4.348849,3.9320388,0.7873744,0
0.5100000000000002,19.384344839453448,-4.800587013541033,4.897838170349228,2.165173718693168,18.143654,-3.7720098,6.287356,5.0653234,12.022296,-10.995655,1.1420438,-0.5798885,0.07559517,-0.2761367,-0.76273376,-7.3484397,0.98423284,0.4557765,-4.4195538,4.082424,0.8549834,0
0.5200000000000002,19.12112832713013,-3.9474601791101716,4.2278527615689825,1.9422610622309875,18.856583,-3.4131403,6.4927373,5.3194,11.948999,-10.985314,1.1469207,-0.56882435,0.10305119,-0.27139753,-0.76952076,-7.3126683,1.0847943,0.519455,-4.4792223,4.2093673,0.91927475,0
0.5300000000000002,19.12112832713013,-3.9474601791101716,4.2278527615689825,1.9422610622309875,18.856583,-3.4131403,6.4927373,5.3194,11.876005,-10.973949,1.1524181,-0.55692035,0.13053665,-0.26666152,-0.77568746,-7.287948,1.188845,0.5798272,-4.396434,4.2121553,0.969473,0
0.5400000000000003,19.12112832713013,-3.9474601791101716,4.2278527615689825,1.9422610622309875,18.856583,-3.4131403,6.4927373,5.3194,11.803205,-10.961521,1.1585115,-0.5443432,0.1576306,-0.26200637,-0.7811499,-7.2738614,1.2973511,0.6385047,-4.3265495,4.214513,1.017208,0
0.5500000000000003,19.12112832713013,-3.9474601791101716,4.2278527615689825,1.9422610622309875,18.856583,-3.4131403,6.4927373,5.3194,11.730491,-10.9479885,1.1651807,-0.5311211,0.18434912,-0.257399,-0.78592044,-7.2703795,1.4098663,0.69493496,-4.2675567,4.216506,1.0626006,0
0.5600000000000003,17.99587102546896,-2.560741345180607,2.9076698530974774,1.6474078475793734,17.776941,-3.398111,4.7491155,4.4215946,11.65776,-10.933312,1.1724007,-0.51727957,0.21070261,-0.25281155,-0.79000753,-7.277456,1.5259296,0.74859387,-4.217758,4.218191,1.1057658,0
0.5700000000000003,17.99587102546896,-2.560741345180607,2.9076698530974774,1.6474078475793734,17.776941,-3.398111,4.7491155,4.4215946,11.584909,-10.917494,1.1800976,-0.5031329,0.23600684,-0.24838535,-0.79338646,-7.293933,1.6380423,0.7902641,-3.9592702,4.0139337,1.1323442,0
0.5800000000000003,17.99587102546896,-2.560741345180607,2.9076698530974774,1.6474078475793734,17.776941,-3.398111,4.7491155,4.4215946,11.511848,-10.900543,1.1881944,-0.48897955,0.25973982,-0.24425389,-0.79609895,-7.31977,1.7525077,0.82857347,-3.7411065,3.8415112,1.1576185,0
0.5900000000000003,17.99587102546896,-2.560741345180607,2.9076698530974774,1.6474078475793734,17.776941,-3.398111,4.7491155,4.4215946,11.438483,-10.882438,1.1966566,-0.47481316,0.28212485,-0.24038084,-0.7982321,-7.3544436,1.8688304,0.86330724,-3.5569775,3.695962,1.1816525,0
0.6000000000000003,17.036805232397295,-0.9440919673463095,1.2993309382018818,1.2900943964872578,18.486471,-2.8004034,3.277712,2.2844446,11.364731,-10.863162,1.2054476,-0.46062306,0.3033494,-0.23673183,-0.79985183,-7.39749,1.9865727,0.8942903,-3.401574,3.573097,1.2045074,0
0.6100000000000003,17.036805232397295,-0.9440919673463095,1.2993309382018818,1.2900943964872578,18.486471,-2.8004034,3.277712,2.2844446,11.290521,-10.842735,1.2144955,-0.4467908,0.32277548,-0.23348953,-0.8010468,-7.445716,2.099007,0.9147356,-3.0180619,3.2187965,1.2087071,0
0.6200000000000003,17.036805232397295,-0.9440919673463095,1.2993309382018818,1.2900943964872578,18.486471,-2.8004034,3.277712,2.2844446,11.215793,-10.82118,1.2237301,-0.4336559,0.33993313,-0.23081504,-0.8019426,-7.5006633,2.2120578,0.93162024,-2.6943996,2.9197042,1.2127007,0
0.6300000000000003,17.036805232397295,-0.9440919673463095,1.2993309382018818,1.2900943964872578,18.486471,-2.8004034,3.277712,2.2844446,11.140485,-10.798493,1.2331163,-0.4211401,0.35518977,-0.22864369,-0.8026224,-7.561573,2.3254478,0.9451204,-2.4212475,2.6672175,1.2164985,0
0.6400000000000003,17.036805232397295,-0.9440919673463095,1.2993309382018818,1.2900943964872578,17.872126,-1.7440047,2.4247594,1.4972048,11.064542,-10.774672,1.2426215,-0.40916777,0.36885175,-0.22691466,-0.8031434,-7.627808,2.4389672,0.955412,-2.1907227,2.4540737,1.2201098,0
0.6500000000000004,17.036805232397295,-0.9440919673463095,1.2993309382018818,1.2900943964872578,17.872126,-1.7440047,2.4247594,1.4972048,10.987912,-10.749714,1.2522141,-0.39766794,0.38117424,-0.22557203,-0.8035441,-7.6988316,2.5524566,0.96266246,-1.9961736,2.274142,1.223544,0
0.6600000000000004,17.036805232397295,-0.9440919673463095,1.2993309382018818,1.2900943964872578,17.872126,-1.7440047,2.4247594,1.4972048,10.910551,-10.723622,1.2618647,-0.3865758,0.39237,-0.2245651,-0.80385005,-7.7741942,2.665792,0.96702653,-1.8319857,2.1222477,1.2268096,0
0.6700000000000004,17.036805232397295,-0.9440919673463095,1.2993309382018818,1.2900943964872578,17.872126,-1.7440047,2.4247594,1.4972048,10.832417,-10.696399,1.271545,-0.37583306,0.4026163,-0.2238484,-0.80407774,-7.8535156,2.7788758,0.9686444,-1.6934209,1.9940215,1.229915,0
0.6800000000000004,16.100652943540805,0.5980469854001602,-0.29382438672183464,0.9292299927141924,15.15167,-0.76632696,1.2800652,1.0353023,10.75347,-10.668046,1.2812285,-0.36538786,0.41206092,-0.2233815,-0.80423737,-7.936477,2.8916295,0.9676405,-1.5764804,1.8857756,1.232868,0
0.6900000000000004,16.100652943540805,0.5980469854001602,-0.29382438672183464,0.9292299927141924,15.15167,-0.76632696,1.2800652,1.0353023,10.6737,-10.638598,1.2908633,-0.35563144,0.420104,-0.22337784,-0.80445063,-8.018015,2.9978242,0.9589633,-1.2370762,1.5461527,1.2179682,0
0.7000000000000004,16.100652943540805,0.5980469854001602,-0.29382438672183464,0.9292299927141924,15.15167,-0.76632696,1.2800652,1.0353023,10.5931015,-10.608091,1.300401,-0.34688917,0.42629343,-0.22401282,-0.80483514,-8.102133,3.1036808,0.94827664,-0.9506505,1.2594453,1.2037998,0
0.7100000000000004,16.100652943540805,0.5980469854001602,-0.29382438672183464,0.9292299927141924,15.15167,-0.76632696,1.2800652,1.0353023,10.511651,-10.576527,1.3098232,-0.33902463,0.4309371,-0.22519845,-0.8053824,-8.18827,3.2092652,0.9359373,-0.7089333,1.0174096,1.1903266,0
0.7200000000000004,15.585470432466558,1.9732362090120017,-1.7962236072669262,0.5644632468627725,14.300577,0.22564952,-0.16570674,0.61788404,10.429331,-10.543906,1.3191149,-0.3319173,0.43428954,-0.22685659,-0.8060764,-8.275964,3.3146532,0.92225236,-0.50494516,0.8130856,1.1775144,0
0.7300000000000004,15.585470432466558,1.9732362090120017,-1.7962236072669262,0.5644632468627725,14.300577,0.22564952,-0.16570674,0.61788404,10.346142,-10.51025,1.328251,-0.3258749,0.43590668,-0.22914533,-0.807021,-8.361941,3.416567,0.9048496,-0.11815399,0.40646446,1.1474319,0
0.7400000000000004,15.585470432466558,1.9732362090120017,-1.7962236072669262,0.5644632468627725,14.300577,0.22564952,-0.16570674,0.61788404,10.26209,-10.4755745,1.3372097,-0.32114202,0.43545082,-0.23218694,-0.808294,-8.4484005,3.5185382,0.8868582,0.208255,0.06319663,1.1188253,0
0.7500000000000004,15.585470432466558,1.9732362090120017,-1.7962236072669262,0.5644632468627725,14.300577,0.22564952,-0.16570674,0.61788404,10.177174,-10.439878,1.3459874,-0.31753138,0.43325415,-0.23586614,-0.8098342,-8.534742,3.620741,0.8686985,0.48371023,-0.2265867,1.0916226,0
0.7600000000000005,15.80539703679052,2.9369736328523572,-2.978252798947336,0.21823851598986418,14.076275,0.69568866,-1.7726337,0.75636274,10.091396,-10.403158,1.3545842,-0.31487948,0.42959052,-0.24008152,-0.8115807,-8.620457,3.7233322,0.8507151,0.7161672,-0.47121716,1.0657547,0
0.7700000000000005,15.80539703679052,2.9369736328523572,-2.978252798947336,0.21823851598986418,14.076275,0.69568866,-1.7726337,0.75636274,10.004762,-10.365402,1.3630091,-0.31335816,0.42419115,-0.2448907,-0.8135703,-8.706268,3.8279119,0.8343482,1.0627491,-0.8619758,1.0241668,0
0.7800000000000005,15.80539703679052,2.9369736328523572,-2.978252798947336,0.21823851598986418,14.076275,0.69568866,-1.7726337,0.75636274,9.917277,-10.326597,1.3712742,-0.313095,0.41684818,-0.25032917,-0.8158088,-8.790357,3.9332037,0.81885153,1.3552232,-1.1918476,0.98461974,0
0.7900000000000005,15.80539703679052,2.9369736328523572,-2.978252798947336,0.21823851598986418,14.076275,0.69568866,-1.7726337,0.75636274,9.828962,-10.286736,1.3793902,-0.31389657,0.40785033,-0.25628284,-0.81819665,-8.87212,4.0393605,0.8045715,1.602039,-1.4703172,0.94701314,0
0.8000000000000005,16.4175105533685,3.3825071972009946,-3.5581164480791254,-0.03328542411410722,14.638695,0.80190796,-3.9614184,1.2546271,9.739844,-10.245807,1.3873708,-0.31559536,0.39743775,-0.26265225,-0.8206437,-8.951027,4.1464953,0.7917695,1.8103269,-1.7053922,0.91125196,0
0.8100000000000005,16.4175105533685,3.3825071972009946,-3.5581164480791254,-0.03328542411410722,14.638695,0.80190796,-3.9614184,1.2546271,9.649939,-10.203781,1.3952482,-0.31820312,0.38557202,-0.26941139,-0.82310265,-9.029517,4.258877,0.78401214,2.055619,-1.9942398,0.8649032,0
0.8200000000000005,16.4175105533685,3.3825071972009946,-3.5581164480791254,-0.03328542411410722,14.638695,0.80190796,-3.9614184,1.2546271,9.559267,-10.160625,1.4030577,-0.32171872,0.3722285,-0.27652887,-0.82551455,-9.103976,4.3724155,0.7781964,2.26262,-2.2380736,0.82082886,0
0.8300000000000005,16.4175105533685,3.3825071972009946,-3.5581164480791254,-0.03328542411410722,14.638695,0.80190796,-3.9614184,1.2546271,9.467875,-10.116329,1.4108193,-0.32598957,0.35761207,-0.28391677,-0.82778937,-9.17387,4.4871335,0.7744675,2.4373095,-2.4439065,0.7789172,0
0.8400000000000005,16.4175105533685,3.3825071972009946,-3.5581164480791254,-0.03328542411410722,14.684364,1.2314303,-4.315066,0.7233656,9.375807,-10.07088,1.4185544,-0.33088392,0.34189644,-0.29149926,-0.82984966,-9.238718,4.6030087,0.77289927,2.5847325,-2.617659,0.7390622,0
0.8500000000000005,16.4175105533685,3.3825071972009946,-3.5581164480791254,-0.03328542411410722,14.684364,1.2314303,-4.315066,0.7233656,9.283117,-10.024265,1.4262848,-0.33628806,0.32522982,-0.299211,-0.8316299,-9.298093,4.719981,0.7735038,2.7091477,-2.7643297,0.7011629,0
0.8600000000000005,16.4175105533685,3.3825071972009946,-3.5581164480791254,-0.03328542411410722,14.684364,1.2314303,-4.315066,0.7233656,9.189863,-9.976476,1.434032,-0.34210393,0.30773953,-0.306996,-0.8330752,-9.35161,4.8379555,0.77624077,2.8141465,-2.8881383,0.6651232,0
0.8700000000000006,16.4175105533685,3.3825071972009946,-3.5581164480791254,-0.03328542411410722,14.684364,1.2314303,-4.315066,0.7233656,9.096106,-9.927503,1.4418168,-0.34824696,0.2895353,-0.31480628,-0.83414024,-9.3989315,4.956806,0.7810249,2.9027605,-2.9926474,0.6308521,0
0.8800000000000006,16.94288786624229,3.3441654485171624,-3.630436877080628,-0.2685817392969362,15.87748,0.7786889,-4.9238586,0.42112,9.001906,-9.877337,1.4496592,-0.3546441,0.27071238,-0.32260096,-0.8347877,-9.4397545,5.076382,0.7877329,2.9775476,-3.0808647,0.59826267,0
0.8900000000000006,16.94288786624229,3.3441654485171624,-3.630436877080628,-0.2685817392969362,15.87748,0.7786889,-4.9238586,0.42112,8.907329,-9.825954,1.4575945,-0.36126176,0.25134423,-0.3303141,-0.8349899,-9.474908,5.200352,0.7996217,3.0346673,-3.1666317,0.5557264,0
0.9000000000000006,16.94288786624229,3.3441654485171624,-3.630436877080628,-0.2685817392969362,15.87748,0.7786889,-4.9238586,0.42112,8.812434,-9.773329,1.4656571,-0.36807254,0.23149766,-0.33789062,-0.834722,-9.502851,5.324681,0.8131617,3.0828743,-3.2390254,0.5152774,0
0.9100000000000006,16.94288786624229,3.3441654485171624,-3.630436877080628,-0.2685817392969362,15.87748,0.7786889,-4.9238586,0.42112,8.717298,-9.71946,1.4738626,-0.37502548,0.21124105,-0.34531295,-0.8339613,-9.523379,5.449139,0.8281559,3.1235604,-3.3001304,0.47681317,0
0.9200000000000006,17.0852890609156,2.812633335646678,-3.2261019084539795,-0.4342504617628586,15.394077,0.89581025,-4.549126,-0.37280732,8.621993,-9.664347,1.4822245,-0.38207582,0.1906345,-0.3525662,-0.83269024,-9.536326,5.5734873,0.8443859,3.1579,-3.351706,0.44023645,0
0.9300000000000006,17.0852890609156,2.812633335646678,-3.2261019084539795,-0.4342504617628586,15.394077,0.89581025,-4.549126,-0.37280732,8.526597,-9.6079855,1.4907587,-0.3891062,0.16995545,-0.35952058,-0.83093673,-9.541623,5.698516,0.86258566,3.103957,-3.3322203,0.39732513,0
0.9400000000000006,17.0852890609156,2.812633335646678,-3.2261019084539795,-0.4342504617628586,15.394077,0.89581025,-4.549126,-0.37280732,8.431187,-9.550378,1.4994788,-0.39603263,0.14943372,-0.3660802,-0.8287414,-9.539192,5.822919,0.88154995,3.0584328,-3.3157644,0.3565195,0
0.9500000000000006,17.0852890609156,2.812633335646678,-3.2261019084539795,-0.4342504617628586,15.394077,0.89581025,-4.549126,-0.37280732,8.335839,-9.49153,1.5083915,-0.40286204,0.12905388,-0.37227902,-0.8261082,-9.529115,5.9464407,0.90103793,3.0200136,-3.301867,0.31771618,0
0.9600000000000006,16.755927130757637,1.9243298485299465,-2.5017205645015554,-0.5237166266783183,15.726263,-0.67607075,-5.196145,1.1477813,8.240631,-9.431454,1.5175006,-0.40959835,0.10880348,-0.37814587,-0.8230406,-9.511474,6.0688353,0.9208133,2.987591,-3.29013,0.28081697,0
0.9700000000000006,16.755927130757637,1.9243298485299465,-2.5017205645015554,-0.5237166266783183,15.726263,-0.67607075,-5.196145,1.1477813,8.145633,-9.370171,1.5267966,-0.41610834,0.08906211,-0.38353348,-0.819648,-9.4868765,6.1875343,0.93837446,2.8216717,-3.167281,0.24133827,0
0.9800000000000006,16.755927130757637,1.9243298485299465,-2.5017205645015554,-0.5237166266783183,15.726263,-0.67607075,-5.196145,1.1477813,8.050917,-9.307708,1.5362676,-0.422303,0.07013478,-0.38834003,-0.8160468,-9.455297,6.3046994,0.95580494,2.6816401,-3.063575,0.20379679,0
0.9900000000000007,16.755927130757637,1.9243298485299465,-2.5017205645015554,-0.5237166266783183,15.726263,-0.67607075,-5.196145,1.1477813,7.9565496,-9.244083,1.5459117,-0.42824066,0.051910453,-0.3926479,-0.81224495,-9.41708,6.4201627,0.9729449,2.563457,-2.9760296,0.16809748,0
1.0000000000000007,16.65288847268981,0.9522042765384573,-1.645411136785796,-0.5479330398706724,15.669369,-1.7036647,-4.9505415,2.1029942,7.8625965,-9.179312,1.555725,-0.43396753,0.034294114,-0.39652562,-0.80824655,-9.372529,6.533774,0.9896515,2.463713,-2.902127,0.13414995,0
1.0100000000000007,16.65288847268981,0.9522042765384573,-1.645411136785796,-0.5479330398706724,15.669369,-1.7036647,-4.9505415,2.1029942,7.7691174,-9.113418,1.5656992,-0.4393776,0.01765208,-0.3998681,-0.80420154,-9.322265,6.6447206,1.0050998,2.2279174,-2.7062125,0.10067995,0
1.0200000000000007,16.65288847268981,0.9522042765384573,-1.645411136785796,-0.5479330398706724,15.669369,-1.7036647,-4.9505415,2.1029942,7.6761694,-9.046424,1.5758249,-0.4444035,0.002270891,-0.40260777,-0.80025387,-9.266492,6.7536426,1.0199363,2.0289068,-2.5408368,0.06885232,0
1.0300000000000007,16.65288847268981,0.9522042765384573,-1.645411136785796,-0.5479330398706724,15.669369,-1.7036647,-4.9505415,2.1029942,7.583805,-8.978351,1.5860957,-0.44912702,-0.0120330285,-0.4048456,-0.79639125,-9.205688,6.8605146,1.034135,1.8609419,-2.4012403,0.038586486,0
1.0400000000000007,16.65288847268981,0.9522042765384573,-1.645411136785796,-0.5479330398706724,15.959665,-2.4347248,-4.694647,2.349231,7.492072,-8.90922,1.5965053,-0.45361322,-0.025416167,-0.40666446,-0.7925982,-9.140263,6.965322,1.0476811,1.7191788,-2.283405,0.009805805,0
1.0500000000000007,16.65288847268981,0.9522042765384573,-1.645411136785796,-0.5479330398706724,15.959665,-2.4347248,-4.694647,2.349231,7.4010143,-8.839051,1.6070471,-0.45791373,-0.03801173,-0.40813252,-0.7888578,-9.07056,7.068055,1.0605663,1.5995297,-2.1839397,-0.017562598,0
1.0600000000000007,16.65288847268981,0.9522042765384573,-1.645411136785796,-0.5479330398706724,15.959665,-2.4347248,-4.694647,2.349231,7.3106737,-8.767865,1.6177143,-0.46206945,-0.049932975,-0.40930596,-0.7851534,-8.99688,7.1687074,1.0727853,1.4985449,-2.0999808,-0.043588046,0
1.0700000000000007,16.65288847268981,0.9522042765384573,-1.645411136785796,-0.5479330398706724,15.959665,-2.4347248,-4.694647,2.349231,7.2210894,-8.6956835,1.6285005,-0.46611273,-0.061276153,-0.4102311,-0.78146863,-8.919469,7.2672734,1.0843341,1.4133124,-2.0291114,-0.06833639,0
1.0800000000000007,16.092578868264653,0.06913113039864482,-1.041221962023499,-0.47025282196423845,15.111134,-2.4656758,-4.1848636,2.390449,7.132296,-8.622527,1.6393986,-0.47006914,-0.07212298,-0.41094634,-0.7777886,-8.83855,7.3637476,1.0952085,1.3413752,-1.9692909,-0.09187035,0
1.0900000000000007,16.092578868264653,0.06913113039864482,-1.041221962023499,-0.47025282196423845,15.111134,-2.4656758,-4.1848636,2.390449,7.044315,-8.548431,1.650384,-0.47387984,-0.0821927,-0.4113233,-0.77427,-8.757171,7.454955,1.1017729,1.1429559,-1.8245611,-0.110437684,0
1.1000000000000008,16.092578868264653,0.06913113039864482,-1.041221962023499,-0.47025282196423845,15.111134,-2.4656758,-4.1848636,2.390449,6.9571624,-8.473434,1.6614321,-0.47750622,-0.09126769,-0.4112683,-0.77104795,-8.672939,7.5441923,1.1077788,0.97548264,-1.702399,-0.12809391,0
1.1100000000000008,16.092578868264653,0.06913113039864482,-1.041221962023499,-0.47025282196423845,15.111134,-2.4656758,-4.1848636,2.390449,6.870865,-8.397555,1.6725379,-0.48099163,-0.09949736,-0.41085544,-0.7680779,-8.586183,7.631521,1.1133295,0.83412856,-1.5992864,-0.14488375,0
1.1200000000000008,15.449287564901372,-0.7360600181009315,-0.411223267030351,-0.3200328299098402,14.417719,-2.9829965,-3.4183888,2.8933816,6.7854457,-8.320811,1.6836975,-0.48437005,-0.10700823,-0.41014555,-0.7653195,-8.497179,7.7169986,1.1185167,0.71482,-1.5122529,-0.1608497,0
1.1300000000000008,15.449287564901372,-0.7360600181009315,-0.411223267030351,-0.3200328299098402,14.417719,-2.9829965,-3.4183888,2.8933816,6.7009096,-8.243238,1.6948868,-0.48758674,-0.11356606,-0.40906364,-0.76290715,-8.409819,7.797341,1.1193155,0.48856717,-1.3405268,-0.16866085,0
1.1400000000000008,15.449287564901372,-0.7360600181009315,-0.411223267030351,-0.3200328299098402,14.417719,-2.9829965,-3.4183888,2.8933816,6.6172547,-8.16487,1.7060834,-0.49060187,-0.11899237,-0.40755573,-0.7609517,-8.320886,7.8760757,1.1200043,0.29759735,-1.1955831,-0.1760887,0
1.1500000000000008,15.449287564901372,-0.7360600181009315,-0.411223267030351,-0.3200328299098402,14.417719,-2.9829965,-3.4183888,2.8933816,6.5344954,-8.085722,1.7172872,-0.493458,-0.12346102,-0.40569466,-0.7593859,-8.230706,7.953323,1.1207385,0.13640817,-1.0732448,-0.18315208,0
1.1600000000000008,14.816248458459071,-1.4116189024510781,0.0999342793265797,-0.12761830361233395,12.247833,-3.0472417,-1.8669256,2.3661058,6.4526434,-8.005809,1.7284989,-0.4961884,-0.1271188,-0.4035401,-0.7581502,-8.139556,8.029187,1.1216532,0.00035538524,-0.9699868,-0.18986887,0
1.1700000000000008,14.816248458459071,-1.4116189024510781,0.0999342793265797,-0.12761830361233395,12.247833,-3.0472417,-1.8669256,2.3661058,6.371688,-7.925159,1.739701,-0.49875367,-0.12980989,-0.40103492,-0.7573399,-8.051447,8.100712,1.1188052,-0.21981895,-0.8031063,-0.1868142,0
1.1800000000000008,14.816248458459071,-1.4116189024510781,0.0999342793265797,-0.12761830361233395,12.247833,-3.0472417,-1.8669256,2.3661058,6.2916155,-7.8437996,1.7508767,-0.5011218,-0.13141812,-0.39813605,-0.75702864,-7.9629483,8.171136,1.1164153,-0.40566105,-0.66225564,-0.18390946,0
1.1900000000000008,14.816248458459071,-1.4116189024510781,0.0999342793265797,-0.12761830361233395,12.247833,-3.0472417,-1.8669256,2.3661058,6.212429,-7.7617407,1.7620314,-0.50332546,-0.13211107,-0.39490637,-0.7571377,-7.874351,8.240586,1.114643,-0.56252426,-0.5433747,-0.18114723,0
1.2000000000000008,13.361343772761844,-1.6994834841106679,0.15901848764318915,0.06912691643604908,11.907433,-3.4379697,-1.4035167,2.4695568,6.1341286,-7.678991,1.7731721,-0.50539005,-0.13203005,-0.39139736,-0.7575985,-7.785902,8.3091755,1.113622,-0.6949274,-0.44303656,-0.17852056,0
1.2100000000000009,13.361343772761844,-1.6994834841106679,0.15901848764318915,0.06912691643604908,11.907433,-3.4379697,-1.4035167,2.4695568,6.0566673,-7.5955925,1.7842588,-0.507323,-0.13122752,-0.38757285,-0.7584118,-7.7064652,8.370334,1.1038504,-0.8515736,-0.34913495,-0.16636842,0
1.2200000000000009,13.361343772761844,-1.6994834841106679,0.15901848764318915,0.06912691643604908,11.907433,-3.4379697,-1.4035167,2.4695568,5.9799976,-7.5115867,1.7952522,-0.509127,-0.129752,-0.3834047,-0.7595745,-7.6275516,8.430865,1.0949739,-0.98379403,-0.2698818,-0.15481259,0
1.2300000000000009,13.361343772761844,-1.6994834841106679,0.15901848764318915,0.06912691643604908,11.907433,-3.4379697,-1.4035167,2.4695568,5.904114,-7.426978,1.8061619,-0.5108137,-0.12770814,-0.37894264,-0.76102626,-7.5493402,8.490829,1.0870938,-1.0953972,-0.20299156,-0.1438238,0
1.2400000000000009,13.361343772761844,-1.6994834841106679,0.15901848764318915,0.06912691643604908,10.798258,-3.4135525,-1.41049,2.5986214,5.829008,-7.3417726,1.8169979,-0.5123925,-0.12518421,-0.37422827,-0.7627153,-7.4719853,8.550272,1.0802908,-1.1895978,-0.14653541,-0.13337426,0
1.2500000000000009,13.361343772761844,-1.6994834841106679,0.15901848764318915,0.06912691643604908,10.798258,-3.4135525,-1.41049,2.5986214,5.754671,-7.2559743,1.8277714,-0.5138709,-0.12225475,-0.3692965,-0.7645974,-7.39562,8.609228,1.0746286,-1.2691094,-0.09888571,-0.12343747,0
1.260000000000001,13.361343772761844,-1.6994834841106679,0.15901848764318915,0.06912691643604908,10.798258,-3.4135525,-1.41049,2.5986214,5.681092,-7.169589,1.8384944,-0.51525503,-0.11898271,-0.36417672,-0.76663506,-7.3203607,8.667728,1.0701563,-1.3362225,-0.058668505,-0.11398829,0
1.270000000000001,13.361343772761844,-1.6994834841106679,0.15901848764318915,0.06912691643604908,10.798258,-3.4135525,-1.41049,2.5986214,5.6082597,-7.0826216,1.8491787,-0.51654994,-0.115421236,-0.35889372,-0.76879644,-7.2463098,8.725792,1.0669103,-1.3928704,-0.024724275,-0.105002776,0
1.280000000000001,11.530011215016435,-1.590727253267871,-0.31203910709568594,0.2611099809500542,9.662313,-3.4338722,-1.7098318,2.4906025,5.5361614,-6.995075,1.8598368,-0.5177601,-0.11161525,-0.3534685,-0.77105457,-7.1735563,8.783438,1.0649163,-1.4406846,0.0039257016,-0.09645818,0
1.290000000000001,11.530011215016435,-1.590727253267871,-0.31203910709568594,0.2611099809500542,9.662313,-3.4338722,-1.7098318,2.4906025,5.464735,-6.9069934,1.8704149,-0.51893234,-0.10777914,-0.34785226,-0.773363,-7.111958,8.832821,1.0508449,-1.4640862,-0.045364007,-0.078912206,0
1.300000000000001,11.530011215016435,-1.590727253267871,-0.31203910709568594,0.2611099809500542,9.662313,-3.4338722,-1.7098318,2.4906025,5.393918,-6.81842,1.8808576,-0.520101,-0.104086466,-0.3420072,-0.77568716,-7.051564,8.881796,1.0378793,-1.483837,-0.08696685,-0.06222722,0
1.310000000000001,11.530011215016435,-1.590727253267871,-0.31203910709568594,0.2611099809500542,9.662313,-3.4338722,-1.7098318,2.4906025,5.3236995,-6.729359,1.8911762,-0.52125275,-0.10051705,-0.33596474,-0.7780219,-6.9923835,8.9303055,1.0260254,-1.5005068,-0.12208158,-0.046360977,0
1.320000000000001,9.883445986175873,-1.4170548095883015,-0.7419446431208498,0.46159618778487777,12.678249,-4.1308618,-3.704633,3.273315,5.254066,-6.639816,1.9013819,-0.5223768,-0.09705362,-0.3297516,-0.78036237,-6.934427,8.978299,1.0152844,-1.5145762,-0.1517197,-0.03127329,0
1.330000000000001,9.883445986175873,-1.4170548095883015,-0.7419446431208498,0.46159618778487777,12.678249,-4.1308618,-3.704633,3.273315,5.184966,-6.549829,1.9114227,-0.5234949,-0.09386028,-0.3233526,-0.78267807,-6.885799,9.01895,0.9930189,-1.499366,-0.2437889,-0.0070880316,0
1.340000000000001,9.883445986175873,-1.4170548095883015,-0.7419446431208498,0.46159618778487777,12.678249,-4.1308618,-3.704633,3.273315,5.116347,-6.459439,1.9212455,-0.5246209,-0.09106773,-0.3167569,-0.7849478,-6.8381963,9.059042,0.9716964,-1.4865253,-0.32149833,0.015910435,0
1.350000000000001,9.883445986175873,-1.4170548095883015,-0.7419446431208498,0.46159618778487777,12.678249,-4.1308618,-3.704633,3.273315,5.048198,-6.368651,1.9308598,-0.52573645,-0.08861697,-0.30999154,-0.7871797,-6.7915854,9.0984955,0.9513063,-1.4756854,-0.3870875,0.03778037,0
1.360000000000001,8.897489169879536,-1.3989554752639437,-0.9807332071813414,0.6696155769626796,12.342363,-3.3816295,-3.5561285,2.9221897,4.9805117,-6.2774715,1.9402747,-0.5268266,-0.08645779,-0.3030793,-0.7893796,-6.7459407,9.137248,0.9318367,-1.4665346,-0.442447,0.058577146,0
1.370000000000001,8.897489169879536,-1.3989554752639437,-0.9807332071813414,0.6696155769626796,12.342363,-3.3816295,-3.5561285,2.9221897,4.913254,-6.1859274,1.94946,-0.527887,-0.08463452,-0.29599267,-0.7915548,-6.705697,9.171451,0.90534025,-1.4559823,-0.5264205,0.08856097,0
1.380000000000001,8.897489169879536,-1.3989554752639437,-0.9807332071813414,0.6696155769626796,12.342363,-3.3816295,-3.5561285,2.9221897,4.8463945,-6.094045,1.9583843,-0.5289103,-0.08318078,-0.2887104,-0.7937125,-6.666275,9.2049,0.87965125,-1.4470739,-0.5972966,0.11707349,0
1.390000000000001,8.897489169879536,-1.3989554752639437,-0.9807332071813414,0.6696155769626796,12.342363,-3.3816295,-3.5561285,2.9221897,4.779926,-6.001832,1.9670558,-0.52988136,-0.08204247,-0.28125885,-0.7958559,-6.627648,9.237533,0.8547591,-1.4395539,-0.65711826,0.14418688,0
1.400000000000001,8.056161790912014,-1.307474689582624,-0.8950148256730994,0.8489679891833909,11.955254,-2.5468762,-3.5301888,2.4457505,4.7138395,-5.9092975,1.9754822,-0.53078836,-0.08117348,-0.27366045,-0.79798675,-6.589796,9.269294,0.8306512,-1.4332061,-0.70760936,0.16996984,0
1.410000000000001,8.056161790912014,-1.307474689582624,-0.8950148256730994,0.8489679891833909,11.955254,-2.5468762,-3.5301888,2.4457505,4.6481104,-5.8164644,1.9836361,-0.5315922,-0.080532566,-0.2659799,-0.80011076,-6.5562105,9.29722,0.800243,-1.4135793,-0.73686373,0.20328847,0
1.420000000000001,8.056161790912014,-1.307474689582624,-0.8950148256730994,0.8489679891833909,11.955254,-2.5468762,-3.5301888,2.4457505,4.5827136,-5.7233562,1.9914894,-0.53226024,-0.08008532,-0.2582698,-0.8022346,-6.5232964,9.324285,0.7705112,-1.3970135,-0.76155406,0.23497215,0
1.430000000000001,8.056161790912014,-1.307474689582624,-0.8950148256730994,0.8489679891833909,11.955254,-2.5468762,-3.5301888,2.4457505,4.517642,-5.6299825,1.9990487,-0.5327932,-0.079804465,-0.25053132,-0.80436,-6.4910407,9.350466,0.7414342,-1.3830316,-0.78239226,0.26510108,0
1.440000000000001,8.056161790912014,-1.307474689582624,-0.8950148256730994,0.8489679891833909,11.927933,-1.4889244,-3.413133,1.6587781,4.45289,-5.5363503,2.0063202,-0.5331923,-0.0796666,-0.24276552,-0.8064877,-6.459432,9.375742,0.71299094,-1.3712306,-0.7999793,0.29375157,0
1.450000000000001,8.056161790912014,-1.307474689582624,-0.8950148256730994,0.8489679891833909,11.927933,-1.4889244,-3.413133,1.6587781,4.3884506,-5.4424706,2.0133104,-0.53345925,-0.07965164,-0.2349734,-0.8086177,-6.4284625,9.400095,0.6851608,-1.3612705,-0.8148223,0.32099622,0
1.460000000000001,8.056161790912014,-1.307474689582624,-0.8950148256730994,0.8489679891833909,11.927933,-1.4889244,-3.413133,1.6587781,4.324318,-5.348352,2.0200253,-0.53359634,-0.079742335,-0.22715594,-0.8107494,-6.3981237,9.423509,0.65792316,-1.3528646,-0.82734936,0.34690395,0
1.470000000000001,8.056161790912014,-1.307474689582624,-0.8950148256730994,0.8489679891833909,11.927933,-1.4889244,-3.413133,1.6587781,4.2604856,-5.254004,2.0264707,-0.5336058,-0.07992382,-0.21931402,-0.8128817,-6.368411,9.445967,0.63125765,-1.3457702,-0.83792186,0.3715404,0
1.480000000000001,7.51209663300062,-1.2476507129851613,-0.7400694339452308,0.9838255688254824,11.418543,-2.29822,-2.8074718,2.8055074,4.1969476,-5.159436,2.0326521,-0.53349036,-0.080183305,-0.21144854,-0.8150131,-6.339319,9.467455,0.605144,-1.339783,-0.84684443,0.39496794,0
1.490000000000001,7.51209663300062,-1.2476507129851613,-0.7400694339452308,0.9838255688254824,11.418543,-2.29822,-2.8074718,2.8055074,4.1336875,-5.0646653,2.0385509,-0.53322434,-0.080475435,-0.20361166,-0.8171511,-6.3127685,9.486576,0.5746641,-1.3254036,-0.83021426,0.42386338,0
1.500000000000001,7.51209663300062,-1.2476507129851613,-0.7400694339452308,0.9838255688254824,11.418543,-2.29822,-2.8074718,2.8055074,4.0706897,-4.969708,2.044147,-0.53278726,-0.080763735,-0.1958449,-0.81930333,-6.286792,9.504786,0.5446573,-1.3132672,-0.8161764,0.45134085,0
1.5100000000000011,7.51209663300062,-1.2476507129851613,-0.7400694339452308,0.9838255688254824,11.418543,-2.29822,-2.8074718,2.8055074,4.0079494,-4.8745728,2.0494454,-0.53218865,-0.0810499,-0.18813476,-0.821468,-6.261389,9.522089,0.51510155,-1.303024,-0.8043268,0.47747004,0
1.5200000000000011,7.181451935463242,-1.256163603459792,-0.3120273202709269,1.096121154617088,11.064289,-2.544007,-2.1543834,2.844537,3.94546,-4.779269,2.0544505,-0.5314371,-0.08133512,-0.1804699,-0.8236432,-6.236558,9.53849,0.48597595,-1.2943789,-0.79432416,0.5023171,0
1.5300000000000011,7.181451935463242,-1.256163603459792,-0.3120273202709269,1.096121154617088,11.064289,-2.544007,-2.1543834,2.844537,3.8832111,-4.6838098,2.059151,-0.53049874,-0.08147971,-0.17292792,-0.8258489,-6.213368,9.553313,0.4542062,-1.2884302,-0.71913266,0.5314552,0
1.5400000000000011,7.181451935463242,-1.256163603459792,-0.3120273202709269,1.096121154617088,11.064289,-2.544007,-2.1543834,2.844537,3.821191,-4.5882063,2.0635357,-0.52934825,-0.08137278,-0.1655698,-0.8281025,-6.190741,9.567315,0.4228086,-1.2834083,-0.65566635,0.5591636,0
1.5500000000000012,7.181451935463242,-1.256163603459792,-0.3120273202709269,1.096121154617088,11.064289,-2.544007,-2.1543834,2.844537,3.7593946,-4.4924664,2.0676084,-0.528004,-0.08105387,-0.15836444,-0.83039814,-6.1686945,9.580532,0.39176452,-1.2791686,-0.60209656,0.5855123,0
1.5600000000000012,7.487729941595791,-1.4348507980927934,0.22766466153787493,1.2457106568100098,10.606731,-2.2906559,-1.2852043,2.3515542,3.6978157,-4.396598,2.0713723,-0.5264814,-0.08055625,-0.15128571,-0.8327298,-6.147242,9.592994,0.36105692,-1.275589,-0.55687994,0.610568,0
1.5700000000000012,7.487729941595791,-1.4348507980927934,0.22766466153787493,1.2457106568100098,10.606731,-2.2906559,-1.2852043,2.3515542,3.6364524,-4.3006067,2.0748448,-0.52475196,-0.07969308,-0.14436404,-0.8351297,-6.1255126,9.605233,0.3335584,-1.3004655,-0.43456686,0.6417346,0
1.5800000000000012,7.487729941595791,-1.4348507980927934,0.22766466153787493,1.2457106568100098,10.606731,-2.2906559,-1.2852043,2.3515542,3.575303,-4.2044964,2.0780442,-0.52279335,-0.07831741,-0.13762169,-0.8376228,-6.104465,9.616774,0.30638328,-1.3214594,-0.33132645,0.6713719,0
1.5900000000000012,7.487729941595791,-1.4348507980927934,0.22766466153787493,1.2457106568100098,10.606731,-2.2906559,-1.2852043,2.3515542,3.5143607,-4.1082735,2.0809734,-0.52062565,-0.076508895,-0.13102749,-0.8401937,-6.084147,9.627673,0.27952173,-1.339176,-0.24418445,0.69955486,0
1.6000000000000012,8.55400647706977,-1.8021727348331917,0.8707960451109932,1.472667237698955,11.762842,-2.4722002,-1.7556721,3.2764473,3.4536176,-4.011945,2.0836356,-0.51826555,-0.074334726,-0.124555334,-0.8428283,-6.0645995,9.637978,0.25296354,-1.3541269,-0.17063038,0.7263549,0
1.6100000000000012,8.55400647706977,-1.8021727348331917,0.8707960451109932,1.472667237698955,11.762842,-2.4722002,-1.7556721,3.2764473,3.3930793,-3.915509,2.0860846,-0.5156825,-0.07156182,-0.11819032,-0.84556484,-6.043197,9.64912,0.23692916,-1.4240758,-0.008287303,0.7629767,0
1.6200000000000012,8.55400647706977,-1.8021727348331917,0.8707960451109932,1.472667237698955,11.762842,-2.4722002,-1.7556721,3.2764473,3.33275,-3.8189645,2.088375,-0.51284945,-0.06800806,-0.11191791,-0.8484298,-6.022819,9.659709,0.221228,-1.4831107,0.12874226,0.7978014,0
1.6300000000000012,8.55400647706977,-1.8021727348331917,0.8707960451109932,1.472667237698955,11.762842,-2.4722002,-1.7556721,3.2764473,3.272619,-3.7223165,2.0905104,-0.50978357,-0.063794464,-0.10571894,-0.85139465,-6.003564,9.669816,0.20585671,-1.5329334,0.24440628,0.8309172,0
1.6400000000000012,8.55400647706977,-1.8021727348331917,0.8707960451109932,1.472667237698955,12.354208,-2.4479878,-2.0228126,3.685206,3.2126744,-3.6255698,2.0924935,-0.506499,-0.05902323,-0.09957765,-0.8544341,-5.985517,9.6795,0.19080782,-1.574981,0.3420364,0.8624081,0
1.6500000000000012,8.55400647706977,-1.8021727348331917,0.8707960451109932,1.472667237698955,12.354208,-2.4479878,-2.0228126,3.685206,3.1529043,-3.5287282,2.0943274,-0.50300753,-0.05378073,-0.09348126,-0.85752577,-5.968752,9.688805,0.17607011,-1.6104659,0.42444476,0.8923537,0
1.6600000000000013,8.55400647706977,-1.8021727348331917,0.8707960451109932,1.472667237698955,12.354208,-2.4479878,-2.0228126,3.685206,3.0932949,-3.4317951,2.0960157,-0.49931934,-0.048139956,-0.08741944,-0.8606502,-5.9533305,9.697766,0.16162893,-1.6404121,0.4940051,0.9208299,0
1.6700000000000013,8.55400647706977,-1.8021727348331917,0.8707960451109932,1.472667237698955,12.354208,-2.4479878,-2.0228126,3.685206,3.0338328,-3.334774,2.0975611,-0.49544302,-0.042162642,-0.08138394,-0.86379015,-5.9393067,9.70641,0.14746667,-1.6656834,0.552721,0.94790876,0
1.6800000000000013,9.780265742660607,-2.1648401073844434,1.2709664681970096,1.681912441898248,12.603485,-2.5701761,-1.7033807,3.1756496,2.9745038,-3.237668,2.0989661,-0.49138632,-0.03590102,-0.07536823,-0.86693054,-5.9267254,9.714752,0.13356309,-1.6870095,0.6022831,0.9736588,0
1.6900000000000013,9.780265742660607,-2.1648401073844434,1.2709664681970096,1.681912441898248,12.603485,-2.5701761,-1.7033807,3.1756496,2.9153013,-3.1404743,2.1002936,-0.48712614,-0.029191101,-0.06931861,-0.8700857,-5.914044,9.723962,0.13200042,-1.7616088,0.7064769,1.008413,0
1.7000000000000013,9.780265742660607,-2.1648401073844434,1.2709664681970096,1.681912441898248,12.603485,-2.5701761,-1.7033807,3.1756496,2.856217,-3.04319,2.1016068,-0.48263904,-0.021905428,-0.06319105,-0.87326103,-5.9031625,9.732868,0.13068555,-1.8245672,0.79442817,1.0414618,0
1.7100000000000013,9.780265742660607,-2.1648401073844434,1.2709664681970096,1.681912441898248,12.603485,-2.5701761,-1.7033807,3.1756496,2.7972317,-2.945818,2.1029081,-0.47793114,-0.014134146,-0.056994457,-0.8764313,-5.8941827,9.741489,0.12959109,-1.8777007,0.8686695,1.072889,0
1.7200000000000013,11.056767064543692,-2.3258169103559956,1.6322436942472014,1.7678264446169303,13.215857,-3.039614,-1.1263686,3.144926,2.7383263,-2.848361,2.1041994,-0.47300807,-0.005953598,-0.05073706,-0.8795748,-5.887188,9.749837,0.12868378,-1.9225416,0.9313388,1.1027739,0
1.7300000000000013,11.056767064543692,-2.3258169103559956,1.6322436942472014,1.7678264446169303,13.215857,-3.039614,-1.1263686,3.144926,2.6794844,-2.7508166,2.1055458,-0.46785852,0.0027286778,-0.044437703,-0.88268024,-5.8816133,9.758972,0.14063026,-1.9855326,1.0405574,1.1354082,0
1.7400000000000013,11.056767064543692,-2.3258169103559956,1.6322436942472014,1.7678264446169303,13.215857,-3.039614,-1.1263686,3.144926,2.6206858,-2.6531823,2.1070123,-0.46247157,0.011982416,-0.038111184,-0.8857326,-5.878483,9.767827,0.15269603,-2.0386908,1.1327502,1.1664411,0
1.7500000000000013,11.056767064543692,-2.3258169103559956,1.6322436942472014,1.7678264446169303,13.215857,-3.039614,-1.1263686,3.144926,2.5619059,-2.555461,2.1086,-0.4568529,0.021717012,-0.03175966,-0.8887088,-5.8779044,9.776422,0.16482522,-2.0835502,1.2105718,1.1959513,0
1.7600000000000013,12.083945260595414,-2.415343176317345,1.4970830428709774,1.7966824321618184,13.948019,-3.084249,-0.84788495,3.0671694,2.5031185,-2.457655,2.110309,-0.45100793,0.031855475,-0.025385775,-0.8915889,-5.8799663,9.784762,0.17695595,-2.1214058,1.276263,1.2240134,0
1.7700000000000014,12.083945260595414,-2.415343176317345,1.4970830428709774,1.7966824321618184,13.948019,-3.084249,-0.84788495,3.0671694,2.4442952,-2.359763,2.11219,-0.44493857,0.042299997,-0.018936401,-0.89436007,-5.885187,9.793595,0.19925603,-2.1672966,1.3106235,1.2521145,0
1.7800000000000014,12.083945260595414,-2.415343176317345,1.4970830428709774,1.7966824321618184,13.948019,-3.084249,-0.84788495,3.0671694,2.3854043,-2.261784,2.1142936,-0.43864602,0.05296876,-0.01237064,-0.8970112,-5.8934393,9.802112,0.22140913,-2.2060263,1.3396317,1.2788365,0
1.7900000000000014,12.083945260595414,-2.415343176317345,1.4970830428709774,1.7966824321618184,13.948019,-3.084249,-0.84788495,3.0671694,2.3264155,-2.163722,2.1166177,-0.4321346,0.06382277,-0.005707997,-0.89952874,-5.904773,9.810266,0.24333599,-2.2387123,1.364122,1.3042473,0
1.8000000000000014,12.676596168156403,-2.4695175626621717,0.8767697535011636,1.744856745653552,14.780024,-2.8198695,-1.284272,3.0628042,2.2672982,-2.0655806,2.1191595,-0.42540896,0.0748287,0.0010344823,-0.90190077,-5.919227,9.818012,0.2649543,-2.266297,1.3847982,1.3284112,0
1.8100000000000014,12.676596168156403,-2.4695175626621717,0.8767697535011636,1.744856745653552,14.780024,-2.8198695,-1.284272,3.0628042,2.2080164,-1.9673618,2.1219447,-0.41847762,0.085743085,0.007966801,-0.90413463,-5.9376826,9.825648,0.29203352,-2.297938,1.3055134,1.3488463,0
1.8200000000000014,12.676596168156403,-2.4695175626621717,0.8767697535011636,1.744856745653552,14.780024,-2.8198695,-1.284272,3.0628042,2.1485333,-1.8690697,2.124998,-0.41134882,0.09637064,0.015173103,-0.9062411,-5.959396,9.8326645,0.31862527,-2.3246524,1.238598,1.3682787,0
1.8300000000000014,12.676596168156403,-2.4695175626621717,0.8767697535011636,1.744856745653552,14.780024,-2.8198695,-1.284272,3.0628042,2.0888174,-1.7707111,2.1283147,-0.40402707,0.10675006,0.022604968,-0.9082147,-5.984314,9.838925,0.34465677,-2.347208,1.1821227,1.3867575,0
1.8400000000000014,12.676596168156403,-2.4695175626621717,0.8767697535011636,1.744856745653552,15.681276,-2.4812307,-2.349551,3.0627823,2.0288365,-1.6722941,2.1318889,-0.39651746,0.116914004,0.030221468,-0.9100495,-6.012383,9.844308,0.37005532,-2.3662522,1.1344588,1.4043295,0
1.8500000000000014,12.676596168156403,-2.4695175626621717,0.8767697535011636,1.744856745653552,15.681276,-2.4812307,-2.349551,3.0627823,1.9685591,-1.5738282,2.1357133,-0.38882524,0.12688988,0.03798796,-0.9117396,-6.0435495,9.8487015,0.39474824,-2.3823316,1.0942316,1.4210393,0
1.8600000000000014,12.676596168156403,-2.4695175626621717,0.8767697535011636,1.744856745653552,15.681276,-2.4812307,-2.349551,3.0627823,1.9079549,-1.4753238,2.139781,-0.38095593,0.13670073,0.04587509,-0.9132794,-6.0777574,9.852006,0.41866308,-2.3959076,1.0602813,1.4369291,0
1.8700000000000014,12.676596168156403,-2.4695175626621717,0.8767697535011636,1.744856745653552,15.681276,-2.4812307,-2.349551,3.0627823,1.8469937,-1.3767922,2.1440837,-0.37291518,0.14636584,0.05385796,-0.91466326,-6.1149516,9.854132,0.44172752,-2.4073703,1.0316285,1.4520392,0
1.8800000000000014,12.516373042986386,-2.263633800436981,-0.03689812851002123,1.5310928600772191,16.127483,-2.486425,-2.5867326,2.9127355,1.7856458,-1.2782456,2.1486123,-0.36470866,0.15590121,0.061915375,-0.9158859,-6.1550746,9.854996,0.4638695,-2.417049,1.0074464,1.4664078,0
1.8900000000000015,12.516373042986386,-2.263633800436981,-0.03689812851002123,1.5310928600772191,16.127483,-2.486425,-2.5867326,2.9127355,1.723885,-1.1796969,2.1533499,-0.35635653,0.16495393,0.070090145,-0.91699815,-6.1975083,9.854516,0.48351642,-2.39297,0.84459955,1.469582,0
1.9000000000000015,12.516373042986386,-2.263633800436981,-0.03689812851002123,1.5310928600772191,16.127483,-2.486425,-2.5867326,2.9127355,1.6616865,-1.0811603,2.1582792,-0.3478794,0.17324592,0.07841288,-0.9180497,-6.2425866,9.852568,0.50216085,-2.37267,0.70714504,1.4726003,0
1.9100000000000015,12.516373042986386,-2.263633800436981,-0.03689812851002123,1.5310928600772191,16.127483,-2.486425,-2.5867326,2.9127355,1.5990248,-0.98265105,2.1633897,-0.33928326,0.1808902,0.08685122,-0.9190324,-6.290123,9.849012,0.51978827,-2.3555555,0.591124,1.4754705,0
1.9200000000000015,12.063901423940337,-1.8174712509490274,-0.7320384753043516,1.1825074972014105,15.918289,-2.6469078,-2.9408028,2.3667638,1.5358762,-0.88418597,2.1686714,-0.33057365,0.187982,0.09537838,-0.9199374,-6.339948,9.843732,0.5363826,-2.341127,0.493194,1.4781998,0
1.9300000000000015,12.063901423940337,-1.8174712509490274,-0.7320384753043516,1.1825074972014105,15.918289,-2.6469078,-2.9408028,2.3667638,1.4722278,-0.78578144,2.1740935,-0.32180306,0.1942833,0.10390711,-0.92081386,-6.390014,9.83688,0.5478252,-2.2592764,0.30221966,1.4636902,0
1.9400000000000015,12.063901423940337,-1.8174712509490274,-0.7320384753043516,1.1825074972014105,15.918289,-2.6469078,-2.9408028,2.3667638,1.4080697,-0.6874547,2.179625,-0.31302044,0.19961149,0.112366825,-0.9217078,-6.4418817,9.828169,0.55829334,-2.1902223,0.14101325,1.4498924,0
1.9500000000000015,12.063901423940337,-1.8174712509490274,-0.7320384753043516,1.1825074972014105,15.918289,-2.6469078,-2.9408028,2.3667638,1.3433849,-0.58922476,2.1852565,-0.30422577,0.20411459,0.12076011,-0.92260444,-6.4953094,9.817515,0.56782806,-2.1319635,0.004934527,1.4367718,0
1.9600000000000015,10.982635393213807,-1.4539581591296444,-1.7023406138819068,0.7775619919431469,13.375597,-2.2505298,-2.562535,1.2014067,1.2781589,-0.49111128,2.1909788,-0.295419,0.20791715,0.12908989,-0.92348903,-6.5500846,9.804853,0.576464,-2.082812,-0.10993327,1.4242951,0
1.9700000000000015,10.982635393213807,-1.4539581591296444,-1.7023406138819068,0.7775619919431469,13.375597,-2.2505298,-2.562535,1.2014067,1.2124043,-0.3931283,2.1967354,-0.286626,0.21071632,0.13734865,-0.92443365,-6.600991,9.791442,0.5747493,-1.9845196,-0.35813618,1.3925596,0
1.9800000000000015,10.982635393213807,-1.4539581591296444,-1.7023406138819068,0.7775619919431469,13.375597,-2.2505298,-2.562535,1.2014067,1.1461363,-0.29528922,2.2024715,-0.27787152,0.21227746,0.14552903,-0.9254972,-6.652671,9.7760725,0.57232773,-1.9015998,-0.56765145,1.3623816,0
1.9900000000000015,10.982635393213807,-1.4539581591296444,-1.7023406138819068,0.7775619919431469,13.375597,-2.2505298,-2.562535,1.2014067,1.0793489,-0.19761388,2.2081802,-0.2691538,0.21278842,0.15363467,-0.92664546,-6.7048593,9.758675,0.5692814,-1.8316472,-0.7445094,1.3336843,0
2.0000000000000013,10.287765765752075,-1.1235353964704362,-2.520688192334306,0.3429788317290752,12.167782,-1.9684095,-2.5709062,0.4777688,1.0120382,-0.100122884,2.2138555,-0.26047108,0.21240708,0.1616693,-0.9278465,-6.7573233,9.739197,0.56567806,-1.7726331,-0.8937999,1.3063952,0
2.010000000000001,10.287765765752075,-1.1235353964704362,-2.520688192334306,0.3429788317290752,12.167782,-1.9684095,-2.5709062,0.4777688,0.94421893,-0.0028305147,2.2194626,-0.251846,0.2109195,0.16960934,-0.9291487,-6.8065224,9.718964,0.55563265,-1.6712258,-1.1473744,1.25912,0
2.020000000000001,10.287765765752075,-1.1235353964704362,-2.520688192334306,0.3429788317290752,12.167782,-1.9684095,-2.5709062,0.4777688,0.8759085,0.0942494,2.2249672,-0.24329993,0.20816146,0.17743455,-0.93058527,-6.8555145,9.696698,0.54521114,-1.5856781,-1.3614255,1.2141646,0
2.0300000000000007,10.287765765752075,-1.1235353964704362,-2.520688192334306,0.3429788317290752,12.167782,-1.9684095,-2.5709062,0.4777688,0.80711025,0.19109634,2.230366,-0.23482974,0.20432204,0.18515319,-0.93210715,-6.9040437,9.672365,0.5344967,-1.513507,-1.5421127,1.1714153,0
2.0400000000000005,10.287765765752075,-1.1235353964704362,-2.520688192334306,0.3429788317290752,12.167782,-1.9684095,-2.5709062,0.4777688,0.73783,0.28768954,2.2356563,-0.2264325,0.1995605,0.19277243,-0.9336705,-6.9518857,9.645942,0.5235536,-1.4526196,-1.694636,1.1307636,0
2.0500000000000003,10.287765765752075,-1.1235353964704362,-2.520688192334306,0.3429788317290752,12.301441,-1.6039445,-3.7130694,0.0053566936,0.66807556,0.38400796,2.2408361,-0.21810575,0.19401099,0.20029867,-0.9352368,-6.9988437,9.617418,0.51242894,-1.40125,-1.8233852,1.0921068,1
2.06,10.287765765752075,-1.1235353964704362,-2.520688192334306,0.3429788317290752,12.301441,-1.6039445,-3.7130694,0.0053566936,0.5978117,0.48000094,2.2459893,-0.2097519,0.18737245,0.20802708,-0.9368128,-7.05371,9.580778,0.5181519,-1.4327236,-2.118053,1.0387796,1
2.07,10.287765765752075,-1.1235353964704362,-2.520688192334306,0.3429788317290752,12.301441,-1.6039445,-3.7130694,0.0053566936,0.5270068,0.57561433,2.2511988,-0.2012929,0.17940493,0.2161849,-0.93838,-7.1069818,9.541481,0.52373135,-1.4593351,-2.366765,0.9880693,1
2.0799999999999996,10.287765765752075,-1.1235353964704362,-2.520688192334306,0.3429788317290752,12.301441,-1.6039445,-3.7130694,0.0053566936,0.45567855,0.67082095,2.2564635,-0.19275314,0.17029622,0.2246855,-0.9398722,-7.1583447,9.499392,0.5291782,-1.4818324,-2.5766885,0.9398473,1
2.0899999999999994,10.102440790816132,-0.6895784457757463,-2.9300756962645527,-0.1338939986361276,12.184721,-1.1695855,-4.109384,-0.63863564,0.38384745,0.7655923,2.2617822,-0.18415323,0.1602059,0.23345526,-0.9412323,-7.2075143,9.45442,0.5344773,-1.5008495,-2.753873,0.8939916,1
2.099999999999999,10.102440790816132,-0.6895784457757463,-2.9300756962645527,-0.1338939986361276,12.184721,-1.1695855,-4.109384,-0.63863564,0.31153896,0.8599015,2.2671478,-0.17557546,0.14907035,0.24230891,-0.9424626,-7.2537804,9.406967,0.53861827,-1.449211,-2.9651628,0.81878513,1
2.109999999999999,10.102440790816132,-0.6895784457757463,-2.9300756962645527,-0.1338939986361276,12.184721,-1.1695855,-4.109384,-0.63863564,0.23878124,0.9537216,2.272554,-0.16709283,0.13684528,0.25109434,-0.9435587,-7.297314,9.3566065,0.5425676,-1.4056547,-3.1435144,0.7472691,1
2.1199999999999988,10.102440790816132,-0.6895784457757463,-2.9300756962645527,-0.1338939986361276,12.184721,-1.1695855,-4.109384,-0.63863564,0.16560304,1.0470237,2.2779984,-0.15870911,0.123682685,0.25979787,-0.94446653,-7.3378334,9.30337,0.54629797,-1.3689123,-3.2940626,0.67926234,1
2.1299999999999986,8.853731187059443,-0.19404679445457465,-2.6130213377746103,-0.4859478807012291,10.06892,-0.9377355,-3.6823905,-1.0564632,0.092035785,1.1397792,2.2834787,-0.15042752,0.10971241,0.2684073,-0.94514036,-7.3750877,9.247308,0.5497574,-1.3379152,-3.4211411,0.61459273,1
2.1399999999999983,8.853731187059443,-0.19404679445457465,-2.6130213377746103,-0.4859478807012291,10.06892,-0.9377355,-3.6823905,-1.0564632,0.018143041,1.232011,2.2889042,-0.1423561,0.09517975,0.27680492,-0.9455436,-7.4030004,9.198705,0.5352989,-1.2756763,-3.4617896,0.5325935,1
2.149999999999998,8.853731187059443,-0.19404679445457465,-2.6130213377746103,-0.4859478807012291,10.06892,-0.9377355,-3.6823905,-1.0564632,-0.05601395,1.3237457,2.2941833,-0.13458893,0.080285765,0.2849005,-0.94565845,-7.4279227,9.147929,0.52049345,-1.2231402,-3.4961116,0.45461804,1
2.159999999999998,8.853731187059443,-0.19404679445457465,-2.6130213377746103,-0.4859478807012291,10.06892,-0.9377355,-3.6823905,-1.0564632,-0.13040483,1.4149623,2.2993124,-0.12710899,0.06507364,0.2927202,-0.9454743,-7.449766,9.095097,0.5052711,-1.1787933,-3.5250916,0.38046888,1
2.1699999999999977,8.356934405936968,0.23560890510123614,-1.8503533111840718,-0.7526261878818848,9.549973,-0.8724174,-3.1578906,-0.86979747,-0.20499843,1.5056409,2.304287,-0.119900905,0.049580973,0.3002854,-0.9449827,-7.4684544,9.040316,0.48955432,-1.1413574,-3.5495605,0.30995822,1
2.1799999999999975,8.356934405936968,0.23560890510123614,-1.8503533111840718,-0.7526261878818848,9.549973,-0.8724174,-3.1578906,-0.86979747,-0.27975878,1.5957768,2.3090804,-0.11299379,0.03404299,0.30756378,-0.94418013,-7.4831343,8.986617,0.46904403,-1.0995606,-3.4884298,0.2520673,1
2.1899999999999973,8.356934405936968,0.23560890510123614,-1.8503533111840718,-0.7526261878818848,9.549973,-0.8724174,-3.1578906,-0.86979747,-0.3546507,1.6853677,2.3136659,-0.10640825,0.018650437,0.31453505,-0.94307756,-7.494775,8.931297,0.4479081,-1.0642699,-3.4368384,0.19701707,1
2.199999999999997,8.356934405936968,0.23560890510123614,-1.8503533111840718,-0.7526261878818848,9.549973,-0.8724174,-3.1578906,-0.86979747,-0.42964393,1.7743976,2.3180363,-0.10011899,0.003373865,0.3212308,-0.9416866,-7.503399,8.874474,0.4260704,-1.0344721,-3.3932974,0.14466816,1
2.209999999999997,8.23809725999215,0.6919729073787791,-0.7129987511501311,-0.932804582030111,9.142511,-0.10024424,-2.3701808,-1.000355,-0.50470835,1.8628522,2.3221846,-0.09410333,-0.01181093,0.32767698,-0.94001645,-7.5090294,8.816254,0.40345585,-1.0093123,-3.3565507,0.09488804,1
2.2199999999999966,8.23809725999215,0.6919729073787791,-0.7129987511501311,-0.932804582030111,9.142511,-0.10024424,-2.3701808,-1.000355,-0.5798136,1.9507308,2.3260868,-0.08845529,-0.026661407,0.33357677,-0.9381841,-7.5115843,8.75929,0.3768148,-0.8676656,-3.2026873,0.041144148,1
2.2299999999999964,8.23809725999215,0.6919729073787791,-0.7129987511501311,-0.932804582030111,9.142511,-0.10024424,-2.3701808,-1.000355,-0.6549306,2.0380344,2.3297184,-0.083247535,-0.040985767,0.33870354,-0.93630546,-7.511392,8.701262,0.34936008,-0.7480929,-3.07283,-0.009962509,1
2.239999999999996,8.23809725999215,0.6919729073787791,-0.7129987511501311,-0.932804582030111,9.142511,-0.10024424,-2.3701808,-1.000355,-0.7300323,2.1247532,2.3330712,-0.07843213,-0.054870907,0.34317043,-0.9343819,-7.508552,8.642337,0.32110092,-0.6471546,-2.9632323,-0.058561355,1
2.249999999999996,8.23809725999215,0.6919729073787791,-0.7129987511501311,-0.932804582030111,8.679199,0.74321216,-1.3114763,-1.1881231,-0.80509275,2.2108788,2.3361375,-0.0739677,-0.06839019,0.34707186,-0.9324112,-7.503151,8.582654,0.29204294,-0.5619474,-2.8707323,-0.10477544,1
2.259999999999996,8.23809725999215,0.6919729073787791,-0.7129987511501311,-0.932804582030111,8.679199,0.74321216,-1.3114763,-1.1881231,-0.8800886,2.2964196,2.338892,-0.069963425,-0.08124352,0.35014105,-0.9305395,-7.495677,8.525402,0.25874096,-0.3584835,-2.6275682,-0.15793562,1
2.2699999999999956,8.23809725999215,0.6919729073787791,-0.7129987511501311,-0.932804582030111,8.679199,0.74321216,-1.3114763,-1.1881231,-0.95499873,2.3813856,2.34131,-0.066503756,-0.093198024,0.35217777,-0.9289027,-7.4860096,8.467726,0.2247702,-0.1867338,-2.4223356,-0.20848721,1
2.2799999999999954,8.23809725999215,0.6919729073787791,-0.7129987511501311,-0.932804582030111,8.679199,0.74321216,-1.3114763,-1.1881231,-1.0298018,2.4657733,2.3433855,-0.06352215,-0.10440116,0.35334218,-0.9274765,-7.4743066,8.409788,0.19022134,-0.04175654,-2.249116,-0.25655824,1
2.289999999999995,8.291922044858957,1.1790355181843037,0.6499182390574972,-1.0316031971954707,8.333771,1.4329535,0.3242137,-1.2621912,-1.1044784,2.549581,2.3451126,-0.06096186,-0.114977114,0.35376745,-0.9262346,-7.460699,8.351721,0.15517345,0.08062036,-2.1029143,-0.30227044,1
2.299999999999995,8.291922044858957,1.1790355181843037,0.6499182390574972,-1.0316031971954707,8.333771,1.4329535,0.3242137,-1.2621912,-1.1790128,2.6328194,2.346475,-0.058982074,-0.12444472,0.35326982,-0.9253287,-7.4459352,8.295955,0.117215075,0.2915369,-1.724455,-0.34937403,1
2.3099999999999947,8.291922044858957,1.1790355181843037,0.6499182390574972,-1.0316031971954707,8.333771,1.4329535,0.3242137,-1.2621912,-1.253392,2.7155006,2.3474562,-0.05770458,-0.13242985,0.3517145,-0.92489326,-7.429705,8.240317,0.078999154,0.46957138,-1.4050201,-0.39416623,1
2.3199999999999945,8.291922044858957,1.1790355181843037,0.6499182390574972,-1.0316031971954707,8.333771,1.4329535,0.3242137,-1.2621912,-1.3276026,2.7976267,2.3480546,-0.057034235,-0.13917224,0.349267,-0.92487234,-7.412245,8.18494,0.040678106,0.6198474,-1.1354026,-0.43676046,1
2.3299999999999943,7.838356352951037,1.6418044038670991,2.0582325194124405,-1.011079643326667,7.7690043,1.7438676,1.5785578,-1.1186181,-1.4016334,2.8792007,2.3482697,-0.056890465,-0.14487304,0.34606403,-0.92520976,-7.3937516,8.129929,0.0023844643,0.74669147,-0.9078316,-0.47726458,1
2.339999999999994,7.838356352951037,1.6418044038670991,2.0582325194124405,-1.011079643326667,7.7690043,1.7438676,1.5785578,-1.1186181,-1.4754813,2.9602456,2.3480825,-0.057343528,-0.14923763,0.34207806,-0.92597014,-7.3757176,8.079072,-0.039822455,0.90231,-0.5201472,-0.508736,1
2.349999999999994,7.838356352951037,1.6418044038670991,2.0582325194124405,-1.011079643326667,7.7690043,1.7438676,1.5785578,-1.1186181,-1.5491458,3.0407844,2.3474743,-0.058440194,-0.1520394,0.33729234,-0.9272005,-7.3571205,8.028733,-0.08174553,1.0336547,-0.1929188,-0.53866315,1
2.3599999999999937,7.838356352951037,1.6418044038670991,2.0582325194124405,-1.011079643326667,7.7690043,1.7438676,1.5785578,-1.1186181,-1.6226226,3.1208227,2.346449,-0.060086183,-0.15352471,0.33182445,-0.92882204,-7.3381834,7.9789987,-0.12324634,1.14451,0.08328217,-0.5671217,1
2.3699999999999934,7.995136921841973,1.5941784298087363,2.870003405554687,-0.9186623164672137,7.9967074,1.6538811,2.0705159,-0.9915692,-1.6959091,3.2003667,2.3450115,-0.062202092,-0.15390038,0.3257717,-0.9307612,-7.3190947,7.9299417,-0.16420914,1.2380711,0.31641322,-0.5941838,1
2.3799999999999932,7.995136921841973,1.5941784298087363,2.870003405554687,-0.9186623164672137,7.9967074,1.6538811,2.0705159,-0.9915692,-1.7690018,3.279417,2.3431754,-0.06477566,-0.1531493,0.31923872,-0.9329706,-7.2994576,7.8802133,-0.20284404,1.3030295,0.5899229,-0.6136836,1
2.389999999999993,7.995136921841973,1.5941784298087363,2.870003405554687,-0.9186623164672137,7.9967074,1.6538811,2.0705159,-0.9915692,-1.8418989,3.3579743,2.340957,-0.067790106,-0.15126492,0.31231165,-0.93540525,-7.2800126,7.83131,-0.2407364,1.3578466,0.82078224,-0.6322265,1
2.399999999999993,7.995136921841973,1.5941784298087363,2.870003405554687,-0.9186623164672137,7.9967074,1.6538811,2.0705159,-0.9915692,-1.9146032,3.4360464,2.3383636,-0.07117786,-0.14842157,0.30504042,-0.9380049,-7.260927,7.7832847,-0.2778125,1.4041048,1.0156423,-0.6498596,1
2.4099999999999926,8.234349444131889,1.3780267933049672,3.1646967429369552,-0.809732967810545,8.302618,1.3773314,2.2167037,-1.0714774,-1.9871191,3.5136428,2.335404,-0.074882165,-0.1447662,0.29746702,-0.94071615,-7.2423406,7.7361903,-0.31401563,1.4431398,1.180117,-0.6666274,1
2.4199999999999924,8.234349444131889,1.3780267933049672,3.1646967429369552,-0.809732967810545,8.302618,1.3773314,2.2167037,-1.0714774,-2.0594485,3.5907645,2.3320987,-0.0788977,-0.14036216,0.2897256,-0.94346744,-7.2236857,7.6883106,-0.34690276,1.4329643,1.341758,-0.6864935,1
2.429999999999992,8.234349444131889,1.3780267933049672,3.1646967429369552,-0.809732967810545,8.302618,1.3773314,2.2167037,-1.0714774,-2.1315954,3.6674128,2.3284693,-0.083218254,-0.13526593,0.28192487,-0.94619995,-7.205797,7.6414795,-0.37882197,1.4243674,1.4781917,-0.7053848,1
2.439999999999992,8.234349444131889,1.3780267933049672,3.1646967429369552,-0.809732967810545,8.302618,1.3773314,2.2167037,-1.0714774,-2.2035677,3.743598,2.3245256,-0.08779858,-0.12958272,0.27406377,-0.94888717,-7.1887836,7.595722,-0.40976614,1.4171036,1.593349,-0.72334903,1
2.4499999999999917,8.234349444131889,1.3780267933049672,3.1646967429369552,-0.809732967810545,8.491169,1.094439,2.3860364,-1.0063831,-2.2753747,3.8193312,2.3202775,-0.09260052,-0.12340163,0.2661419,-0.9515061,-7.172737,7.5510693,-0.43973607,1.4109657,1.6905481,-0.7404318,1
2.4599999999999915,8.234349444131889,1.3780267933049672,3.1646967429369552,-0.809732967810545,8.491169,1.094439,2.3860364,-1.0063831,-2.3470244,3.8946185,2.3157423,-0.097615756,-0.116720706,0.2582618,-0.9540159,-7.1573973,7.506561,-0.4671719,1.3616711,1.7990214,-0.7534821,1
2.4699999999999913,8.234349444131889,1.3780267933049672,3.1646967429369552,-0.809732967810545,8.491169,1.094439,2.3860364,-1.0063831,-2.4185266,3.9694667,2.3109374,-0.102833375,-0.10954167,0.25050545,-0.95638436,-7.1432166,7.4632244,-0.49364385,1.3200567,1.8905758,-0.765892,1
2.479999999999991,8.234349444131889,1.3780267933049672,3.1646967429369552,-0.809732967810545,8.491169,1.094439,2.3860364,-1.0063831,-2.4898932,4.043887,2.3058724,-0.10822028,-0.10193926,0.24284533,-0.9586036,-7.1302767,7.421071,-0.5191813,1.2849253,1.9678501,-0.77769303,1
2.489999999999991,8.44227469575854,1.0750651804242264,3.056933839160578,-0.6939476889041589,8.241477,0.92673904,2.7107363,-0.7804913,-2.5611367,4.1178927,2.300557,-0.11374866,-0.093977064,0.23525864,-0.9606669,-7.1186447,7.3801165,-0.5438164,1.2552669,2.033072,-0.7889149,1
2.4999999999999907,8.44227469575854,1.0750651804242264,3.056933839160578,-0.6939476889041589,8.241477,0.92673904,2.7107363,-0.7804913,-2.6322725,4.1915,2.2949884,-0.119404584,-0.08556993,0.22777845,-0.96256703,-7.1086845,7.341548,-0.56976986,1.2040868,2.13878,-0.78850156,1
2.5099999999999905,8.44227469575854,1.0750651804242264,3.056933839160578,-0.6939476889041589,8.241477,0.92673904,2.7107363,-0.7804913,-2.7033155,4.264728,2.2891643,-0.12516978,-0.07665208,0.22042924,-0.96429557,-7.100132,7.304176,-0.5949177,1.1608797,2.227999,-0.78810847,1
2.5199999999999902,8.44227469575854,1.0750651804242264,3.056933839160578,-0.6939476889041589,8.241477,0.92673904,2.7107363,-0.7804913,-2.7742803,4.3375883,2.2830927,-0.13101725,-0.06729999,0.21318235,-0.965845,-7.0930643,7.2680163,-0.61929953,1.1244037,2.3033006,-0.78773475,1
2.52999999999999,8.189106234182505,0.6898974535909183,3.552086736392869,-0.3307942097813759,8.473198,0.51503986,2.808586,-0.41689035,-2.8451822,4.410093,2.2767808,-0.13692465,-0.057578962,0.206014,-0.9672086,-7.087542,7.2330904,-0.6429579,1.0936099,2.366856,-0.7873793,1
2.53999999999999,8.189106234182505,0.6898974535909183,3.552086736392869,-0.3307942097813759,8.473198,0.51503986,2.808586,-0.41689035,-2.9160361,4.4822493,2.2702463,-0.142847,-0.04747479,0.19906113,-0.9683561,-7.0835114,7.198471,-0.6638284,1.0033889,2.4358017,-0.7691993,1
2.5499999999999896,8.189106234182505,0.6898974535909183,3.552086736392869,-0.3307942097813759,8.473198,0.51503986,2.808586,-0.41689035,-2.9868584,4.554066,2.2635062,-0.14873959,-0.03697776,0.1924316,-0.96926636,-7.0811906,7.165135,-0.68406695,0.92723197,2.4939857,-0.7519114,1
2.5599999999999894,8.189106234182505,0.6898974535909183,3.552086736392869,-0.3307942097813759,8.473198,0.51503986,2.808586,-0.41689035,-3.057666,4.6255565,2.2565665,-0.15458666,-0.026146017,0.18606819,-0.9699464,-7.0806384,7.1330714,-0.70374036,0.8629475,2.5430882,-0.73547184,1
2.569999999999989,8.792547018967491,0.26284392888064306,3.213060845947038,-0.098748915281304,8.715164,0.08415274,2.6730409,-0.034187116,-3.1284776,4.696732,2.249433,-0.1603759,-0.015029583,0.17992277,-0.97040176,-7.081903,7.102279,-0.7229142,0.80868524,2.5845265,-0.71983904,1
2.579999999999989,8.792547018967491,0.26284392888064306,3.213060845947038,-0.098748915281304,8.715164,0.08415274,2.6730409,-0.034187116,-3.1993113,4.767602,2.242121,-0.1660444,-0.0036876975,0.1741318,-0.9706142,-7.085111,7.0719123,-0.7393899,0.69564444,2.598399,-0.6861939,1
2.5899999999999888,8.792547018967491,0.26284392888064306,3.213060845947038,-0.098748915281304,8.715164,0.08415274,2.6730409,-0.034187116,-3.2701867,4.8381743,2.2346463,-0.17153485,0.007831634,0.16880196,-0.97057635,-7.090258,7.0428147,-0.7555032,0.6002335,2.6100943,-0.65419966,1
2.5999999999999885,8.792547018967491,0.26284392888064306,3.213060845947038,-0.098748915281304,8.715164,0.08415274,2.6730409,-0.034187116,-3.341123,4.9084625,2.227012,-0.1768471,0.019503223,0.16385557,-0.9703062,-7.09737,7.0149484,-0.77133614,0.5197032,2.6199553,-0.6237754,1
2.6099999999999883,9.419744079356677,-0.01875779492819917,2.60095767883428,0.09251513639748135,8.963758,-0.109681085,2.5490553,0.1391988,-3.4121408,4.9784775,2.21922,-0.18198244,0.0313049,0.15922685,-0.96981806,-7.106466,6.9882846,-0.78696644,0.45173314,2.62827,-0.5948441,1
2.619999999999988,9.419744079356677,-0.01875779492819917,2.60095767883428,0.09251513639748135,8.963758,-0.109681085,2.5490553,0.1391988,-3.4832609,5.0482283,2.2112844,-0.18691218,0.043186706,0.15494397,-0.96911764,-7.1178746,6.9620714,-0.8001126,0.36411473,2.6159592,-0.5588244,1
2.629999999999988,9.419744079356677,-0.01875779492819917,2.60095767883428,0.09251513639748135,8.963758,-0.109681085,2.5490553,0.1391988,-3.5545053,5.117723,2.2032177,-0.19161157,0.055108238,0.15102643,-0.9682133,-7.131342,6.937033,-0.8132057,0.29016462,2.605559,-0.52457225,1
2.6399999999999877,9.419744079356677,-0.01875779492819917,2.60095767883428,0.09251513639748135,8.963758,-0.109681085,2.5490553,0.1391988,-3.6258948,5.1869726,2.1950202,-0.19608913,0.06706395,0.1474112,-0.9671191,-7.146867,6.9131336,-0.8263218,0.22775082,2.5967736,-0.49200082,1
2.6499999999999875,9.419744079356677,-0.01875779492819917,2.60095767883428,0.09251513639748135,9.227388,-0.018577293,2.2174904,0.22348024,-3.6974497,5.255989,2.186691,-0.20035347,0.07904845,0.14404495,-0.96584624,-7.164446,6.890346,-0.83953255,0.17507397,2.5893524,-0.46102768,1
2.6599999999999873,9.419744079356677,-0.01875779492819917,2.60095767883428,0.09251513639748135,9.227388,-0.018577293,2.2174904,0.22348024,-3.7691936,5.32478,2.1782415,-0.20438737,0.090922646,0.14087352,-0.96442294,-7.1846466,6.868011,-0.85041374,0.14480129,2.5313728,-0.42743865,1
2.669999999999987,9.419744079356677,-0.01875779492819917,2.60095767883428,0.09251513639748135,9.227388,-0.018577293,2.2174904,0.22348024,-3.84115,5.393353,2.1696818,-0.20817927,0.102576114,0.13785265,-0.96287817,-7.206907,6.846777,-0.86152154,0.11925717,2.4824326,-0.39549783,1
2.679999999999987,9.419744079356677,-0.01875779492819917,2.60095767883428,0.09251513639748135,9.227388,-0.018577293,2.2174904,0.22348024,-3.9133391,5.461719,2.16101,-0.21174514,0.11404249,0.13495396,-0.96122,-7.2311764,6.8266244,-0.8729097,0.09770311,2.4411223,-0.3651244,1
2.6899999999999866,9.951658210939407,-0.1616806519385773,1.7450420391861514,0.23514235821298732,9.72435,-0.22077663,1.4073826,0.29706106,-3.9857805,5.5298886,2.1522226,-0.21509941,0.12534979,0.13215332,-0.9594547,-7.2574096,6.8075395,-0.8846289,0.0795157,2.4062526,-0.3362414,1
2.6999999999999864,9.951658210939407,-0.1616806519385773,1.7450420391861514,0.23514235821298732,9.72435,-0.22077663,1.4073826,0.29706106,-4.0585012,5.597868,2.1433394,-0.21819393,0.13622947,0.12957713,-0.9576225,-7.2870708,6.788529,-0.8920939,0.03260542,2.2504904,-0.30516508,1
2.709999999999986,9.951658210939407,-0.1616806519385773,1.7450420391861514,0.23514235821298732,9.72435,-0.22077663,1.4073826,0.29706106,-4.1315284,5.665663,2.1343791,-0.22099291,0.1464721,0.12732643,-0.95576894,-7.318636,6.77055,-0.89999235,-0.006976434,2.119016,-0.27561364,1
2.719999999999986,9.951658210939407,-0.1616806519385773,1.7450420391861514,0.23514235821298732,9.72435,-0.22077663,1.4073826,0.29706106,-4.2048798,5.7332826,2.1253378,-0.22352521,0.15617852,0.12534766,-0.953903,-7.3519897,6.753523,-0.9083505,-0.040375404,2.008042,-0.24751231,1
2.7299999999999858,12.901438102067464,-0.7035072781283644,1.2857543097907478,0.5244872278022394,12.5004425,-0.64490587,0.82468545,0.687648,-4.2785735,5.800737,2.1162105,-0.22581592,0.1654335,0.123595215,-0.9520302,-7.387033,6.737379,-0.91719055,-0.068557456,1.9143729,-0.22078992,1
2.7399999999999856,12.901438102067464,-0.7035072781283644,1.2857543097907478,0.5244872278022394,12.5004425,-0.64490587,0.82468545,0.687648,-4.3526783,5.8680115,2.107119,-0.22778395,0.17413102,0.12223681,-0.9501838,-7.434139,6.7176743,-0.9011919,-0.15851419,1.7444453,-0.1762126,1
2.7499999999999853,12.901438102067464,-0.7035072781283644,1.2857543097907478,0.5244872278022394,12.5004425,-0.64490587,0.82468545,0.687648,-4.4272637,5.9350934,2.0981843,-0.22936016,0.18219307,0.1214022,-0.9483983,-7.483163,6.698859,-0.88585323,-0.23442763,1.6010116,-0.13382268,1
2.759999999999985,12.901438102067464,-0.7035072781283644,1.2857543097907478,0.5244872278022394,12.5004425,-0.64490587,0.82468545,0.687648,-4.502348,6.001991,2.0893998,-0.23058152,0.18972248,0.12100436,-0.9466751,-7.533976,6.6807704,-0.87118536,-0.29849112,1.4799417,-0.09351287,1
2.769999999999985,14.438117534529386,-0.9877181575601389,0.5419827527527653,0.6561681067703401,13.852203,-0.9615895,0.025228756,0.7987545,-4.577949,6.068711,2.0807586,-0.23148032,0.19680548,0.120969646,-0.9450128,-7.586469,6.6632695,-0.857196,-0.35255495,1.3777493,-0.055181082,1
2.7799999999999847,14.438117534529386,-0.9877181575601389,0.5419827527527653,0.6561681067703401,13.852203,-0.9615895,0.025228756,0.7987545,-4.654112,6.1352487,2.072314,-0.23200831,0.20324351,0.121427074,-0.94346064,-7.646385,6.6443796,-0.83184016,-0.4475735,1.1668159,-0.013278209,1
2.7899999999999845,14.438117534529386,-0.9877181575601389,0.5419827527527653,0.6561681067703401,13.852203,-0.9615895,0.025228756,0.7987545,-4.730882,6.201599,2.0641193,-0.23212782,0.2088843,0.122475624,-0.9420627,-7.7078757,6.625775,-0.8072174,-0.52776134,0.98877317,0.026568469,1
2.7999999999999843,14.438117534529386,-0.9877181575601389,0.5419827527527653,0.6561681067703401,13.852203,-0.9615895,0.025228756,0.7987545,-4.8082743,6.267764,2.0561671,-0.23187965,0.21385632,0.12401729,-0.9408057,-7.770773,6.607237,-0.7832992,-0.5954349,0.83849305,0.06445985,1
2.809999999999984,15.25031712780063,-1.1196324456910984,-0.009977855671794092,0.7209991649333248,14.349262,-1.0597634,-0.41440544,0.82747614,-4.886302,6.333743,2.048451,-0.23129924,0.21826737,0.12596929,-0.9396755,-7.834934,6.58858,-0.7600592,-0.65254813,0.7116474,0.10049191,1
2.819999999999984,15.25031712780063,-1.1196324456910984,-0.009977855671794092,0.7209991649333248,14.349262,-1.0597634,-0.41440544,0.82747614,-4.964989,6.399531,2.0409856,-0.23038328,0.22205216,0.12833858,-0.9386927,-7.902576,6.56896,-0.7331406,-0.7160544,0.5360194,0.13616523,1
2.8299999999999836,15.25031712780063,-1.1196324456910984,-0.009977855671794092,0.7209991649333248,14.349262,-1.0597634,-0.41440544,0.82747614,-5.044358,6.4651203,2.033786,-0.22913079,0.22516362,0.13112691,-0.93787235,-7.971237,6.548858,-0.70685613,-0.76965135,0.38777944,0.17008805,1
2.8399999999999834,15.25031712780063,-1.1196324456910984,-0.009977855671794092,0.7209991649333248,14.349262,-1.0597634,-0.41440544,0.82747614,-5.1244173,6.530505,2.0268464,-0.22757387,0.22770938,0.13426295,-0.9371928,-8.04077,6.5281,-0.6811641,-0.8148859,0.26265696,0.20234628,1
2.849999999999983,15.25031712780063,-1.1196324456910984,-0.009977855671794092,0.7209991649333248,14.271633,-1.0165282,-0.40632245,0.8372318,-5.2051764,6.595679,2.020161,-0.22574052,0.2297798,0.13768658,-0.93663394,-8.111043,6.5065374,-0.6560297,-0.8530638,0.15704763,0.23302159,1
2.859999999999983,15.25031712780063,-1.1196324456910984,-0.009977855671794092,0.7209991649333248,14.271633,-1.0165282,-0.40632245,0.8372318,-5.286639,6.6606336,2.013721,-0.22365864,0.2314501,0.14133002,-0.9361794,-8.181565,6.4841704,-0.6320882,-0.8785439,0.06916963,0.26267037,1
2.869999999999983,15.25031712780063,-1.1196324456910984,-0.009977855671794092,0.7209991649333248,14.271633,-1.0165282,-0.40632245,0.8372318,-5.3688097,6.7253594,2.0075176,-0.22135247,0.23278372,0.14513716,-0.93581426,-8.252622,6.4607854,-0.6086481,-0.9000499,-0.0050032362,0.29086426,1
2.8799999999999826,15.25031712780063,-1.1196324456910984,-0.009977855671794092,0.7209991649333248,14.271633,-1.0165282,-0.40632245,0.8372318,-5.451693,6.789846,2.0015464,-0.21884018,0.23383471,0.14907715,-0.93552375,-8.324128,6.436302,-0.58568925,-0.9182018,-0.0676082,0.31767467,1
2.8899999999999824,15.945730298451542,-1.0856842178329145,-0.41068557599296096,0.7576821032591079,15.347244,-0.9958032,-0.9064845,0.8851579,-5.5352936,6.854081,1.9958022,-0.21613795,0.23464853,0.1531242,-0.9352945,-8.396012,6.4106545,-0.5631961,-0.93352294,-0.12044922,0.34316948,1
2.899999999999982,15.945730298451542,-1.0856842178329145,-0.41068557599296096,0.7576821032591079,15.347244,-0.9958032,-0.9064845,0.8851579,-5.619642,6.918044,1.9903262,-0.21322578,0.23507527,0.15729056,-0.9351644,-8.47364,6.3817554,-0.5320972,-0.94320405,-0.24304946,0.369765,1
2.909999999999982,15.945730298451542,-1.0856842178329145,-0.41068557599296096,0.7576821032591079,15.347244,-0.9958032,-0.9064845,0.8851579,-5.7047668,6.981711,1.9851588,-0.21008745,0.23499815,0.1615841,-0.9351621,-8.55146,6.351449,-0.5014375,-0.9513763,-0.3465295,0.39505547,1
2.9199999999999817,15.945730298451542,-1.0856842178329145,-0.41068557599296096,0.7576821032591079,15.347244,-0.9958032,-0.9064845,0.8851579,-5.7906704,7.0450673,1.9802961,-0.20674188,0.23449679,0.16597906,-0.9352638,-8.629335,6.3196497,-0.4711713,-0.9582753,-0.43387103,0.41910496,1
2.9299999999999815,16.52959286639442,-1.0122496545559583,-0.790372784016964,0.7515134584346809,16.010775,-0.86021763,-1.4128569,0.83565825,-5.8773537,7.108098,1.9757344,-0.20320594,0.23363821,0.17045401,-0.93544877,-8.707144,6.2862854,-0.44126254,-0.9641001,-0.5075907,0.4419743,1
2.9399999999999813,16.52959286639442,-1.0122496545559583,-0.790372784016964,0.7515134584346809,16.010775,-0.86021763,-1.4128569,0.83565825,-5.9648304,7.1707797,1.9714975,-0.19947815,0.23227717,0.17498253,-0.9357539,-8.788124,6.249783,-0.40615615,-0.94785106,-0.6487738,0.4612925,1
2.949999999999981,16.52959286639442,-1.0122496545559583,-0.790372784016964,0.7515134584346809,16.010775,-0.86021763,-1.4128569,0.83565825,-6.053115,7.2330875,1.9676104,-0.19555838,0.23030108,0.17954212,-0.9362058,-8.868731,6.211514,-0.371319,-0.9341397,-0.7679391,0.4796627,1
2.959999999999981,16.52959286639442,-1.0122496545559583,-0.790372784016964,0.7515134584346809,16.010775,-0.86021763,-1.4128569,0.83565825,-6.1422024,7.2950034,1.9640706,-0.19146265,0.22780582,0.18412171,-0.93677324,-8.94878,6.171417,-0.33668402,-0.92257047,-0.86852044,0.4971315,1
2.9699999999999807,17.061075727272627,-0.8791031189122405,-1.1184703815844197,0.7080489180806121,16.624233,-0.765346,-1.7507881,0.7736091,-6.232088,7.3565097,1.9608763,-0.18720526,0.22487213,0.18871215,-0.93742883,-9.0281105,6.129442,-0.30219868,-0.9128089,-0.95341605,0.5137431,1
2.9799999999999804,17.061075727272627,-0.8791031189122405,-1.1184703815844197,0.7080489180806121,16.624233,-0.765346,-1.7507881,0.7736091,-6.3227773,7.4175777,1.9580518,-0.18278892,0.22143258,0.19329712,-0.9381846,-9.10958,6.0838685,-0.26274228,-0.88976175,-1.0777655,0.52649486,1
2.9899999999999802,17.061075727272627,-0.8791031189122405,-1.1184703815844197,0.7080489180806121,16.624233,-0.765346,-1.7507881,0.7736091,-6.4142756,7.47818,1.9556214,-0.17821705,0.21743672,0.1978627,-0.9390467,-9.1899605,6.0362625,-0.22333351,-0.87031376,-1.1827229,0.5386208,1
2.99999999999998,17.061075727272627,-0.8791031189122405,-1.1184703815844197,0.7080489180806121,16.624233,-0.765346,-1.7507881,0.7736091,-6.506572,7.5382957,1.9535851,-0.17350276,0.21296996,0.20240544,-0.9399846,-9.26907,5.9865913,-0.18391731,-0.8539034,-1.2713131,0.55015177,1
3.00999999999998,17.256945696620143,-0.7099692478718449,-1.2532009645478097,0.6589865459877805,16.955458,-0.7655291,-1.8386736,0.78442854,-6.599652,7.5979047,1.9519432,-0.1686578,0.20810436,0.2069226,-0.9409722,-9.3467455,5.934834,-0.14445356,-0.8400565,-1.3460879,0.5611169,1
3.0199999999999796,17.256945696620143,-0.7099692478718449,-1.2532009645478097,0.6589865459877805,16.955458,-0.7655291,-1.8386736,0.78442854,-6.693508,7.65698,1.9507099,-0.16368409,0.20286785,0.21141775,-0.9419943,-9.424358,5.879904,-0.10217179,-0.8283958,-1.4229081,0.57207483,1
3.0299999999999794,17.256945696620143,-0.7099692478718449,-1.2532009645478097,0.6589865459877805,16.955458,-0.7655291,-1.8386736,0.78442854,-6.788132,7.7154956,1.9499,-0.15858386,0.19728562,0.21589339,-0.9430367,-9.500218,5.8228207,-0.059790768,-0.8185577,-1.4877484,0.5824951,1
3.039999999999979,17.256945696620143,-0.7099692478718449,-1.2532009645478097,0.6589865459877805,16.955458,-0.7655291,-1.8386736,0.78442854,-6.8835053,7.773429,1.9495145,-0.15336752,0.19141003,0.22034627,-0.9440798,-9.574192,5.76358,-0.01729755,-0.8102571,-1.542477,0.592404,1
3.049999999999979,17.256945696620143,-0.7099692478718449,-1.2532009645478097,0.6589865459877805,16.918468,-0.6405086,-1.763001,0.79202944,-6.9796085,7.8307595,1.9495544,-0.14804447,0.18528539,0.22477387,-0.9451071,-9.646162,5.7021847,0.025311379,-0.80325454,-1.588671,0.60182667,1
3.0599999999999787,17.256945696620143,-0.7099692478718449,-1.2532009645478097,0.6589865459877805,16.918468,-0.6405086,-1.763001,0.79202944,-7.0764203,7.887466,1.9500195,-0.14263834,0.17897074,0.22912233,-0.9461106,-9.715872,5.638789,0.06772557,-0.77785397,-1.6158525,0.6111599,1
3.0699999999999785,17.256945696620143,-0.7099692478718449,-1.2532009645478097,0.6589865459877805,16.918468,-0.6405086,-1.763001,0.79202944,-7.1739182,7.943528,1.9509093,-0.13716865,0.17251548,0.23334941,-0.9470849,-9.783392,5.5733004,0.110249095,-0.75641626,-1.6387963,0.62003523,1
3.0799999999999783,17.256945696620143,-0.7099692478718449,-1.2532009645478097,0.6589865459877805,16.918468,-0.6405086,-1.763001,0.79202944,-7.27208,7.998925,1.9522249,-0.1316379,0.16594113,0.23746888,-0.9480201,-9.848648,5.5057693,0.15287568,-0.7383236,-1.6581625,0.62847507,1
3.089999999999978,16.56894955242236,-0.5023234880838531,-1.4294586905165627,0.555251249252488,16.42619,-0.49139675,-1.8704343,0.72898966,-7.370883,8.0536375,1.9539672,-0.12604867,0.15926583,0.24149247,-0.94890785,-9.9115715,5.436246,0.19559386,-0.723054,-1.6745094,0.6365008,1
3.099999999999978,16.56894955242236,-0.5023234880838531,-1.4294586905165627,0.555251249252488,16.42619,-0.49139675,-1.8704343,0.72898966,-7.470294,8.107655,1.9561166,-0.12040994,0.15245481,0.24538001,-0.9497612,-9.970337,5.3668613,0.23429139,-0.6869094,-1.7050508,0.6410392,1
3.1099999999999777,16.56894955242236,-0.5023234880838531,-1.4294586905165627,0.555251249252488,16.42619,-0.49139675,-1.8704343,0.72898966,-7.5702806,8.160969,1.9586532,-0.1147297,0.1454813,0.2491,-0.9505894,-10.026697,5.295658,0.2730661,-0.6564036,-1.7308315,0.6453549,1
3.1199999999999775,16.56894955242236,-0.5023234880838531,-1.4294586905165627,0.555251249252488,16.42619,-0.49139675,-1.8704343,0.72898966,-7.6708193,8.213562,1.961578,-0.10900935,0.13837022,0.25267324,-0.9513809,-10.080576,5.2227035,0.311918,-0.63065714,-1.7525934,0.6494589,1
3.1299999999999772,15.533116582500567,-0.3314891172544153,-1.553369339830487,0.46635328798171194,15.527924,-0.16851552,-2.082412,0.5168399,-7.771884,8.265417,1.9648917,-0.10325048,0.13114254,0.2561174,-0.95212585,-10.1319065,5.148063,0.3508407,-0.6089274,-1.770963,0.65336144,1
3.139999999999977,15.533116582500567,-0.3314891172544153,-1.553369339830487,0.46635328798171194,15.527924,-0.16851552,-2.082412,0.5168399,-7.873435,8.316539,1.9685574,-0.09747463,0.12371547,0.2593363,-0.9528571,-10.177956,5.075977,0.38233197,-0.5402328,-1.8195015,0.6466623,1
3.149999999999977,15.533116582500567,-0.3314891172544153,-1.553369339830487,0.46635328798171194,15.527924,-0.16851552,-2.082412,0.5168399,-7.9754343,8.366931,1.9725385,-0.09170139,0.1160239,0.2622539,-0.953599,-10.2214365,5.00246,0.4139071,-0.48225397,-1.860476,0.64029187,1
3.1599999999999766,15.533116582500567,-0.3314891172544153,-1.553369339830487,0.46635328798171194,15.527924,-0.16851552,-2.082412,0.5168399,-8.077856,8.416581,1.9768358,-0.085929945,0.10810804,0.26491123,-0.954332,-10.262253,4.9276156,0.4455891,-0.43331966,-1.8950647,0.634234,1
3.1699999999999764,13.81714022148092,-0.26821958519459455,-1.7822622942180926,0.37146324581984247,13.625425,-0.122477725,-2.3165643,0.38509068,-8.180672,8.465478,1.9814506,-0.08015996,0.100001864,0.26734295,-0.95503956,-10.30032,4.85154,0.47738996,-0.39201865,-1.924263,0.6284734,1
3.179999999999976,13.81714022148092,-0.26821958519459455,-1.7822622942180926,0.37146324581984247,13.625425,-0.122477725,-2.3165643,0.38509068,-8.283832,8.513656,1.9863043,-0.074383624,0.09163865,0.26956958,-0.9557199,-10.3312435,4.783783,0.49338335,-0.34997427,-1.9854223,0.61653054,1
3.189999999999976,13.81714022148092,-0.26821958519459455,-1.7822622942180926,0.37146324581984247,13.625425,-0.122477725,-2.3165643,0.38509068,-8.387287,8.561151,1.9913185,-0.06859663,0.08296628,0.2716078,-0.9563677,-10.359595,4.715096,0.5094889,-0.3144907,-2.037047,0.6051737,1
3.1999999999999758,13.81714022148092,-0.26821958519459455,-1.7822622942180926,0.37146324581984247,13.625425,-0.122477725,-2.3165643,0.38509068,-8.491014,8.607955,1.9964943,-0.06280379,0.074030995,0.2734795,-0.95696545,-10.385283,4.64555,0.5257042,-0.28454396,-2.0806239,0.5943741,1
3.2099999999999755,12.207214584038196,-0.27662511034070525,-1.9432724296126633,0.28132866998385586,12.184704,-0.13494523,-2.3794868,0.29405951,-8.594983,8.654059,2.0018327,-0.0570093,0.06487201,0.27520338,-0.9574985,-10.408231,4.5752125,0.5420186,-0.25926986,-2.1174073,0.58410454,1
3.2199999999999753,12.207214584038196,-0.27662511034070525,-1.9432724296126633,0.28132866998385586,12.184704,-0.13494523,-2.3794868,0.29405951,-8.699158,8.699494,2.0072744,-0.05122032,0.055495713,0.27680206,-0.95795405,-10.42624,4.5116644,0.54630774,-0.23988593,-2.158269,0.56987196,1
3.229999999999975,12.207214584038196,-0.27662511034070525,-1.9432724296126633,0.28132866998385586,12.184704,-0.13494523,-2.3794868,0.29405951,-8.803499,8.74429,2.012759,-0.045444332,0.04590859,0.278294,-0.95832056,-10.441677,4.447525,0.55064785,-0.22352698,-2.1927595,0.5563378,1
3.239999999999975,12.207214584038196,-0.27662511034070525,-1.9432724296126633,0.28132866998385586,12.184704,-0.13494523,-2.3794868,0.29405951,-8.907983,8.788443,2.0182874,-0.039685056,0.036141712,0.27968815,-0.9585886,-10.454488,4.3828487,0.55501235,-0.20972091,-2.2218726,0.5434677,1
3.2499999999999747,12.207214584038196,-0.27662511034070525,-1.9432724296126633,0.28132866998385586,11.818665,-0.24105759,-2.4272578,0.3684962,-9.01258,8.831945,2.0238593,-0.033945568,0.026221622,0.28099215,-0.95875037,-10.464626,4.31769,0.55937046,-0.19806889,-2.2464468,0.53122914,1
3.2599999999999745,12.207214584038196,-0.27662511034070525,-1.9432724296126633,0.28132866998385586,11.818665,-0.24105759,-2.4272578,0.3684962,-9.117264,8.8748045,2.0294592,-0.028213218,0.016156651,0.28225353,-0.9587881,-10.471831,4.2540717,0.5606099,-0.20477514,-2.2746456,0.5232437,1
3.2699999999999743,12.207214584038196,-0.27662511034070525,-1.9432724296126633,0.28132866998385586,11.818665,-0.24105759,-2.4272578,0.3684962,-9.222007,8.917026,2.0350711,-0.022477219,0.0059549944,0.2835101,-0.9586866,-10.47637,4.1900764,0.5617644,-0.21043667,-2.2984462,0.5156502,1
3.279999999999974,12.207214584038196,-0.27662511034070525,-1.9432724296126633,0.28132866998385586,11.818665,-0.24105759,-2.4272578,0.3684962,-9.326782,8.958606,2.040694,-0.016742382,-0.004362351,0.28475466,-0.9584436,-10.478209,4.125741,0.56278604,-0.21521614,-2.3185349,0.5084293,1
3.289999999999974,10.94784853624106,-0.3900992325263184,-2.209249197410362,0.27948330090395224,11.036772,-0.27828744,-2.7443109,0.3853216,-9.431561,8.99954,2.0463262,-0.011012699,-0.01477729,0.2859813,-0.9580572,-10.477321,4.0611067,0.563626,-0.219251,-2.3354905,0.5015628,1
3.2999999999999736,10.94784853624106,-0.3900992325263184,-2.209249197410362,0.27948330090395224,11.036772,-0.27828744,-2.7443109,0.3853216,-9.53632,9.039848,2.051933,-0.005253413,-0.025394982,0.2872001,-0.95751876,-10.47392,4.0005083,0.5577037,-0.22844581,-2.3992481,0.49585876,1
3.3099999999999734,10.94784853624106,-0.3900992325263184,-2.209249197410362,0.27948330090395224,11.036772,-0.27828744,-2.7443109,0.3853216,-9.641031,9.07955,2.0574794,0.00056318194,-0.03629739,0.28841683,-0.9568157,-10.467889,3.9397066,0.5515126,-0.23620994,-2.4530623,0.49043465,1
3.319999999999973,10.94784853624106,-0.3900992325263184,-2.209249197410362,0.27948330090395224,11.036772,-0.27828744,-2.7443109,0.3853216,-9.745667,9.118643,2.0629623,0.006424472,-0.04743854,0.28962117,-0.95594263,-10.459171,3.878742,0.54499733,-0.24276586,-2.4984832,0.48527673,1
3.329999999999973,9.873955574753147,-0.494315871549689,-2.1672435995567736,0.28529017428105313,9.968378,-0.5565398,-2.7795115,0.36904287,-9.850204,9.157125,2.0683782,0.012319745,-0.05877913,0.29080456,-0.954895,-10.447719,3.817659,0.5381009,-0.24830149,-2.536821,0.4803719,1
3.3399999999999728,9.873955574753147,-0.494315871549689,-2.1672435995567736,0.28529017428105313,9.968378,-0.5565398,-2.7795115,0.36904287,-9.954619,9.195025,2.0736787,0.018235117,-0.07030112,0.29206568,-0.9536359,-10.434871,3.7624197,0.5219759,-0.2963685,-2.5746822,0.47490892,1
3.3499999999999726,9.873955574753147,-0.494315871549689,-2.1672435995567736,0.28529017428105313,9.968378,-0.5565398,-2.7795115,0.36904287,-10.058893,9.232373,2.078816,0.024157299,-0.08198875,0.293482,-0.95213497,-10.419488,3.7071295,0.5053786,-0.33694097,-2.6066365,0.46971408,1
3.3599999999999723,9.873955574753147,-0.494315871549689,-2.1672435995567736,0.28529017428105313,9.968378,-0.5565398,-2.7795115,0.36904287,-10.163,9.269168,2.0837846,0.030078944,-0.09381363,0.29501814,-0.95039827,-10.40155,3.6518042,0.48823306,-0.3711875,-2.633606,0.4647741,1
3.369999999999972,9.17530905267014,-0.7350396794445226,-1.6780971841442578,0.39442020673206596,9.278582,-0.7956869,-2.3709824,0.33815804,-10.266915,9.305409,2.0885787,0.035994075,-0.10575112,0.29664427,-0.94843113,-10.381039,3.5964668,0.47046557,-0.40009427,-2.6563673,0.4600765,1
3.379999999999972,9.17530905267014,-0.7350396794445226,-1.6780971841442578,0.39442020673206596,9.278582,-0.7956869,-2.3709824,0.33815804,-10.370621,9.341117,2.0931642,0.04183519,-0.11762982,0.29843223,-0.9462291,-10.359549,3.544969,0.44649306,-0.46181023,-2.6118784,0.45409393,1
3.3899999999999717,9.17530905267014,-0.7350396794445226,-1.6780971841442578,0.39442020673206596,9.278582,-0.7956869,-2.3709824,0.33815804,-10.474099,9.376309,2.0975065,0.047546767,-0.12931411,0.30043983,-0.9437962,-10.335699,3.4934835,0.4218045,-0.51389885,-2.5743241,0.44840494,1
3.3999999999999715,9.17530905267014,-0.7350396794445226,-1.6780971841442578,0.39442020673206596,9.278582,-0.7956869,-2.3709824,0.33815804,-10.577327,9.410987,2.101598,0.05314094,-0.1408321,0.30262488,-0.94114757,-10.30954,3.4420097,0.39633322,-0.55786175,-2.542624,0.4429951,1
3.4099999999999713,8.39685753231382,-0.7964473849633517,-0.7849873266472837,0.5625262522176779,8.997734,-0.9215591,-1.9130877,0.37395415,-10.680283,9.445149,2.1054304,0.058628492,-0.152207,0.30495152,-0.93829554,-10.2811165,3.3905525,0.3700176,-0.5949666,-2.5158653,0.4378507,1
3.419999999999971,8.39685753231382,-0.7964473849633517,-0.7849873266472837,0.5625262522176779,8.997734,-0.9215591,-1.9130877,0.37395415,-10.782947,9.478806,2.1089845,0.06395934,-0.16328804,0.3074487,-0.9352645,-10.251403,3.3406756,0.34065533,-0.64593023,-2.4218755,0.4347153,1
3.429999999999971,8.39685753231382,-0.7964473849633517,-0.7849873266472837,0.5625262522176779,8.997734,-0.9215591,-1.9130877,0.37395415,-10.8853035,9.511963,2.1122406,0.06909444,-0.17395791,0.3101404,-0.9320814,-10.21962,3.2908134,0.31037247,-0.68894154,-2.342541,0.43173373,1
3.4399999999999706,8.39685753231382,-0.7964473849633517,-0.7849873266472837,0.5625262522176779,8.997734,-0.9215591,-1.9130877,0.37395415,-10.987331,9.544621,2.1151888,0.07405786,-0.18427901,0.3129914,-0.92875785,-10.185853,3.2409568,0.27912828,-0.72524124,-2.2755768,0.42889845,1
3.4499999999999704,8.39685753231382,-0.7964473849633517,-0.7849873266472837,0.5625262522176779,8.783058,-0.9362678,-1.463946,0.46564493,-11.089013,9.576782,2.1178198,0.07887044,-0.19430354,0.31597167,-0.9253029,-10.150178,3.1911016,0.24688558,-0.7558767,-2.219054,0.42620233,1
3.45999999999997,8.39685753231382,-0.7964473849633517,-0.7849873266472837,0.5625262522176779,8.783058,-0.9362678,-1.463946,0.46564493,-11.190333,9.60845,2.1201155,0.08350262,-0.20390618,0.3190779,-0.9217575,-10.113558,3.1424341,0.21206565,-0.78403866,-2.101304,0.42813778,1
3.46999999999997,8.39685753231382,-0.7964473849633517,-0.7849873266472837,0.5625262522176779,8.783058,-0.9362678,-1.463946,0.46564493,-11.291279,9.639631,2.1220577,0.087933466,-0.2129907,0.322309,-0.91815996,-10.075242,3.0937538,0.17622326,-0.8078039,-2.001916,0.42997825,1
3.47999999999997,8.39685753231382,-0.7964473849633517,-0.7849873266472837,0.5625262522176779,8.783058,-0.9362678,-1.463946,0.46564493,-11.391833,9.670324,2.1236362,0.092191346,-0.22163631,0.3256434,-0.91451216,-10.035324,3.0450494,0.13934766,-0.827859,-1.9180264,0.43172845,1
3.4899999999999696,7.662335784887578,-0.7934793720434347,0.39373603212794983,0.7454268841465125,8.264402,-0.96182257,-0.50581926,0.78277856,-11.4919815,9.700532,2.124841,0.09630049,-0.22990946,0.3290625,-0.9108149,-9.993889,2.996313,0.10142876,-0.8447832,-1.8472185,0.43339276,1
3.4999999999999694,7.662335784887578,-0.7934793720434347,0.39373603212794983,0.7454268841465125,8.264402,-0.96182257,-0.50581926,0.78277856,-11.59172,9.730266,2.1256435,0.1001885,-0.23750573,0.3326068,-0.90715164,-9.95355,2.9504151,0.058970034,-0.86307603,-1.6380427,0.4505372,1
3.509999999999969,7.662335784887578,-0.7934793720434347,0.39373603212794983,0.7454268841465125,8.264402,-0.96182257,-0.50581926,0.78277856,-11.691048,9.75954,2.1260169,0.10380334,-0.24418806,0.33631325,-0.90359753,-9.912,2.9044416,0.015549351,-0.8785116,-1.461487,0.4668404,1
3.519999999999969,7.662335784887578,-0.7934793720434347,0.39373603212794983,0.7454268841465125,8.264402,-0.96182257,-0.50581926,0.78277856,-11.789955,9.788354,2.1259513,0.1071915,-0.25009796,0.3401611,-0.90013856,-9.869377,2.8583524,-0.028802067,-0.89153576,-1.3124641,0.48234358,1
3.5299999999999687,7.245735606553436,-0.5297281264637143,1.4859488489297439,0.908255956075501,7.8911433,-0.8649334,0.5680523,0.9509832,-11.888432,9.816707,2.1254375,0.110392265,-0.25535423,0.3441317,-0.89676034,-9.825799,2.812112,-0.074056946,-0.902525,-1.1866804,0.497086,1
3.5399999999999685,7.245735606553436,-0.5297281264637143,1.4859488489297439,0.908255956075501,7.8911433,-0.8649334,0.5680523,0.9509832,-11.986478,9.844605,2.1244552,0.11331901,-0.25966063,0.34822765,-0.89357185,-9.783381,2.7677827,-0.1225321,-0.89673775,-0.91304195,0.5193588,1
3.5499999999999683,7.245735606553436,-0.5297281264637143,1.4859488489297439,0.908255956075501,7.8911433,-0.8649334,0.5680523,0.9509832,-12.084097,9.872061,2.1229842,0.1159061,-0.2627889,0.35245374,-0.8906639,-9.74032,2.72322,-0.17177686,-0.89184636,-0.6820768,0.5405387,1
3.559999999999968,7.245735606553436,-0.5297281264637143,1.4859488489297439,0.908255956075501,7.8911433,-0.8649334,0.5680523,0.9509832,-12.181282,9.899069,2.1210172,0.11821224,-0.26492152,0.35679615,-0.8879961,-9.696774,2.678366,-0.22172299,-0.8877112,-0.48713,0.56067944,1
3.569999999999968,7.903090242877947,-0.245807090355926,2.4411943461869834,1.109420737250841,8.425743,-0.48439106,1.6760119,1.2153023,-12.27803,9.925627,2.1185474,0.12028682,-0.26621154,0.3612416,-0.88553095,-9.652876,2.633169,-0.27231264,-0.8842149,-0.3225847,0.5798317,1
3.5799999999999677,7.903090242877947,-0.245807090355926,2.4411943461869834,1.109420737250841,8.425743,-0.48439106,1.6760119,1.2153023,-12.374323,9.951715,2.115585,0.12208007,-0.26636502,0.36570552,-0.88340455,-9.605763,2.5844944,-0.32030866,-0.82197976,-0.01089792,0.6110145,1
3.5899999999999674,7.903090242877947,-0.245807090355926,2.4411943461869834,1.109420737250841,8.425743,-0.48439106,1.6760119,1.2153023,-12.470145,9.977315,2.1121397,0.1235565,-0.2651542,0.37012216,-0.8817225,-9.558599,2.535345,-0.368818,-0.76944214,0.2521805,0.640667,1
3.5999999999999672,7.903090242877947,-0.245807090355926,2.4411943461869834,1.109420737250841,8.425743,-0.48439106,1.6760119,1.2153023,-12.5654955,10.00242,2.1082075,0.12477346,-0.26278585,0.3745035,-0.8804092,-9.511575,2.4856644,-0.41772744,-0.7250897,0.4742313,0.66886455,1
3.609999999999967,9.110248547245392,0.10895366265415844,3.2394990053988355,1.2888035309313512,8.609177,-0.026789919,2.4699824,1.3822198,-12.6603775,10.027027,2.1037843,0.12577896,-0.25943333,0.37885746,-0.879397,-9.464847,2.4354029,-0.46694407,-0.6876459,0.6616527,0.6956784,1
3.619999999999967,9.110248547245392,0.10895366265415844,3.2394990053988355,1.2888035309313512,8.609177,-0.026789919,2.4699824,1.3822198,-12.754789,10.051121,2.0988731,0.12655771,-0.25493196,0.38307333,-0.87877506,-9.417555,2.383411,-0.5153242,-0.584734,0.94369423,0.72936714,1
3.6299999999999666,9.110248547245392,0.10895366265415844,3.2394990053988355,1.2888035309313512,8.609177,-0.026789919,2.4699824,1.3822198,-12.84873,10.074692,2.0934777,0.12709913,-0.24915636,0.3870622,-0.87860554,-9.370904,2.3307447,-0.563809,-0.49786037,1.1817489,0.76140285,1
3.6399999999999664,9.110248547245392,0.10895366265415844,3.2394990053988355,1.2888035309313512,8.609177,-0.026789919,2.4699824,1.3822198,-12.942209,10.097734,2.087597,0.12744662,-0.24229358,0.39085642,-0.8787948,-9.325075,2.277373,-0.61228186,-0.42452407,1.382676,0.7918665,1
3.649999999999966,9.110248547245392,0.10895366265415844,3.2394990053988355,1.2888035309313512,8.712078,-0.012935058,2.5203664,1.4564514,-13.035234,10.120238,2.081232,0.12763667,-0.23450111,0.39448136,-0.8792613,-9.280225,2.2232704,-0.6606517,-0.3626142,1.5522658,0.82083523,1
3.659999999999966,9.110248547245392,0.10895366265415844,3.2394990053988355,1.2888035309313512,8.712078,-0.012935058,2.5203664,1.4564514,-13.127815,10.142194,2.0743873,0.12770122,-0.22588976,0.3979567,-0.87994003,-9.23597,2.1677628,-0.70825225,-0.30819705,1.7032632,0.8520251,1
3.6699999999999657,9.110248547245392,0.10895366265415844,3.2394990053988355,1.2888035309313512,8.712078,-0.012935058,2.5203664,1.4564514,-13.219959,10.163591,2.0670679,0.12766801,-0.21655379,0.4012978,-0.8807742,-9.19297,2.1114817,-0.75562423,-0.26225713,1.8307104,0.8816844,1
3.6799999999999655,9.110248547245392,0.10895366265415844,3.2394990053988355,1.2888035309313512,8.712078,-0.012935058,2.5203664,1.4564514,-13.311679,10.184422,2.0592759,0.12755941,-0.20659381,0.40451682,-0.88170946,-9.151339,2.0544186,-0.80273026,-0.22347285,1.9382801,0.9098884,1
3.6899999999999653,12.116255882508169,0.3910860957190141,3.59427391653375,1.4023526504593649,11.023617,0.15065162,2.7757921,1.4500779,-13.402989,10.204678,2.0510142,0.12739411,-0.19609529,0.40762326,-0.88269955,-9.111174,1.9965692,-0.8495474,-0.19072868,2.0290723,0.93670845,1
3.699999999999965,12.116255882508169,0.3910860957190141,3.59427391653375,1.4023526504593649,11.023617,0.15065162,2.7757921,1.4500779,-13.493855,10.224274,2.042354,0.12715767,-0.18503258,0.41057917,-0.88375133,-9.062321,1.9223769,-0.8823757,-0.13759668,2.1455529,0.96189964,1
3.709999999999965,12.116255882508169,0.3910860957190141,3.59427391653375,1.4023526504593649,11.023617,0.15065162,2.7757921,1.4500779,-13.584244,10.243123,2.033368,0.12683755,-0.17338927,0.4133531,-0.8848646,-9.015565,1.847197,-0.91479886,-0.09274105,2.243865,0.9858547,1
3.7199999999999647,12.116255882508169,0.3910860957190141,3.59427391653375,1.4023526504593649,11.023617,0.15065162,2.7757921,1.4500779,-13.674174,10.261215,2.0240595,0.12645069,-0.16124535,0.4159599,-0.88599396,-8.97103,1.7710421,-0.94680345,-0.05487186,2.326842,1.0086343,1
3.7299999999999645,14.72486178858323,0.557255697010249,3.531594024501775,1.4639053229517458,13.240652,0.22697751,2.5277798,1.4740185,-13.763672,10.278542,2.0144331,0.12601133,-0.14866915,0.41841164,-0.88710093,-8.928826,1.6939286,-0.9783919,-0.022900421,2.396876,1.0302962,1
3.7399999999999642,14.72486178858323,0.557255697010249,3.531594024501775,1.4639053229517458,13.240652,0.22697751,2.5277798,1.4740185,-13.852718,10.295013,2.0045602,0.12558013,-0.13580228,0.42067924,-0.8881521,-8.881044,1.6001832,-0.996122,0.01601987,2.4173167,1.0520699,1
3.749999999999964,14.72486178858323,0.557255697010249,3.531594024501775,1.4639053229517458,13.240652,0.22697751,2.5277798,1.4740185,-13.941302,10.310542,1.9945122,0.12520626,-0.1227612,0.42274097,-0.88912374,-8.83624,1.505364,-1.0133984,0.04887402,2.4345665,1.0727749,1
3.759999999999964,14.72486178858323,0.557255697010249,3.531594024501775,1.4639053229517458,13.240652,0.22697751,2.5277798,1.4740185,-14.029453,10.325117,1.9842937,0.12488506,-0.10956626,0.4246158,-0.889999,-8.794462,1.4095252,-1.0302572,0.07660771,2.4491234,1.092464,1
3.7699999999999636,16.971305640213973,0.7342549852043538,3.0541725214361475,1.4321023385384106,15.340269,0.55331475,2.2181122,1.4999326,-14.117202,10.338729,1.9739083,0.12461244,-0.09623532,0.4263196,-0.89076364,-8.755754,1.312719,-1.0467427,0.10001912,2.4614074,1.111187,1
3.7799999999999634,16.971305640213973,0.7342549852043538,3.0541725214361475,1.4321023385384106,15.340269,0.55331475,2.2181122,1.4999326,-14.204551,10.351291,1.9634249,0.12445256,-0.08287693,0.42773438,-0.8914506,-8.714506,1.1995074,-1.049906,0.17070754,2.4235191,1.1302627,1
3.789999999999963,16.971305640213973,0.7342549852043538,3.0541725214361475,1.4321023385384106,15.340269,0.55331475,2.2181122,1.4999326,-14.291506,10.362716,1.9529115,0.12445486,-0.069578774,0.42876852,-0.8920904,-8.676853,1.0853492,-1.05271,0.2303701,2.391533,1.1484026,1
3.799999999999963,16.971305640213973,0.7342549852043538,3.0541725214361475,1.4321023385384106,15.340269,0.55331475,2.2181122,1.4999326,-14.3781,10.372995,1.9423718,0.12459628,-0.05632745,0.42946967,-0.8926683,-8.642777,0.9703559,-1.0551716,0.28072676,2.364529,1.1656523,1
3.8099999999999627,18.825424370640924,0.6914987448220301,2.2741111433428935,1.4132255427522715,17.05608,0.46337178,1.411558,1.5571512,-14.464374,10.38212,1.9318093,0.124857366,-0.043112133,0.42987785,-0.89317137,-8.61227,0.85462624,-1.0573173,0.32322884,2.341731,1.1820556,1
3.8199999999999625,18.825424370640924,0.6914987448220301,2.2741111433428935,1.4132255427522715,17.05608,0.46337178,1.411558,1.5571512,-14.550343,10.39002,1.9212803,0.1253657,-0.030214038,0.43001968,-0.89356124,-8.582284,0.7252359,-1.0484185,0.3451691,2.196692,1.2004616,1
3.8299999999999623,18.825424370640924,0.6914987448220301,2.2741111433428935,1.4132255427522715,17.05608,0.46337178,1.411558,1.5571512,-14.636031,10.396624,1.9108418,0.12622416,-0.017855966,0.42992163,-0.89382,-8.556066,0.59524506,-1.0392578,0.3636746,2.074269,1.2179645,1
3.839999999999962,18.825424370640924,0.6914987448220301,2.2741111433428935,1.4132255427522715,17.05608,0.46337178,1.411558,1.5571512,-14.721476,10.401924,1.900496,0.12738384,-0.005951114,0.42961428,-0.8939618,-8.533424,0.46475953,-1.0298828,0.37928268,1.9709362,1.2346085,1
3.849999999999962,18.825424370640924,0.6914987448220301,2.2741111433428935,1.4132255427522715,16.807226,0.650994,1.2903414,1.4214753,-14.80671,10.405917,1.890245,0.12880301,0.005573686,0.42912307,-0.8939968,-8.5142,0.33386725,-1.0203366,0.39244702,1.8837162,1.2504358,1
3.8599999999999617,18.825424370640924,0.6914987448220301,2.2741111433428935,1.4132255427522715,16.807226,0.650994,1.2903414,1.4214753,-14.891771,10.408609,1.880082,0.13045117,0.01673922,0.4283959,-0.8939672,-8.498487,0.20456055,-1.0122279,0.43283287,1.7912151,1.2588289,1
3.8699999999999615,18.825424370640924,0.6914987448220301,2.2741111433428935,1.4132255427522715,16.807226,0.650994,1.2903414,1.4214753,-14.976691,10.410007,1.870001,0.13229893,0.027564056,0.4273931,-0.8939075,-8.485877,0.075018145,-1.0039923,0.46691015,1.7131343,1.26681,1
3.8799999999999613,18.825424370640924,0.6914987448220301,2.2741111433428935,1.4132255427522715,16.807226,0.650994,1.2903414,1.4214753,-15.061501,10.410109,1.8600028,0.13431495,0.03810192,0.42615077,-0.89381284,-8.476259,-0.0546773,-0.9956303,0.49566406,1.6472261,1.2743995,1
3.889999999999961,18.701680310420304,0.7267386614152251,1.3624098335665393,1.2477809996654778,16.877707,0.72081,0.5310862,1.295797,-15.146227,10.408913,1.8500888,0.13647287,0.048397973,0.42469925,-0.89367867,-8.469541,-0.18445596,-0.9871472,0.5199264,1.5915927,1.2816166,1
3.899999999999961,18.701680310420304,0.7267386614152251,1.3624098335665393,1.2477809996654778,16.877707,0.72081,0.5310862,1.295797,-15.230901,10.406416,1.8402625,0.13886413,0.058215972,0.4229988,-0.89353114,-8.465607,-0.31479707,-0.97809875,0.55139136,1.4262338,1.2823124,1
3.9099999999999606,18.701680310420304,0.7267386614152251,1.3624098335665393,1.2477809996654778,16.877707,0.72081,0.5310862,1.295797,-15.315548,10.4026165,1.8305274,0.14155795,0.06737005,0.421021,-0.8933992,-8.464279,-0.4450682,-0.96890086,0.5779282,1.2866584,1.2829741,1
3.9199999999999604,18.701680310420304,0.7267386614152251,1.3624098335665393,1.2477809996654778,16.877707,0.72081,0.5310862,1.295797,-15.400195,10.397515,1.8208852,0.14450389,0.075963035,0.4188048,-0.8932799,-8.465345,-0.5751855,-0.9595133,0.60030854,1.168846,1.2836034,1
3.92999999999996,19.752399051135654,0.5011003467562442,0.3860380707778332,1.156610978480581,17.83163,0.49631694,-0.5007082,1.1661686,-15.484863,10.391113,1.8113381,0.14765958,0.08408169,0.4163828,-0.8931688,-8.468628,-0.70507985,-0.94990087,0.6191834,1.0694036,1.2842019,1
3.93999999999996,19.752399051135654,0.5011003467562442,0.3860380707778332,1.156610978480581,17.83163,0.49631694,-0.5007082,1.1661686,-15.569577,10.383378,1.8019187,0.15115467,0.091410436,0.41380295,-0.8930632,-8.474248,-0.8420179,-0.93392754,0.60023034,0.82452744,1.27841,1
3.9499999999999598,19.752399051135654,0.5011003467562442,0.3860380707778332,1.156610978480581,17.83163,0.49631694,-0.5007082,1.1661686,-15.654356,10.374274,1.7926608,0.1550885,0.09770225,0.41110566,-0.8929683,-8.48167,-0.9785953,-0.91762495,0.5841992,0.61784214,1.2729023,1
3.9599999999999596,19.752399051135654,0.5011003467562442,0.3860380707778332,1.156610978480581,17.83163,0.49631694,-0.5007082,1.1661686,-15.739216,10.363807,1.7835677,0.1593873,0.103116885,0.40830532,-0.89288735,-8.490539,-1.1147568,-0.9009299,0.5706401,0.4433915,1.2676648,1
3.9699999999999593,19.737727111635312,0.252921502137698,-0.5440962808547153,0.9471870173765864,18.238096,0.16527562,-1.3953289,0.96615976,-15.824171,10.351979,1.7746438,0.16398893,0.10778917,0.40541372,-0.8928199,-8.500554,-1.250456,-0.88378257,0.55917186,0.29614833,1.2626842,1
3.979999999999959,19.737727111635312,0.252921502137698,-0.5440962808547153,0.9471870173765864,18.238096,0.16527562,-1.3953289,0.96615976,-15.909231,10.338783,1.7659069,0.1689783,0.11148132,0.4025023,-0.8927534,-8.511685,-1.3887354,-0.8634866,0.49796125,0.0323082,1.2481338,1
3.989999999999959,19.737727111635312,0.252921502137698,-0.5440962808547153,0.9471870173765864,18.238096,0.16527562,-1.3953289,0.96615976,-15.994406,10.324207,1.7573761,0.17441656,0.11400884,0.39962694,-0.89268,-8.523287,-1.5264691,-0.8426012,0.44625854,-0.19037688,1.2342972,1
3.9999999999999587,19.737727111635312,0.252921502137698,-0.5440962808547153,0.9471870173765864,18.238096,0.16527562,-1.3953289,0.96615976,-16.079697,10.308256,1.7490572,0.18022339,0.11554853,0.39677548,-0.8926005,-8.534951,-1.6636258,-0.8210572,0.40258747,-0.37832704,1.2211396,1
4.009999999999959,19.2209155690887,-0.04362862800688507,-1.298806997833141,0.7717575083483718,18.0591,-0.053856567,-1.9165617,0.78117085,-16.165104,10.290936,1.7409574,0.18633112,0.11624971,0.39393732,-0.8925125,-8.546336,-1.8001726,-0.7987908,0.36570063,-0.5369604,1.2086277,1
4.019999999999959,19.2209155690887,-0.04362862800688507,-1.298806997833141,0.7717575083483718,18.0591,-0.053856567,-1.9165617,0.78117085,-16.250622,10.272261,1.7330781,0.19275458,0.1160268,0.3911447,-0.8924056,-8.557031,-1.9347405,-0.7769323,0.30043012,-0.75216407,1.1876522,1
4.0299999999999585,19.2209155690887,-0.04362862800688507,-1.298806997833141,0.7717575083483718,18.0591,-0.053856567,-1.9165617,0.78117085,-16.336243,10.252243,1.7254215,0.19949886,0.114816666,0.38842103,-0.89226955,-8.566791,-2.0686326,-0.75424117,0.2453078,-0.9337969,1.167706,1
4.039999999999958,19.2209155690887,-0.04362862800688507,-1.298806997833141,0.7717575083483718,18.0591,-0.053856567,-1.9165617,0.78117085,-16.421953,10.23089,1.7179962,0.20649856,0.11276617,0.38574597,-0.892099,-8.575283,-2.201806,-0.73066324,0.19875629,-1.0870965,1.1487386,1
4.049999999999958,19.2209155690887,-0.04362862800688507,-1.298806997833141,0.7717575083483718,18.10555,-0.12666126,-2.062405,0.74975055,-16.507742,10.20821,1.7108114,0.21369886,0.1099996,0.38310245,-0.8918878,-8.582228,-2.3342116,-0.70615304,0.15944402,-1.2164825,1.130702,1
4.059999999999958,19.2209155690887,-0.04362862800688507,-1.298806997833141,0.7717575083483718,18.10555,-0.12666126,-2.062405,0.74975055,-16.593592,10.184208,1.7038782,0.22107576,0.106562406,0.3804899,-0.89162546,-8.587401,-2.466133,-0.68035555,0.114906885,-1.3484377,1.1120087,1
4.069999999999958,19.2209155690887,-0.04362862800688507,-1.298806997833141,0.7717575083483718,18.10555,-0.12666126,-2.062405,0.74975055,-16.679483,10.15889,1.6972078,0.22860725,0.10249593,0.37790647,-0.89130163,-8.590556,-2.5971699,-0.65355587,0.07729817,-1.4598085,1.0942324,1
4.079999999999957,19.2209155690887,-0.04362862800688507,-1.298806997833141,0.7717575083483718,18.10555,-0.12666126,-2.062405,0.74975055,-16.765396,10.132267,1.6908104,0.2362538,0.097892046,0.3753377,-0.8909105,-8.591494,-2.7272575,-0.6257319,0.045540653,-1.5538062,1.0773286,1
4.089999999999957,19.057762409877547,-0.2809059820996151,-1.7545530806458767,0.5963014364857426,18.209572,-0.3140082,-2.2687662,0.77289385,-16.851307,10.104347,1.6846966,0.24398242,0.0928288,0.37277153,-0.8904467,-8.590046,-2.856326,-0.5968688,0.018724242,-1.633141,1.0612541,1
4.099999999999957,19.057762409877547,-0.2809059820996151,-1.7545530806458767,0.5963014364857426,18.209572,-0.3140082,-2.2687662,0.77289385,-16.937191,10.075139,1.6788802,0.25180563,0.08728152,0.37024415,-0.88988405,-8.586049,-2.9850397,-0.56622505,-0.033112653,-1.732302,1.0471041,1
4.109999999999957,19.057762409877547,-0.2809059820996151,-1.7545530806458767,0.5963014364857426,18.209572,-0.3140082,-2.2687662,0.77289385,-17.02302,10.04465,1.6733755,0.25973138,0.08123388,0.36778235,-0.88919926,-8.579339,-3.1125875,-0.53453875,-0.07687687,-1.8159922,1.0336485,1
4.119999999999957,19.057762409877547,-0.2809059820996151,-1.7545530806458767,0.5963014364857426,18.209572,-0.3140082,-2.2687662,0.77289385,-17.108768,10.012892,1.6681929,0.26772842,0.0747587,0.3653648,-0.8883916,-8.569758,-3.2388978,-0.5018266,-0.11382562,-1.886626,1.0208533,1
4.129999999999956,18.01826881004759,-0.4379558736999872,-1.8788778055444284,0.40435092982658905,17.28563,-0.4205142,-2.398093,0.561419,-17.194407,9.9798765,1.6633425,0.27577057,0.06791801,0.3629739,-0.88746053,-8.5571785,-3.3638935,-0.4681096,-0.14501998,-1.9462402,1.008686,1
4.139999999999956,18.01826881004759,-0.4379558736999872,-1.8788778055444284,0.40435092982658905,17.28563,-0.4205142,-2.398093,0.561419,-17.279905,9.945649,1.6588004,0.28383446,0.06069742,0.36062008,-0.8864003,-8.542288,-3.4812224,-0.44015178,-0.18796559,-2.0167315,0.9867385,1
4.149999999999956,18.01826881004759,-0.4379558736999872,-1.8788778055444284,0.40435092982658905,17.28563,-0.4205142,-2.398093,0.561419,-17.36524,9.910256,1.6545424,0.29189643,0.053087108,0.3583102,-0.8852065,-8.524337,-3.5971477,-0.4112975,-0.2242214,-2.076225,0.96586794,1
4.159999999999956,18.01826881004759,-0.4379558736999872,-1.8788778055444284,0.40435092982658905,17.28563,-0.4205142,-2.398093,0.561419,-17.45038,9.873712,1.6505774,0.29993662,0.045142427,0.3560261,-0.88388014,-8.503227,-3.711587,-0.38158432,-0.25482902,-2.1264362,0.9460215,1
4.1699999999999555,16.118834541395017,-0.5472548067008068,-1.8383221249217245,0.26678006769908164,15.294912,-0.42545483,-2.4199162,0.34091243,-17.535295,9.83603,1.6469136,0.3079388,0.036910772,0.3537529,-0.88242203,-8.47888,-3.8244557,-0.35105303,-0.28066817,-2.1688135,0.92714894,1
4.179999999999955,16.118834541395017,-0.5472548067008068,-1.8383221249217245,0.26678006769908164,15.294912,-0.42545483,-2.4199162,0.34091243,-17.619967,9.797293,1.6434845,0.31586888,0.028414834,0.35147813,-0.8808411,-8.454418,-3.9228594,-0.33465025,-0.30326533,-2.2079809,0.8983821,1
4.189999999999955,16.118834541395017,-0.5472548067008068,-1.8383221249217245,0.26678006769908164,15.294912,-0.42545483,-2.4199162,0.34091243,-17.704374,9.757579,1.6402228,0.3236961,0.019673992,0.34919134,-0.8791459,-8.426998,-4.019718,-0.31760246,-0.32234132,-2.2410376,0.871027,1
4.199999999999955,16.118834541395017,-0.5472548067008068,-1.8383221249217245,0.26678006769908164,15.294912,-0.42545483,-2.4199162,0.34091243,-17.788496,9.716904,1.6371346,0.33141327,0.0107216155,0.34688377,-0.8773371,-8.396588,-4.1149526,-0.29995233,-0.33844444,-2.268937,0.84501415,1
4.209999999999955,14.429420064556508,-0.5639158421449956,-1.6763281570415283,0.1056698445229026,13.7796,-0.587066,-2.300302,0.27061856,-17.872297,9.675284,1.6342257,0.33901498,0.0015865143,0.34454826,-0.8754149,-8.363169,-4.208484,-0.2817448,-0.35203767,-2.292484,0.82027775,1
4.2199999999999545,14.429420064556508,-0.5639158421449956,-1.6763281570415283,0.1056698445229026,13.7796,-0.587066,-2.300302,0.27061856,-17.955767,9.632785,1.6314437,0.34647322,-0.007689627,0.3422519,-0.8733609,-8.330339,-4.2911487,-0.27460337,-0.38872996,-2.2937162,0.7933058,1
4.229999999999954,14.429420064556508,-0.5639158421449956,-1.6763281570415283,0.1056698445229026,13.7796,-0.587066,-2.300302,0.27061856,-18.038895,9.589467,1.6287352,0.35376495,-0.017073004,0.3400483,-0.8711627,-8.294788,-4.3721695,-0.26706892,-0.41969815,-2.2947521,0.76765746,1
4.239999999999954,14.429420064556508,-0.5639158421449956,-1.6763281570415283,0.1056698445229026,13.7796,-0.587066,-2.300302,0.27061856,-18.121653,9.545346,1.6261035,0.3608936,-0.026550844,0.33791372,-0.8688289,-8.256519,-4.4515095,-0.25920895,-0.44583514,-2.2956235,0.7432676,1
4.249999999999954,14.429420064556508,-0.5639158421449956,-1.6763281570415283,0.1056698445229026,13.337793,-0.7428636,-2.3504558,0.24057476,-18.204014,9.500442,1.6235518,0.36786282,-0.03611172,0.3358281,-0.86636645,-8.215538,-4.5291276,-0.2510878,-0.46789417,-2.296357,0.72007453,1
4.259999999999954,14.429420064556508,-0.5639158421449956,-1.6763281570415283,0.1056698445229026,13.337793,-0.7428636,-2.3504558,0.24057476,-18.285961,9.454782,1.6210654,0.3746772,-0.045787077,0.33382094,-0.86376065,-8.173258,-4.602551,-0.24618153,-0.5108069,-2.3048058,0.6965454,1
4.269999999999953,14.429420064556508,-0.5639158421449956,-1.6763281570415283,0.1056698445229026,13.337793,-0.7428636,-2.3504558,0.24057476,-18.367472,9.408397,1.6186286,0.3813398,-0.05560128,0.33191392,-0.86099935,-8.128361,-4.674233,-0.2411561,-0.5470265,-2.3119335,0.6741708,1
4.279999999999953,14.429420064556508,-0.5639158421449956,-1.6763281570415283,0.1056698445229026,13.337793,-0.7428636,-2.3504558,0.24057476,-18.448519,9.361304,1.6162424,0.38785192,-0.06553494,0.33008122,-0.85809135,-8.080845,-4.7441373,-0.23608412,-0.5775967,-2.3179464,0.6528941,1
4.289999999999953,13.332450997536494,-0.45076822994843957,-1.3931700914926561,-0.025601742797568265,12.647852,-0.68105924,-2.2523446,0.0852777,-18.529078,9.31352,1.6139069,0.39421552,-0.075571045,0.3283011,-0.85504377,-8.030714,-4.8122253,-0.2310351,-0.60339856,-2.323019,0.63266146,1
4.299999999999953,13.332450997536494,-0.45076822994843957,-1.3931700914926561,-0.025601742797568265,12.647852,-0.68105924,-2.2523446,0.0852777,-18.609137,9.265083,1.6115947,0.40040565,-0.08565761,0.32654834,-0.8518818,-7.9807096,-4.8750324,-0.23140639,-0.6155548,-2.3119917,0.6058011,1
4.3099999999999525,13.332450997536494,-0.45076822994843957,-1.3931700914926561,-0.025601742797568265,12.647852,-0.68105924,-2.2523446,0.0852777,-18.688683,9.216026,1.6092782,0.40640184,-0.09575306,0.32480258,-0.84862864,-7.928269,-4.9360476,-0.23191933,-0.6258123,-2.3026836,0.58025885,1
4.319999999999952,13.332450997536494,-0.45076822994843957,-1.3931700914926561,-0.025601742797568265,12.647852,-0.68105924,-2.2523446,0.0852777,-18.767693,9.1663685,1.6069558,0.41221264,-0.10585735,0.32305333,-0.8452868,-7.87343,-4.99524,-0.23262787,-0.63446736,-2.2948263,0.55596995,1
4.329999999999952,12.49496116357865,-0.2601141187625955,-0.9147513309181763,-0.12244025992765323,11.814045,-0.39143875,-1.7472938,-0.019154688,-18.846142,9.116128,1.604625,0.41784582,-0.11596993,0.32129177,-0.84185845,-7.816231,-5.052577,-0.23358454,-0.6417701,-2.2881942,0.532873,1
4.339999999999952,12.49496116357865,-0.2601141187625955,-0.9147513309181763,-0.12244025992765323,11.814045,-0.39143875,-1.7472938,-0.019154688,-18.924028,9.065343,1.6022513,0.42324746,-0.12587565,0.31949708,-0.83841324,-7.7606444,-5.1043773,-0.24122179,-0.6027995,-2.203817,0.5057848,1
4.349999999999952,12.49496116357865,-0.2601141187625955,-0.9147513309181763,-0.12244025992765323,11.814045,-0.39143875,-1.7472938,-0.019154688,-19.001348,9.014048,1.5997996,0.4283788,-0.13540505,0.31765586,-0.835015,-7.7030063,-5.154429,-0.24915971,-0.5698972,-2.1326017,0.48002586,1
4.3599999999999515,12.49496116357865,-0.2601141187625955,-0.9147513309181763,-0.12244025992765323,11.814045,-0.39143875,-1.7472938,-0.019154688,-19.078081,8.96226,1.597267,0.4332669,-0.1446187,0.31577092,-0.8316563,-7.6434274,-5.2027497,-0.25741485,-0.5421186,-2.0724957,0.4555309,1
4.369999999999951,11.749120963021427,0.05404905411762384,-0.14800331074887493,-0.21624529467244605,11.180504,-0.1579885,-1.1025857,-0.07143984,-19.154207,8.909998,1.5946501,0.4379348,-0.15356743,0.3138443,-0.8283297,-7.582006,-5.2493525,-0.26600364,-0.51866597,-2.0217657,0.43223795,1
4.379999999999951,11.749120963021427,0.05404905411762384,-0.14800331074887493,-0.21624529467244605,11.180504,-0.1579885,-1.1025857,-0.07143984,-19.229729,8.85729,1.5919217,0.44233137,-0.16204168,0.311913,-0.82510227,-7.5222273,-5.291849,-0.27972096,-0.46248913,-1.8783967,0.40752235,1
4.389999999999951,11.749120963021427,0.05404905411762384,-0.14800331074887493,-0.21624529467244605,11.180504,-0.1579885,-1.1025857,-0.07143984,-19.304647,8.804166,1.5890545,0.44642124,-0.16987918,0.31001002,-0.8220346,-7.4609346,-5.3328037,-0.29376206,-0.4150615,-1.7573905,0.38401955,1
4.399999999999951,11.749120963021427,0.05404905411762384,-0.14800331074887493,-0.21624529467244605,11.180504,-0.1579885,-1.1025857,-0.07143984,-19.378944,8.750639,1.5860453,0.4502432,-0.17718276,0.3081301,-0.81911,-7.3982644,-5.3722897,-0.30811635,-0.37502083,-1.6552584,0.36167002,1
4.40999999999995,10.96355534681139,0.38301958215649473,0.6635093302885504,-0.2779394780048592,10.602961,0.052225098,-0.42397812,-0.08441009,-19.45261,8.696724,1.5828911,0.4538297,-0.1840388,0.3062682,-0.8163125,-7.3343325,-5.410371,-0.32277414,-0.34121683,-1.5690566,0.3404172,1
4.41999999999995,10.96355534681139,0.38301958215649473,0.6635093302885504,-0.2779394780048592,10.602961,0.052225098,-0.42397812,-0.08441009,-19.525646,8.642445,1.5795673,0.45714012,-0.19026098,0.30447465,-0.8137056,-7.2726073,-5.445212,-0.342019,-0.27991843,-1.3904647,0.31957078,1
4.42999999999995,10.96355534681139,0.38301958215649473,0.6635093302885504,-0.2779394780048592,10.602961,0.052225098,-0.42397812,-0.08441009,-19.59806,8.587823,1.5760498,0.46014696,-0.1957066,0.30279157,-0.8113439,-7.2099247,-5.4788866,-0.36151302,-0.22816838,-1.2397279,0.29974732,1
4.43999999999995,10.96355534681139,0.38301958215649473,0.6635093302885504,-0.2779394780048592,10.602961,0.052225098,-0.42397812,-0.08441009,-19.669842,8.53287,1.5723363,0.4628925,-0.20050114,0.3012026,-0.8092001,-7.1464157,-5.5115056,-0.38122466,-0.1844797,-1.1125013,0.28089663,1
4.4499999999999496,10.96355534681139,0.38301958215649473,0.6635093302885504,-0.2779394780048592,10.201523,0.17944674,0.15951176,-0.07581616,-19.740982,8.477596,1.5684247,0.4654119,-0.20474996,0.29969317,-0.8072491,-7.0821905,-5.543163,-0.4011254,-0.14759709,-1.0051179,0.26297092,1
4.459999999999949,10.96355534681139,0.38301958215649473,0.6635093302885504,-0.2779394780048592,10.201523,0.17944674,0.15951176,-0.07581616,-19.811493,8.422016,1.5642985,0.46767637,-0.20832933,0.2983187,-0.80553186,-7.0198026,-5.572782,-0.42414224,-0.096634895,-0.8234848,0.24634656,1
4.469999999999949,10.96355534681139,0.38301958215649473,0.6635093302885504,-0.2779394780048592,10.201523,0.17944674,0.15951176,-0.07581616,-19.881378,8.366144,1.5599415,0.4696662,-0.21114628,0.2971235,-0.80408114,-6.9569364,-5.6016836,-0.4472784,-0.0536117,-0.6701794,0.23053794,1
4.479999999999949,10.96355534681139,0.38301958215649473,0.6635093302885504,-0.2779394780048592,10.201523,0.17944674,0.15951176,-0.07581616,-19.950632,8.309986,1.5553527,0.47142026,-0.21332344,0.29608014,-0.80286396,-6.893701,-5.6299887,-0.47049755,-0.017291266,-0.5407838,0.21550505,1
4.489999999999949,10.373910508862828,0.7019484640514838,1.361646021624871,-0.3158695027188534,9.957256,0.35393426,0.6831415,-0.08749559,-20.019253,8.253547,1.5505314,0.47297078,-0.21496385,0.29516506,-0.80185086,-6.830187,-5.6578007,-0.49376765,0.013370518,-0.43156904,0.20120983,1
4.4999999999999485,10.373910508862828,0.7019484640514838,1.361646021624871,-0.3158695027188534,9.957256,0.35393426,0.6831415,-0.08749559,-20.087244,8.196835,1.5454683,0.4742969,-0.21595351,0.2944008,-0.80108225,-6.7680006,-5.6845574,-0.5188494,0.06645596,-0.25772405,0.18704297,1
4.509999999999948,10.373910508862828,0.7019484640514838,1.361646021624871,-0.3158695027188534,9.957256,0.35393426,0.6831415,-0.08749559,-20.154613,8.139856,1.5401545,0.4753836,-0.21620648,0.2938044,-0.80058867,-6.7057247,-5.7110443,-0.5439095,0.11126915,-0.11099219,0.17357129,1
4.519999999999948,10.373910508862828,0.7019484640514838,1.361646021624871,-0.3158695027188534,9.957256,0.35393426,0.6831415,-0.08749559,-20.22136,8.082614,1.5345905,0.47626325,-0.21584006,0.29334915,-0.80033165,-6.6434565,-5.7373767,-0.56890726,0.14909865,0.012855604,0.16076067,1
4.529999999999948,10.076804063938253,0.9495635680479756,1.870691202787892,-0.30673342811478577,9.415365,0.5836273,1.1071885,-0.05897843,-20.287483,8.025109,1.5287769,0.47696275,-0.21495289,0.29301202,-0.80027735,-6.5812783,-5.763653,-0.59380835,0.18103264,0.11738818,0.14857866,1
4.539999999999948,10.076804063938253,0.9495635680479756,1.870691202787892,-0.30673342811478577,9.415365,0.5836273,1.1071885,-0.05897843,-20.353003,7.9673486,1.5226948,0.47747728,-0.21344714,0.29278153,-0.80045784,-6.5226398,-5.7885284,-0.6225714,0.2438039,0.2717513,0.13839376,1
4.549999999999947,10.076804063938253,0.9495635680479756,1.870691202787892,-0.30673342811478577,9.415365,0.5836273,1.1071885,-0.05897843,-20.417936,7.9093385,1.516326,0.47780395,-0.21124887,0.29264718,-0.80089504,-6.46425,-5.813532,-0.6511705,0.2967898,0.4020402,0.12870866,1
4.559999999999947,10.076804063938253,0.9495635680479756,1.870691202787892,-0.30673342811478577,9.415365,0.5836273,1.1071885,-0.05897843,-20.482286,7.8510776,1.509672,0.4779657,-0.2084666,0.29259202,-0.8015474,-6.4062004,-5.8387566,-0.6795651,0.34151578,0.51200944,0.11949879,1
4.569999999999947,10.443886831824186,1.1393591155719198,2.139932082985972,-0.25596799009473287,9.610203,0.7849462,1.4077711,-0.118564375,-20.546059,7.7925625,1.5027354,0.4779817,-0.20519164,0.2926015,-0.80237913,-6.348568,-5.8642797,-0.7077226,0.37926927,0.60482806,0.11074084,1
4.579999999999947,10.443886831824186,1.1393591155719198,2.139932082985972,-0.25596799009473287,9.610203,0.7849462,1.4077711,-0.118564375,-20.609251,7.733788,1.4955257,0.47784302,-0.20136796,0.29265434,-0.80341053,-6.2902412,-5.890706,-0.73416215,0.4425305,0.73004794,0.09948877,1
4.589999999999947,10.443886831824186,1.1393591155719198,2.139932082985972,-0.25596799009473287,9.610203,0.7849462,1.4077711,-0.118564375,-20.671862,7.674747,1.4880532,0.47754145,-0.19695483,0.29273218,-0.8046545,-6.2325025,-5.917585,-0.7602945,0.495929,0.8357384,0.08878883,1
4.599999999999946,10.443886831824186,1.1393591155719198,2.139932082985972,-0.25596799009473287,9.610203,0.7849462,1.4077711,-0.118564375,-20.733902,7.615434,1.4803212,0.47709265,-0.19204383,0.29282728,-0.80607194,-6.175439,-5.944987,-0.7860869,0.54100204,0.9249457,0.07861394,1
4.609999999999946,11.942572587473714,1.2274329694933894,2.2918263423652823,-0.15607863428352517,10.468697,0.92563874,1.5318953,-0.115820445,-20.795374,7.555845,1.472333,0.4765098,-0.18671215,0.29293308,-0.8076294,-6.1191254,-5.972971,-0.8115148,0.5790474,1.0002403,0.06893833,1
4.619999999999946,11.942572587473714,1.2274329694933894,2.2918263423652823,-0.15607863428352517,10.468697,0.92563874,1.5318953,-0.115820445,-20.856262,7.49596,1.4641249,0.47580016,-0.18095785,0.29302207,-0.80932355,-6.0586743,-6.0041428,-0.8300333,0.63310075,1.0831504,0.05987216,1
4.629999999999946,11.942572587473714,1.2274329694933894,2.2918263423652823,-0.15607863428352517,10.468697,0.92563874,1.5318953,-0.115820445,-20.91655,7.43576,1.4557339,0.47496924,-0.17478244,0.29307178,-0.81114876,-5.999199,-6.036052,-0.84811085,0.67872554,1.1531298,0.051250875,1
4.6399999999999455,11.942572587473714,1.2274329694933894,2.2918263423652823,-0.15607863428352517,10.468697,0.92563874,1.5318953,-0.115820445,-20.976248,7.3752365,1.4471643,0.47402534,-0.16825077,0.29308367,-0.8130754,-5.9407763,-6.0687428,-0.8657288,0.7172359,1.2121954,0.04305264,1
4.649999999999945,11.942572587473714,1.2274329694933894,2.2918263423652823,-0.15607863428352517,11.165714,0.9782898,1.4699702,-0.07692922,-21.035368,7.3143826,1.4384209,0.47297564,-0.16141762,0.29305908,-0.81507844,-5.883477,-6.102248,-0.882876,0.74974126,1.2620496,0.035256684,1
4.659999999999945,11.942572587473714,1.2274329694933894,2.2918263423652823,-0.15607863428352517,11.165714,0.9782898,1.4699702,-0.07692922,-21.093903,7.2531776,1.4295355,0.471841,-0.15433814,0.29297107,-0.8171364,-5.823626,-6.1388803,-0.8941253,0.78538716,1.2944728,0.029751696,1
4.669999999999945,11.942572587473714,1.2274329694933894,2.2918263423652823,-0.15607863428352517,11.165714,0.9782898,1.4699702,-0.07692922,-21.151844,7.1916018,1.4205401,0.47063905,-0.14705847,0.29279855,-0.8192313,-5.7650976,-6.17642,-0.9048628,0.8154744,1.3218393,0.024516828,1
4.679999999999945,11.942572587473714,1.2274329694933894,2.2918263423652823,-0.15607863428352517,11.165714,0.9782898,1.4699702,-0.07692922,-21.209208,7.1296463,1.4114399,0.46937132,-0.13960916,0.29255047,-0.8213478,-5.7079444,-6.2148743,-0.91508865,0.8408693,1.3449378,0.019538846,1
4.689999999999944,14.136210987290925,1.214850740415026,2.3118784843901437,-0.010312458569904655,12.725809,1.0374584,1.2033001,0.08758537,-21.266008,7.0673018,1.40224,0.4680394,-0.13201608,0.29223457,-0.8234731,-5.652214,-6.254244,-0.9248077,0.8623038,1.364434,0.014805135,1
4.699999999999944,14.136210987290925,1.214850740415026,2.3118784843901437,-0.010312458569904655,12.725809,1.0374584,1.2033001,0.08758537,-21.32222,7.0045304,1.3930075,0.466696,-0.12437214,0.2917907,-0.8255802,-5.5903645,-6.300152,-0.9216093,0.8896161,1.3393075,0.01837648,1
4.709999999999944,14.136210987290925,1.214850740415026,2.3118784843901437,-0.010312458569904655,12.725809,1.0374584,1.2033001,0.08758537,-21.377821,6.941295,1.3838098,0.4653862,-0.11675186,0.2911725,-0.827648,-5.530211,-6.347057,-0.9178478,0.9126692,1.3180996,0.021772584,1
4.719999999999944,14.136210987290925,1.214850740415026,2.3118784843901437,-0.010312458569904655,12.725809,1.0374584,1.2033001,0.08758537,-21.432829,6.8775864,1.3746525,0.464101,-0.109150626,0.29040438,-0.82967436,-5.471776,-6.3949127,-0.91353,0.9321276,1.3001989,0.025002036,1
4.729999999999944,16.368013363521435,1.0543064215342912,2.152632780795646,0.17599817251240618,14.772972,0.90185463,1.1773493,0.3019047,-21.487263,6.813394,1.3655411,0.46283284,-0.1015646,0.2895069,-0.83165735,-5.415079,-6.4436774,-0.90866554,0.9485514,1.2850897,0.028073028,1
4.739999999999943,16.368013363521435,1.0543064215342912,2.152632780795646,0.17599817251240618,14.772972,0.90185463,1.1773493,0.3019047,-21.541092,6.7486696,1.3565642,0.4615952,-0.094016686,0.28854057,-0.83356637,-5.351298,-6.5013013,-0.8866192,0.9412583,1.2682959,0.041510034,1
4.749999999999943,16.368013363521435,1.0543064215342912,2.152632780795646,0.17599817251240618,14.772972,0.90185463,1.1773493,0.3019047,-21.594294,6.6833644,1.3478107,0.46040252,-0.08652387,0.28755468,-0.8353761,-5.289554,-6.5599055,-0.8639844,0.93510324,1.2541203,0.054287672,1
4.759999999999943,16.368013363521435,1.0543064215342912,2.152632780795646,0.17599817251240618,14.772972,0.90185463,1.1773493,0.3019047,-21.646889,6.6174684,1.3392864,0.45924994,-0.07907533,0.2865502,-0.83709216,-5.2298446,-6.619463,-0.8407944,0.9299089,1.2421552,0.06643831,1
4.769999999999943,17.538688348856134,0.7985815390387735,1.849352204295827,0.3481512607656703,15.635445,0.619101,0.9663554,0.431159,-21.698896,6.5509725,1.3309968,0.45813316,-0.07166208,0.28552783,-0.83871937,-5.1721673,-6.6799498,-0.8170816,0.9255249,1.2320557,0.07799271,1
4.7799999999999425,17.538688348856134,0.7985815390387735,1.849352204295827,0.3481512607656703,15.635445,0.619101,0.9663554,0.431159,-21.750322,6.4838486,1.3229822,0.45707813,-0.06439484,0.28454572,-0.8402169,-5.113264,-6.7449245,-0.78574055,0.8777268,1.1906271,0.095322676,1
4.789999999999942,17.538688348856134,0.7985815390387735,1.849352204295827,0.3481512607656703,15.635445,0.619101,0.9663554,0.431159,-21.80117,6.4160705,1.3152835,0.45610902,-0.057360604,0.28365102,-0.8415546,-5.0564437,-6.810825,-0.7539375,0.8373839,1.1556585,0.111802265,1
4.799999999999942,17.538688348856134,0.7985815390387735,1.849352204295827,0.3481512607656703,15.635445,0.619101,0.9663554,0.431159,-21.851458,6.3476286,1.3079048,0.45521906,-0.05052063,0.2828292,-0.84275067,-5.001638,-6.8776217,-0.7217271,0.8033335,1.1261426,0.12747319,1
4.809999999999942,18.24854853902417,0.4729113637129546,1.3339185504403663,0.5243394104824467,16.040995,0.34751812,0.68595606,0.5594174,-21.901207,6.2785144,1.3008502,0.45440197,-0.043842312,0.28206778,-0.84382004,-4.9487886,-6.945288,-0.6891575,0.77459395,1.1012292,0.14237514,1
4.819999999999942,18.24854853902417,0.4729113637129546,1.3339185504403663,0.5243394104824467,16.040995,0.34751812,0.68595606,0.5594174,-21.950432,6.2087107,1.2941397,0.45369264,-0.037437897,0.28139767,-0.8447334,-4.896517,-7.0155764,-0.6528766,0.70798403,1.0364709,0.16283953,1
4.8299999999999415,18.24854853902417,0.4729113637129546,1.3339185504403663,0.5243394104824467,16.040995,0.34751812,0.68595606,0.5594174,-21.999144,6.1382003,1.2877936,0.45312166,-0.031394523,0.28084368,-0.84547013,-4.846082,-7.086692,-0.61632895,0.6517627,0.9818106,0.1822997,1
4.839999999999941,18.24854853902417,0.4729113637129546,1.3339185504403663,0.5243394104824467,16.040995,0.34751812,0.68595606,0.5594174,-22.047361,6.066974,1.281814,0.45267725,-0.025653126,0.28038737,-0.8460532,-4.7973704,-7.158595,-0.5795658,0.6043101,0.9356741,0.20080498,1
4.849999999999941,18.24854853902417,0.4729113637129546,1.3339185504403663,0.5243394104824467,16.43716,0.2816123,0.38921896,0.6565883,-22.095098,5.9950256,1.2762028,0.45234853,-0.020163953,0.280013,-0.8465015,-4.7502823,-7.231254,-0.5426306,0.5642583,0.89673203,0.21840219,1
4.859999999999941,18.24854853902417,0.4729113637129546,1.3339185504403663,0.5243394104824467,16.43716,0.2816123,0.38921896,0.6565883,-22.142368,5.9223375,1.2709786,0.45216867,-0.014994232,0.279676,-0.8468163,-4.7036047,-7.306448,-0.5022211,0.5201794,0.81758684,0.23990412,1
4.869999999999941,18.24854853902417,0.4729113637129546,1.3339185504403663,0.5243394104824467,16.43716,0.2816123,0.38921896,0.6565883,-22.189178,5.848894,1.2661589,0.45216504,-0.010194769,0.27934065,-0.8470003,-4.6583853,-7.3823204,-0.46169785,0.48297536,0.75078374,0.2603509,1
4.87999999999994,18.24854853902417,0.4729113637129546,1.3339185504403663,0.5243394104824467,16.43716,0.2816123,0.38921896,0.6565883,-22.235542,5.7746887,1.2617451,0.45232013,-0.005704874,0.2790063,-0.84706986,-4.6145134,-7.458808,-0.4210797,0.45157367,0.69439846,0.2797944,1
4.88999999999994,18.853514513629417,0.2267897016615973,0.666397630596553,0.6769409638436985,16.915058,0.2633598,-0.17732833,0.7596031,-22.281471,5.6997156,1.2577378,0.4526184,-0.0014734443,0.27867213,-0.84703845,-4.571894,-7.5358577,-0.38038197,0.425069,0.6468062,0.29828376,1
4.89999999999994,18.853514513629417,0.2267897016615973,0.666397630596553,0.6769409638436985,16.915058,0.2633598,-0.17732833,0.7596031,-22.326973,5.623958,1.2541579,0.4531202,0.0023507453,0.27824116,-0.8469099,-4.529232,-7.6156673,-0.33557597,0.3998679,0.51828396,0.32092085,1
4.90999999999994,18.853514513629417,0.2267897016615973,0.666397630596553,0.6769409638436985,16.915058,0.2633598,-0.17732833,0.7596031,-22.372057,5.5474,1.2510265,0.45387414,0.0056524193,0.27763644,-0.846689,-4.487627,-7.695874,-0.2906805,0.37859622,0.40980434,0.34244713,1
4.9199999999999395,18.853514513629417,0.2267897016615973,0.666397630596553,0.6769409638436985,16.915058,0.2633598,-0.17732833,0.7596031,-22.416729,5.470039,1.2483448,0.45485115,0.008516283,0.27688453,-0.8463869,-4.4469414,-7.7763495,-0.24567159,0.3606412,0.31824234,0.3629171,1
4.929999999999939,19.120416215654473,0.03591500939146545,-0.043360373400609234,0.7821894004271583,17.085112,0.21921925,-0.8354428,0.859267,-22.460999,5.3918724,1.2461137,0.45602578,0.011013669,0.27600762,-0.84601235,-4.4070587,-7.8569865,-0.2005276,0.3454851,0.2409592,0.38238257,1
4.939999999999939,19.120416215654473,0.03591500939146545,-0.043360373400609234,0.7821894004271583,17.085112,0.21921925,-0.8354428,0.859267,-22.504871,5.3128953,1.244342,0.45745924,0.012977203,0.27491888,-0.845565,-4.367474,-7.9384913,-0.15378273,0.32583445,0.073094904,0.4057834,1
4.949999999999939,19.120416215654473,0.03591500939146545,-0.043360373400609234,0.7821894004271583,17.085112,0.21921925,-0.8354428,0.859267,-22.54835,5.2331033,1.2430388,0.45919943,0.014277765,0.27354994,-0.8450446,-4.3284216,-8.019879,-0.10682754,0.30924606,-0.068590716,0.42803597,1
4.959999999999939,19.120416215654473,0.03591500939146545,-0.043360373400609234,0.7821894004271583,17.085112,0.21921925,-0.8354428,0.859267,-22.59144,5.1524987,1.2422063,0.46120742,0.015022123,0.27194273,-0.8444568,-4.2897363,-8.100973,-0.05960942,0.29524243,-0.18818071,0.4491966,1
4.9699999999999385,19.234381786260798,-0.18347036168281758,-0.736922043708099,0.9242012380082089,17.02171,0.17475395,-1.5403124,0.9220504,-22.634146,5.0710855,1.2418476,0.4634493,0.015300179,0.27013245,-0.84380513,-4.251281,-8.1816225,-0.012083495,0.28341988,-0.28912076,0.46931887,1
4.979999999999938,19.234381786260798,-0.18347036168281758,-0.736922043708099,0.9242012380082089,17.02171,0.17475395,-1.5403124,0.9220504,-22.676466,4.98887,1.2419631,0.46597847,0.014943501,0.2680326,-0.843088,-4.21307,-8.261387,0.035251565,0.26653987,-0.4842447,0.49153456,1
4.989999999999938,19.234381786260798,-0.18347036168281758,-0.736922043708099,0.9242012380082089,17.02171,0.17475395,-1.5403124,0.9220504,-22.718405,4.905861,1.2425541,0.46883434,0.01382276,0.26557475,-0.84230125,-4.17478,-8.340351,0.08300204,0.25228745,-0.6489389,0.5126601,1
4.999999999999938,19.234381786260798,-0.18347036168281758,-0.736922043708099,0.9242012380082089,17.02171,0.17475395,-1.5403124,0.9220504,-22.75996,4.822067,1.2436249,0.47197038,0.012060277,0.26281065,-0.8414435,-4.1362367,-8.418297,0.13123173,0.24025263,-0.7879489,0.53274894,1
5.009999999999938,18.743554618834903,-0.41175004712935304,-1.2006790501114564,1.004317005287684,17.15004,0.036658928,-2.1017196,1.0364331,-22.801128,4.737499,1.2451805,0.4753462,0.009759076,0.2597839,-0.8405124,-4.0972953,-8.49504,0.17999114,0.23008989,-0.9052801,0.55185205,1
5.019999999999937,18.743554618834903,-0.41175004712935304,-1.2006790501114564,1.004317005287684,17.15004,0.036658928,-2.1017196,1.0364331,-22.841904,4.652168,1.2472321,0.4789972,0.006794512,0.25647035,-0.8394859,-4.057529,-8.570974,0.23043302,0.20000821,-1.0918719,0.5756306,1
5.029999999999937,18.743554618834903,-0.41175004712935304,-1.2006790501114564,1.004317005287684,17.15004,0.036658928,-2.1017196,1.0364331,-22.882278,4.566085,1.2497913,0.48294795,0.0030726204,0.25285116,-0.83834136,-4.017053,-8.645301,0.28149518,0.17461139,-1.2493639,0.5982423,1
5.039999999999937,18.743554618834903,-0.41175004712935304,-1.2006790501114564,1.004317005287684,17.15004,0.036658928,-2.1017196,1.0364331,-22.922243,4.479268,1.2528644,0.4871512,-0.0012852832,0.24896747,-0.8370755,-3.9756985,-8.717801,0.3332132,0.15316889,-1.3822945,0.6197444,1
5.049999999999937,18.743554618834903,-0.41175004712935304,-1.2006790501114564,1.004317005287684,16.866337,-0.23367484,-2.266242,1.1105015,-22.961788,4.391736,1.2564579,0.49156618,-0.0061768903,0.24485426,-0.8356847,-3.9333296,-8.788285,0.38560817,0.13506438,-1.494494,0.6401915,1
5.0599999999999365,18.743554618834903,-0.41175004712935304,-1.2006790501114564,1.004317005287684,16.866337,-0.23367484,-2.266242,1.1105015,-23.000912,4.303516,1.2605664,0.4961804,-0.011622018,0.24059922,-0.8341343,-3.8905501,-8.855454,0.4361856,0.077633955,-1.6148704,0.6632697,1
5.069999999999936,18.743554618834903,-0.41175004712935304,-1.2006790501114564,1.004317005287684,16.866337,-0.23367484,-2.266242,1.1105015,-23.039598,4.2146354,1.2651839,0.50098085,-0.017632099,0.23627284,-0.8323944,-3.8465173,-8.920322,0.48741734,0.029153854,-1.716472,0.6852155,1
5.079999999999936,18.743554618834903,-0.41175004712935304,-1.2006790501114564,1.004317005287684,16.866337,-0.23367484,-2.266242,1.1105015,-23.077839,4.1251183,1.2703168,0.5059343,-0.024116099,0.23187976,-0.830469,-3.8011014,-8.98275,0.5392734,-0.011771411,-1.8022265,0.7060844,1
5.089999999999936,16.738514487270056,-0.5736608864587714,-1.3527777530316585,1.0490930300199408,15.306669,-0.41707072,-2.2870371,1.1940423,-23.115616,4.0349894,1.2759713,0.51101184,-0.030997047,0.22742428,-0.8283612,-3.7542021,-9.042614,0.5917173,-0.046319574,-1.8746059,0.7259292,1
5.099999999999936,16.738514487270056,-0.5736608864587714,-1.3527777530316585,1.0490930300199408,15.306669,-0.41707072,-2.2870371,1.1940423,-23.152939,3.9443016,1.2820833,0.5161967,-0.03825203,0.22296716,-0.8260517,-3.7102196,-9.094511,0.63073355,-0.10407877,-1.9389532,0.74889964,1
5.1099999999999355,16.738514487270056,-0.5736608864587714,-1.3527777530316585,1.0490930300199408,15.306669,-0.41707072,-2.2870371,1.1940423,-23.189816,3.8531077,1.2885876,0.5214742,-0.0458595,0.21855696,-0.8235244,-3.664738,-9.143896,0.6701879,-0.15283476,-1.9932624,0.7707429,1
5.119999999999935,16.738514487270056,-0.5736608864587714,-1.3527777530316585,1.0490930300199408,15.306669,-0.41707072,-2.2870371,1.1940423,-23.22623,3.761433,1.2954882,0.52682394,-0.053761076,0.21418105,-0.8207867,-3.6176896,-9.190693,0.71001947,-0.19399154,-2.0390995,0.79151434,1
5.129999999999935,14.455431987667508,-0.6451431482094521,-1.2253780753515477,1.082285022452061,13.113485,-0.60752016,-2.0584147,1.1055399,-23.262165,3.669303,1.302789,0.5322283,-0.061907243,0.20982914,-0.81784487,-3.569027,-9.234833,0.75016654,-0.22873403,-2.0777857,0.8112665,1
5.139999999999935,14.455431987667508,-0.6451431482094521,-1.2253780753515477,1.082285022452061,13.113485,-0.60752016,-2.0584147,1.1055399,-23.297642,3.5767753,1.3103932,0.5376395,-0.07022433,0.20560342,-0.81470084,-3.5259252,-9.270323,0.77071935,-0.28778756,-2.0747986,0.82570654,1
5.149999999999935,14.455431987667508,-0.6451431482094521,-1.2253780753515477,1.082285022452061,13.113485,-0.60752016,-2.0584147,1.1055399,-23.33268,3.4839046,1.3182038,0.54301816,-0.07865282,0.20158531,-0.81136084,-3.4813864,-9.303478,0.7914169,-0.33763236,-2.0722733,0.839438,1
5.159999999999934,14.455431987667508,-0.6451431482094521,-1.2253780753515477,1.082285022452061,13.113485,-0.60752016,-2.0584147,1.1055399,-23.367266,3.3907137,1.3262217,0.54836136,-0.08717279,0.19773903,-0.8078354,-3.4353926,-9.334297,0.8121887,-0.37970468,-2.0701382,0.85249573,1
5.169999999999934,12.766201978817962,-0.7365659479100131,-0.9193205954707487,1.0896292634132552,12.04121,-0.68166447,-1.8654698,1.0989844,-23.401382,3.2972262,1.3344474,0.5536665,-0.09576708,0.19403455,-0.8041335,-3.387935,-9.362778,0.8329686,-0.4152167,-2.068333,0.8649127,1
5.179999999999934,12.766201978817962,-0.7365659479100131,-0.9193205954707487,1.0896292634132552,12.04121,-0.68166447,-1.8654698,1.0989844,-23.435038,3.2034767,1.3428322,0.558913,-0.10437563,0.19051337,-0.8002653,-3.343014,-9.386781,0.8439766,-0.4567717,-2.0367231,0.8763986,1
5.189999999999934,12.766201978817962,-0.7365659479100131,-0.9193205954707487,1.0896292634132552,12.04121,-0.68166447,-1.8654698,1.0989844,-23.468237,3.109498,1.3513266,0.56408507,-0.11295056,0.18720783,-0.79624206,-3.296755,-9.408653,0.8548732,-0.49184445,-2.0100398,0.887321,1
5.199999999999934,12.766201978817962,-0.7365659479100131,-0.9193205954707487,1.0896292634132552,12.04121,-0.68166447,-1.8654698,1.0989844,-23.500967,3.015311,1.3599291,0.56918687,-0.121494435,0.18408227,-0.7920714,-3.2491698,-9.42842,0.8656008,-0.5214462,-1.9875149,0.89770734,1
5.209999999999933,12.106617945340084,-0.7695643304086411,-0.5059907916779066,1.127065747219869,11.314623,-0.769893,-1.639386,1.1812941,-23.533216,2.920937,1.3686378,0.5742217,-0.1300091,0.18110655,-0.78775984,-3.2002728,-9.446099,0.87610614,-0.5464306,-1.9685003,0.9075841,1
5.219999999999933,12.106617945340084,-0.7695643304086411,-0.5059907916779066,1.127065747219869,11.314623,-0.769893,-1.639386,1.1812941,-23.564985,2.8264012,1.3774174,0.5791792,-0.13844332,0.17833653,-0.7833129,-3.1531105,-9.460765,0.87980145,-0.58129287,-1.9172007,0.9210151,1
5.229999999999933,12.106617945340084,-0.7695643304086411,-0.5059907916779066,1.127065747219869,11.314623,-0.769893,-1.639386,1.1812941,-23.596273,2.7317283,1.3862326,0.58405334,-0.146757,0.17581615,-0.7787367,-3.1047509,-9.473523,0.8831914,-0.6107152,-1.8738984,0.933787,1
5.239999999999933,12.106617945340084,-0.7695643304086411,-0.5059907916779066,1.127065747219869,11.314623,-0.769893,-1.639386,1.1812941,-23.627073,2.6369371,1.3950801,0.58885163,-0.15496618,0.1735057,-0.77403694,-3.0552137,-9.484415,0.8862304,-0.6355465,-1.8373464,0.94593227,1
5.2499999999999325,12.106617945340084,-0.7695643304086411,-0.5059907916779066,1.127065747219869,11.75485,-0.9668973,-1.633149,1.2518313,-23.657372,2.5420463,1.4039559,0.59358007,-0.16308402,0.17137153,-0.769218,-3.0045195,-9.493474,0.88887626,-0.65650296,-1.8064926,0.95748156,1
5.259999999999932,12.106617945340084,-0.7695643304086411,-0.5059907916779066,1.127065747219869,11.75485,-0.9668973,-1.633149,1.2518313,-23.687147,2.4470725,1.4128757,0.59823644,-0.17116493,0.16944854,-0.7642651,-2.9506707,-9.501007,0.8949915,-0.7049089,-1.7794962,0.97192544,1
5.269999999999932,12.106617945340084,-0.7695643304086411,-0.5059907916779066,1.127065747219869,11.75485,-0.9668973,-1.633149,1.2518313,-23.716381,2.3520324,1.4218541,0.60281867,-0.17925245,0.16776255,-0.7591655,-2.8956413,-9.50669,0.90060616,-0.74576455,-1.7567059,0.98566055,1
5.279999999999932,12.106617945340084,-0.7695643304086411,-0.5059907916779066,1.127065747219869,11.75485,-0.9668973,-1.633149,1.2518313,-23.745056,2.256945,1.430886,0.6073309,-0.18734168,0.16627507,-0.75392514,-2.839431,-9.510546,0.90567,-0.7802477,-1.7374662,0.9987216,1
5.289999999999932,11.894483528825562,-0.7691065308528331,-0.08049334070522432,1.1830681536604557,11.306154,-1.0119541,-1.1209465,1.2475595,-23.773165,2.1618278,1.4399656,0.61177653,-0.19542824,0.16495365,-0.74854916,-2.782045,-9.512591,0.9101365,-0.8093523,-1.7212236,1.0111419,1
5.299999999999931,11.894483528825562,-0.7691065308528331,-0.08049334070522432,1.1830681536604557,11.306154,-1.0119541,-1.1209465,1.2475595,-23.800705,2.0666993,1.4490671,0.616121,-0.20336644,0.16391018,-0.74308056,-2.7257292,-9.51284,0.9100724,-0.84099716,-1.6276379,1.0227429,1
5.309999999999931,11.894483528825562,-0.7691065308528331,-0.08049334070522432,1.1830681536604557,11.306154,-1.0119541,-1.1209465,1.2475595,-23.827677,1.9715766,1.4581648,0.6203395,-0.21104269,0.16323349,-0.7375587,-2.6683128,-9.511447,0.9093581,-0.8676993,-1.5486437,1.0337747,1
5.319999999999931,11.894483528825562,-0.7691065308528331,-0.08049334070522432,1.1830681536604557,11.306154,-1.0119541,-1.1209465,1.2475595,-23.854069,1.8764757,1.467252,0.624447,-0.21849598,0.16286688,-0.7319823,-2.609816,-9.508493,0.90796393,-0.8902305,-1.4819659,1.0442653,1
5.329999999999931,11.799490465503954,-0.6568328916456383,0.49023508043339775,1.217592825283819,11.214453,-1.0667591,-0.5737835,1.2558217,-23.87987,1.7814119,1.4763219,0.62845564,-0.2257588,0.16276215,-0.72634923,-2.5502594,-9.504049,0.90586334,-0.909242,-1.4256839,1.054241,1
5.339999999999931,11.799490465503954,-0.6568328916456383,0.49023508043339775,1.217592825283819,11.214453,-1.0667591,-0.5737835,1.2558217,-23.905073,1.6863995,1.4853632,0.63233596,-0.23271345,0.1630327,-0.720704,-2.4901547,-9.498227,0.90226024,-0.93388957,-1.2928534,1.0641325,1
5.34999999999993,11.799490465503954,-0.6568328916456383,0.49023508043339775,1.217592825283819,11.214453,-1.0667591,-0.5737835,1.2558217,-23.92967,1.5914518,1.4943647,0.63606685,-0.23927,0.16376744,-0.7150855,-2.429039,-9.49111,0.89791715,-0.9546809,-1.180735,1.0735388,1
5.35999999999993,11.799490465503954,-0.6568328916456383,0.49023508043339775,1.217592825283819,11.214453,-1.0667591,-0.5737835,1.2558217,-23.953651,1.4965813,1.503319,0.63966817,-0.24549028,0.16489536,-0.70948356,-2.36693,-9.482816,0.8928217,-0.9722192,-1.086099,1.0824835,1
5.36999999999993,12.64383186651329,-0.5994292600401766,0.88627141382245,1.3402829709392166,12.15217,-1.0267808,-0.073462114,1.3641144,-23.977007,1.4017991,1.5122186,0.64315605,-0.2514258,0.166356,-0.70388865,-2.3038435,-9.473445,0.8869629,-0.98701334,-1.0062195,1.0909894,1
5.37999999999993,12.64383186651329,-0.5994292600401766,0.88627141382245,1.3402829709392166,12.15217,-1.0267808,-0.073462114,1.3641144,-23.999699,1.3071198,1.5210938,0.6465243,-0.2569666,0.16821937,-0.69833726,-2.2344387,-9.46222,0.8879804,-0.9933109,-0.86076945,1.1043917,1
5.3899999999999295,12.64383186651329,-0.5994292600401766,0.88627141382245,1.3402829709392166,12.15217,-1.0267808,-0.073462114,1.3641144,-24.02169,1.2125577,1.5299753,0.64977044,-0.2620288,0.17053981,-0.692859,-2.164012,-9.45007,0.8881643,-0.9986125,-0.7380014,1.1171364,1
5.399999999999929,12.64383186651329,-0.5994292600401766,0.88627141382245,1.3402829709392166,12.15217,-1.0267808,-0.073462114,1.3641144,-24.042974,1.1181211,1.5388544,0.65291154,-0.2666866,0.17324838,-0.6874357,-2.0925822,-9.437133,0.8875206,-1.0030758,-0.63437796,1.1292557,1
5.409999999999929,13.240411972394769,-0.4395732285609039,1.208199829607822,1.3890343208398215,12.785709,-0.88617915,0.34197953,1.4030731,-24.06354,1.0238174,1.5477229,0.6559615,-0.27100188,0.17628632,-0.6820511,-2.020165,-9.423523,0.88605326,-1.0068327,-0.5469138,1.1407803,1
5.419999999999929,13.240411972394769,-0.4395732285609039,1.208199829607822,1.3890343208398215,12.785709,-0.88617915,0.34197953,1.4030731,-24.083355,0.9296563,1.5565976,0.6589207,-0.27487564,0.17967604,-0.6767433,-1.9429493,-9.4086075,0.88876265,-0.9881164,-0.4082857,1.1536511,1
5.429999999999929,13.240411972394769,-0.4395732285609039,1.208199829607822,1.3890343208398215,12.785709,-0.88617915,0.34197953,1.4030731,-24.102394,0.8356468,1.5654951,0.66179067,-0.27823272,0.18343368,-0.67154294,-1.8647376,-9.39324,0.8906328,-0.9723049,-0.29127806,1.1658903,1
5.4399999999999284,13.240411972394769,-0.4395732285609039,1.208199829607822,1.3890343208398215,12.785709,-0.88617915,0.34197953,1.4030731,-24.120644,0.7417926,1.5744073,0.6645827,-0.28115258,0.18750423,-0.6664259,-1.7855562,-9.377555,0.8916871,-0.95894694,-0.192519,1.1775289,1
5.449999999999928,13.240411972394769,-0.4395732285609039,1.208199829607822,1.3890343208398215,12.93314,-0.73056024,0.40220487,1.4001901,-24.1381,0.64809644,1.5833261,0.6673057,-0.28370163,0.19184062,-0.66137123,-1.7054255,-9.361669,0.8919437,-0.94766194,-0.10916242,1.1885962,1
5.459999999999928,13.240411972394769,-0.4395732285609039,1.208199829607822,1.3890343208398215,12.93314,-0.73056024,0.40220487,1.4001901,-24.154743,0.5545606,1.5922492,0.6699798,-0.28587812,0.19637762,-0.6563801,-1.6234303,-9.345492,0.8925432,-0.9138664,-0.029395139,1.1989793,1
5.469999999999928,13.240411972394769,-0.4395732285609039,1.208199829607822,1.3890343208398215,12.93314,-0.73056024,0.40220487,1.4001901,-24.170563,0.46118668,1.6011744,0.6726214,-0.28768343,0.20106167,-0.6514531,-1.5405259,-9.329296,0.892377,-0.88533264,0.03792926,1.2088526,1
5.479999999999928,13.240411972394769,-0.4395732285609039,1.208199829607822,1.3890343208398215,12.93314,-0.73056024,0.40220487,1.4001901,-24.18555,0.36797446,1.6100942,0.6752322,-0.28917283,0.20587099,-0.64657253,-1.456743,-9.313156,0.8914697,-0.8612412,0.094751336,1.2182416,1
5.489999999999927,13.48682826987014,-0.20469479306296748,1.3040462819400784,1.3925755317442008,13.070782,-0.6636515,0.32730803,1.4288617,-24.199696,0.2749231,1.6190013,0.677813,-0.2903928,0.21078682,-0.64172333,-1.3721073,-9.297133,0.88984025,-0.84090036,0.14270964,1.2271699,1
5.499999999999927,13.48682826987014,-0.20469479306296748,1.3040462819400784,1.3925755317442008,13.070782,-0.6636515,0.32730803,1.4288617,-24.212984,0.18203205,1.6278938,0.6803811,-0.29138258,0.21575652,-0.6368872,-1.2857316,-9.281109,0.88852274,-0.8132827,0.17151435,1.237067,1
5.509999999999927,13.48682826987014,-0.20469479306296748,1.3040462819400784,1.3925755317442008,13.070782,-0.6636515,0.32730803,1.4288617,-24.225405,0.08930026,1.6367694,0.6829507,-0.29217497,0.22073752,-0.6320488,-1.198543,-9.265283,0.8865067,-0.78996855,0.19582431,1.2464784,1
5.519999999999927,13.48682826987014,-0.20469479306296748,1.3040462819400784,1.3925755317442008,13.070782,-0.6636515,0.32730803,1.4288617,-24.236952,-0.0032743607,1.6456217,0.6855181,-0.2927971,0.22572823,-0.6272003,-1.1105665,-9.249677,0.88380605,-0.7702872,0.21634059,1.255428,1
5.5299999999999265,14.034542134076927,-0.15250092417511366,1.3185731705233283,1.4222194847277039,13.359098,-0.5698332,0.26414827,1.4479738,-24.247614,-0.09569409,1.6544434,0.68808,-0.2932719,0.23072712,-0.6223352,-1.0218232,-9.234307,0.88043123,-0.7536727,0.23365527,1.2639383,1
5.539999999999926,14.034542134076927,-0.15250092417511366,1.3185731705233283,1.4222194847277039,13.359098,-0.5698332,0.26414827,1.4479738,-24.257374,-0.18795969,1.6632384,0.690652,-0.29360798,0.23569258,-0.61744773,-0.93035877,-9.218851,0.8784657,-0.7250083,0.23842992,1.272969,1
5.549999999999926,14.034542134076927,-0.15250092417511366,1.3185731705233283,1.4222194847277039,13.359098,-0.5698332,0.26414827,1.4479738,-24.266216,-0.28007197,1.6720105,0.6932467,-0.29381287,0.24059172,-0.61253333,-0.8381581,-9.203649,0.8758349,-0.70081353,0.24245688,1.2815566,1
5.559999999999926,14.034542134076927,-0.15250092417511366,1.3185731705233283,1.4222194847277039,13.359098,-0.5698332,0.26414827,1.4479738,-24.274134,-0.37203348,1.680753,0.69585735,-0.2939031,0.24543464,-0.6075885,-0.74524784,-9.188695,0.87255347,-0.68039143,0.24585305,1.2897228,1
5.569999999999926,14.244137018332491,0.003697419249367198,1.17130192729591,1.3444955726697416,13.701883,-0.47506866,0.27469477,1.4480435,-24.28112,-0.46384668,1.6894593,0.69847786,-0.29389262,0.2502296,-0.60261047,-0.65165097,-9.1739855,0.8686328,-0.66315365,0.24871726,1.2974882,1
5.5799999999999255,14.244137018332491,0.003697419249367198,1.17130192729591,1.3444955726697416,13.701883,-0.47506866,0.27469477,1.4480435,-24.287153,-0.5555122,1.6981355,0.7011132,-0.29376426,0.2549636,-0.59760755,-0.5549696,-9.159146,0.8664837,-0.63382655,0.25279012,1.3048761,1
5.589999999999925,14.244137018332491,0.003697419249367198,1.17130192729591,1.3444955726697416,13.701883,-0.47506866,0.27469477,1.4480435,-24.29222,-0.6470305,1.706787,0.70376694,-0.29350504,0.25962687,-0.59258693,-0.45763278,-9.144551,0.8637073,-0.6090724,0.2562245,1.3119013,1
5.599999999999925,14.244137018332491,0.003697419249367198,1.17130192729591,1.3444955726697416,13.701883,-0.47506866,0.27469477,1.4480435,-24.296309,-0.73840404,1.7154076,0.70643234,-0.2931316,0.26422983,-0.5875444,-0.35966656,-9.130198,0.860321,-0.5881781,0.25912032,1.3185819,1
5.609999999999925,14.64677832433012,0.13127545319872702,1.0320336952054776,1.2759538012517477,13.90893,-0.41283342,0.18553741,1.4279423,-24.299412,-0.82963526,1.7239913,0.7091035,-0.29265806,0.26878104,-0.58247644,-0.26109302,-9.116083,0.8563386,-0.5705418,0.261562,1.3249346,1
5.619999999999925,14.64677832433012,0.13127545319872702,1.0320336952054776,1.2759538012517477,13.90893,-0.41283342,0.18553741,1.4279423,-24.301521,-0.9207255,1.7325393,0.7117909,-0.2921001,0.27324706,-0.57737845,-0.16043395,-9.101993,0.8531858,-0.54593784,0.24972542,1.3299892,1
5.629999999999924,14.64677832433012,0.13127545319872702,1.0320336952054776,1.2759538012517477,13.90893,-0.41283342,0.18553741,1.4279423,-24.30262,-1.011676,1.741053,0.7145026,-0.29147077,0.27760163,-0.5722472,-0.059204396,-9.088121,0.8494571,-0.52517223,0.23973165,1.3347958,1
5.639999999999924,14.64677832433012,0.13127545319872702,1.0320336952054776,1.2759538012517477,13.90893,-0.41283342,0.18553741,1.4279423,-24.302704,-1.1024888,1.7495265,0.71723044,-0.2907776,0.28186086,-0.56708205,0.042571045,-9.074452,0.84516895,-0.50764644,0.231294,1.3393666,1
5.649999999999924,14.64677832433012,0.13127545319872702,1.0320336952054776,1.2759538012517477,13.99828,-0.30314466,0.04097177,1.3664465,-24.301765,-1.1931658,1.7579544,0.71996754,-0.29002705,0.28603813,-0.56188244,0.14487146,-9.0609665,0.8403349,-0.49285474,0.2241697,1.343713,1
5.659999999999924,14.64677832433012,0.13127545319872702,1.0320336952054776,1.2759538012517477,13.99828,-0.30314466,0.04097177,1.3664465,-24.299797,-1.2837082,1.7663343,0.7227331,-0.28922758,0.29007626,-0.5566495,0.24833685,-9.047562,0.835564,-0.4632447,0.1956256,1.3448287,1
5.6699999999999235,14.64677832433012,0.13127545319872702,1.0320336952054776,1.2759538012517477,13.99828,-0.30314466,0.04097177,1.3664465,-24.296791,-1.3741173,1.774664,0.7255419,-0.28838632,0.2939303,-0.55138546,0.352278,-9.034289,0.8302822,-0.43825606,0.17152901,1.3458894,1
5.679999999999923,14.64677832433012,0.13127545319872702,1.0320336952054776,1.2759538012517477,13.99828,-0.30314466,0.04097177,1.3664465,-24.292747,-1.4643942,1.7829385,0.72838235,-0.28750667,0.2976271,-0.5460914,0.4566627,-9.021116,0.82451534,-0.41716772,0.15118705,1.3468983,1
5.689999999999923,14.885686967009502,0.238679623717763,0.8339787402819675,1.1620640626442305,14.288975,-0.2539718,-0.083249554,1.2265564,-24.287657,-1.5545398,1.7911527,0.73124456,-0.28659153,0.30118918,-0.5407682,0.5614635,-9.008012,0.818286,-0.3993709,0.13401456,1.3478576,1
5.699999999999923,14.885686967009502,0.238679623717763,0.8339787402819675,1.1620640626442305,14.288975,-0.2539718,-0.083249554,1.2265564,-24.281506,-1.6445533,1.7993121,0.7341316,-0.2856612,0.30458364,-0.5354212,0.66883963,-8.994678,0.8135133,-0.37666592,0.10015372,1.3419055,1
5.709999999999923,14.885686967009502,0.238679623717763,0.8339787402819675,1.1620640626442305,14.288975,-0.2539718,-0.083249554,1.2265564,-24.274279,-1.7344333,1.8074216,0.73704445,-0.28473252,0.30778465,-0.53005654,0.7765841,-8.981346,0.8083154,-0.3575066,0.07157022,1.3362453,1
5.7199999999999225,14.885686967009502,0.238679623717763,0.8339787402819675,1.1620640626442305,14.288975,-0.2539718,-0.083249554,1.2265564,-24.265972,-1.8241798,1.8154769,0.73997295,-0.28380343,0.31081942,-0.52467656,0.88466734,-8.967975,0.8027177,-0.34133923,0.047441337,1.3308628,1
5.729999999999922,16.14075972036549,0.17714756090386122,0.5532816069478137,1.1079215208597957,15.376654,-0.39474842,-0.21120332,1.201204,-24.256584,-1.9137924,1.8234745,0.74290824,-0.28287238,0.3137109,-0.5192827,0.99306387,-8.954531,0.7967422,-0.32769653,0.02707297,1.3257444,1
5.739999999999922,16.14075972036549,0.17714756090386122,0.5532816069478137,1.1079215208597957,15.376654,-0.39474842,-0.21120332,1.201204,-24.246069,-2.003265,1.8314455,0.7458416,-0.2820073,0.31646863,-0.5138465,1.1100262,-8.939951,0.79739124,-0.33812118,-0.01009367,1.3196331,1
5.749999999999922,16.14075972036549,0.17714756090386122,0.5532816069478137,1.1079215208597957,15.376654,-0.39474842,-0.21120332,1.201204,-24.234383,-2.0925908,1.839421,0.7487657,-0.28126225,0.3191004,-0.5083453,1.2272911,-8.925203,0.79765564,-0.3469254,-0.041462835,1.3138218,1
5.759999999999922,16.14075972036549,0.17714756090386122,0.5532816069478137,1.1079215208597957,15.376654,-0.39474842,-0.21120332,1.201204,-24.221523,-2.1817682,1.8473972,0.75167537,-0.28061694,0.32162204,-0.5027883,1.3448497,-8.91023,0.7975346,-0.35436112,-0.067938775,1.3082957,1
5.769999999999921,17.005376925585907,0.12533284821467375,0.19506405138408758,1.0088533278522636,15.982784,-0.38607702,-0.28029022,1.0616968,-24.207485,-2.2707946,1.8553704,0.75456643,-0.28005436,0.324047,-0.49718323,1.4626929,-8.894981,0.7970284,-0.3606407,-0.09028489,1.3030407,1
5.779999999999921,17.005376925585907,0.12533284821467375,0.19506405138408758,1.0088533278522636,15.982784,-0.38607702,-0.28029022,1.0616968,-24.192245,-2.3596637,1.8633556,0.7574368,-0.27957678,0.32635927,-0.491543,1.5854669,-8.8788,0.79997075,-0.36458325,-0.11991653,1.2911979,1
5.789999999999921,17.005376925585907,0.12533284821467375,0.19506405138408758,1.0088533278522636,15.982784,-0.38607702,-0.28029022,1.0616968,-24.175776,-2.448369,1.8713685,0.7602838,-0.27918613,0.3285463,-0.48588017,1.7085123,-8.862238,0.8025206,-0.36791527,-0.14492689,1.2799362,1
5.799999999999921,17.005376925585907,0.12533284821467375,0.19506405138408758,1.0088533278522636,15.982784,-0.38607702,-0.28029022,1.0616968,-24.158073,-2.5369067,1.8794048,0.76310354,-0.2788686,0.33062324,-0.48020014,1.831814,-8.845248,0.80468494,-0.37073123,-0.16603668,1.269227,1
5.809999999999921,17.448274623917797,0.11448066489713482,-0.08856840963836572,0.8454279424081964,16.494934,-0.41033253,-0.46318766,1.03331,-24.139137,-2.6252723,1.887461,0.7658928,-0.27861246,0.3326031,-0.47450724,1.9553576,-8.827795,0.806471,-0.37311095,-0.18385386,1.2590435,1
5.81999999999992,17.448274623917797,0.11448066489713482,-0.08856840963836572,0.8454279424081964,16.494934,-0.41033253,-0.46318766,1.03331,-24.118944,-2.7134578,1.8955489,0.76866907,-0.27845106,0.33444437,-0.46878412,2.0830936,-8.809261,0.81107503,-0.37888157,-0.22741777,1.2479666,1
5.82999999999992,17.448274623917797,0.11448066489713482,-0.08856840963836572,0.8454279424081964,16.494934,-0.41033253,-0.46318766,1.03331,-24.097475,-2.8014553,1.9036813,0.7714459,-0.2784099,0.3361144,-0.46301728,2.211041,-8.790144,0.8153087,-0.38375828,-0.2641873,1.2374334,1
5.83999999999992,17.448274623917797,0.11448066489713482,-0.08856840963836572,0.8454279424081964,16.494934,-0.41033253,-0.46318766,1.03331,-24.074724,-2.8892584,1.9118541,0.77421576,-0.27846947,0.33763537,-0.45721522,2.339175,-8.770378,0.8191854,-0.38787943,-0.29522228,1.2274171,1
5.84999999999992,17.448274623917797,0.11448066489713482,-0.08856840963836572,0.8454279424081964,16.492378,-0.43276057,-0.5336379,0.8782628,-24.050692,-2.9768605,1.920064,0.77697253,-0.27861336,0.33902615,-0.45138487,2.467472,-8.749908,0.82271767,-0.39136195,-0.32141697,1.2178922,1
5.8599999999999195,17.448274623917797,0.11448066489713482,-0.08856840963836572,0.8454279424081964,16.492378,-0.43276057,-0.5336379,0.8782628,-24.025377,-3.064254,1.9283072,0.77970934,-0.27885392,0.34027964,-0.44553596,2.59589,-8.728692,0.82590175,-0.39779574,-0.35451338,1.2012264,1
5.869999999999919,17.448274623917797,0.11448066489713482,-0.08856840963836572,0.8454279424081964,16.492378,-0.43276057,-0.5336379,0.8782628,-23.998774,-3.1514316,1.9365808,0.7824198,-0.27920103,0.3413903,-0.4396787,2.7244256,-8.706673,0.8287651,-0.4032305,-0.38244793,1.1853784,1
5.879999999999919,17.448274623917797,0.11448066489713482,-0.08856840963836572,0.8454279424081964,16.492378,-0.43276057,-0.5336379,0.8782628,-23.970888,-3.2383847,1.9448814,0.78509974,-0.27963862,0.34237525,-0.43381867,2.8530545,-8.683801,0.831319,-0.40782166,-0.4060255,1.1703082,1
5.889999999999919,17.584274310260103,0.10793755284802761,-0.41657093371352777,0.6932255234853679,16.49693,-0.41144416,-0.6469394,0.7819982,-23.941713,-3.325105,1.9532061,0.78774554,-0.28015313,0.3432491,-0.4279603,2.9817553,-8.660035,0.83357394,-0.41169974,-0.42592543,1.1559776,1
5.899999999999919,17.584274310260103,0.10793755284802761,-0.41657093371352777,0.6932255234853679,16.49693,-0.41144416,-0.6469394,0.7819982,-23.911251,-3.4115825,1.961552,0.79036754,-0.28074968,0.3439817,-0.42210677,3.11054,-8.635333,0.8355689,-0.41163942,-0.46038768,1.1376264,1
5.909999999999918,17.584274310260103,0.10793755284802761,-0.41657093371352777,0.6932255234853679,16.49693,-0.41144416,-0.6469394,0.7819982,-23.879501,-3.4978082,1.9699165,0.7929733,-0.281432,0.3445494,-0.41626188,3.239342,-8.609653,0.8372955,-0.41159314,-0.4894757,1.1201757,1
5.919999999999918,17.584274310260103,0.10793755284802761,-0.41657093371352777,0.6932255234853679,16.49693,-0.41144416,-0.6469394,0.7819982,-23.846464,-3.583772,1.978297,0.79555666,-0.2821875,0.3449726,-0.41042957,3.368129,-8.582953,0.8387737,-0.41155744,-0.51402766,1.1035814,1
5.929999999999918,16.728558109926386,0.184377916556291,-0.7812420422216589,0.4966247126088155,15.992941,-0.33729336,-0.88830817,0.6137044,-23.81214,-3.6694636,1.9866911,0.79811305,-0.2830055,0.34526885,-0.4046129,3.4968705,-8.555197,0.84002155,-0.4115305,-0.5347511,1.0878012,1
5.939999999999918,16.728558109926386,0.184377916556291,-0.7812420422216589,0.4966247126088155,15.992941,-0.33729336,-0.88830817,0.6137044,-23.776546,-3.7548769,1.9950814,0.8006719,-0.28389928,0.34535804,-0.3988136,3.6216033,-8.527231,0.83803046,-0.39992318,-0.58987385,1.064537,1
5.949999999999918,16.728558109926386,0.184377916556291,-0.7812420422216589,0.4966247126088155,15.992941,-0.33729336,-0.88830817,0.6137044,-23.739708,-3.8400044,2.003451,0.8032554,-0.28487903,0.34517655,-0.39303526,3.746209,-8.498153,0.8358743,-0.390133,-0.6364022,1.0424145,1
5.959999999999917,16.728558109926386,0.184377916556291,-0.7812420422216589,0.4966247126088155,15.992941,-0.33729336,-0.88830817,0.6137044,-23.701624,-3.924836,2.0117986,0.8058501,-0.28593227,0.34476054,-0.38728195,3.8706317,-8.467908,0.8335947,-0.38187516,-0.675676,1.0213774,1
5.969999999999917,15.28923630226033,0.3596222467267498,-1.139153572979332,0.2986610159668357,14.61607,-0.145665,-1.2956538,0.42421195,-23.662296,-4.009359,2.0201228,0.8084451,-0.28704852,0.34414074,-0.38155684,3.994822,-8.436455,0.83122706,-0.3749098,-0.70882624,1.0013728,1
5.979999999999917,15.28923630226033,0.3596222467267498,-1.139153572979332,0.2986610159668357,14.61607,-0.145665,-1.2956538,0.42421195,-23.62178,-4.0935745,2.0283816,0.81110036,-0.28822657,0.3431754,-0.37586057,4.1080594,-8.406566,0.8205726,-0.33911428,-0.80031204,0.9730514,1
5.989999999999917,15.28923630226033,0.3596222467267498,-1.139153572979332,0.2986610159668357,14.61607,-0.145665,-1.2956538,0.42421195,-23.580135,-4.1774855,2.036534,0.81386095,-0.28946447,0.3417525,-0.37019554,4.22095,-8.375468,0.80994505,-0.30891222,-0.87753576,0.9461197,1
5.9999999999999165,15.28923630226033,0.3596222467267498,-1.139153572979332,0.2986610159668357,14.61607,-0.145665,-1.2956538,0.42421195,-23.537363,-4.2610793,2.0445807,0.81669873,-0.29075307,0.339936,-0.3645658,4.3334036,-8.343101,0.7994196,-0.2834294,-0.94272065,0.9205095,1
6.009999999999916,13.992137013665946,0.5769146022348691,-1.2962266510677232,0.14706314842202764,13.637444,0.006134792,-1.5218172,0.25382635,-23.49347,-4.3443427,2.052523,0.81959,-0.29208457,0.33778012,-0.35897413,4.4453387,-8.309411,0.7890596,-0.2619278,-0.9977434,0.8961561,1
6.019999999999916,13.992137013665946,0.5769146022348691,-1.2962266510677232,0.14706314842202764,13.637444,0.006134792,-1.5218172,0.25382635,-23.448494,-4.4272747,2.0603335,0.82255524,-0.2934419,0.3352287,-0.35343376,4.5492244,-8.276707,0.77303356,-0.22009799,-1.0794436,0.8646367,1
6.029999999999916,13.992137013665946,0.5769146022348691,-1.2962266510677232,0.14706314842202764,13.637444,0.006134792,-1.5218172,0.25382635,-23.402485,-4.509873,2.0679848,0.8256083,-0.29481098,0.33223864,-0.34795675,4.652464,-8.242689,0.7572876,-0.18480062,-1.1484079,0.83466405,1
6.039999999999916,13.992137013665946,0.5769146022348691,-1.2962266510677232,0.14706314842202764,13.637444,0.006134792,-1.5218172,0.25382635,-23.355446,-4.5921245,2.0754802,0.8287215,-0.29618993,0.32887006,-0.34254298,4.754969,-8.207323,0.7418899,-0.15501502,-1.2066219,0.8061622,1
6.0499999999999154,13.992137013665946,0.5769146022348691,-1.2962266510677232,0.14706314842202764,12.999359,0.14260595,-1.6486789,0.24954371,-23.307386,-4.674015,2.082824,0.8318716,-0.29757708,0.32517394,-0.33719194,4.8566604,-8.170581,0.7268967,-0.12988001,-1.2557607,0.779059,1
6.059999999999915,13.992137013665946,0.5769146022348691,-1.2962266510677232,0.14706314842202764,12.999359,0.14260595,-1.6486789,0.24954371,-23.258337,-4.7555404,2.0900006,0.8350716,-0.2989426,0.3211328,-0.3319056,4.952745,-8.134227,0.7084477,-0.08737723,-1.3170128,0.75307554,1
6.069999999999915,13.992137013665946,0.5769146022348691,-1.2962266510677232,0.14706314842202764,12.999359,0.14260595,-1.6486789,0.24954371,-23.208332,-4.8366947,2.0969949,0.8383304,-0.30026183,0.31673512,-0.3266845,5.0479,-8.096529,0.690488,-0.051507972,-1.3687174,0.7283671,1
6.079999999999915,13.992137013665946,0.5769146022348691,-1.2962266510677232,0.14706314842202764,12.999359,0.14260595,-1.6486789,0.24954371,-23.157381,-4.9174657,2.103812,0.84162426,-0.3015406,0.3120289,-0.3215256,5.142047,-8.057479,0.67306995,-0.021236798,-1.4123626,0.7048711,1
6.089999999999915,12.68408157176233,0.8351376889009823,-1.0720813904325732,0.010890118111616413,12.312632,0.17458092,-1.499277,0.20412998,-23.105494,-4.9978395,2.1104581,0.8449335,-0.3027838,0.30705497,-0.31642604,5.235114,-8.017073,0.6562354,0.0043102265,-1.4492043,0.6825281,1
6.099999999999914,12.68408157176233,0.8351376889009823,-1.0720813904325732,0.010890118111616413,12.312632,0.17458092,-1.499277,0.20412998,-23.052706,-5.0778136,2.1169174,0.8482258,-0.30396757,0.30189297,-0.3114099,5.3221807,-7.9775214,0.6356909,0.030845143,-1.457002,0.65905297,1
6.109999999999914,12.68408157176233,0.8351376889009823,-1.0720813904325732,0.010890118111616413,12.312632,0.17458092,-1.499277,0.20412998,-22.999054,-5.157386,2.123174,0.85147613,-0.30507413,0.2966084,-0.30649692,5.4081206,-7.9367137,0.6157499,0.053242132,-1.4635859,0.6367298,1
6.119999999999914,12.68408157176233,0.8351376889009823,-1.0720813904325732,0.010890118111616413,12.312632,0.17458092,-1.499277,0.20412998,-22.94455,-5.2365437,2.1292343,0.85467917,-0.30611512,0.29121432,-0.30167842,5.4928966,-7.8946767,0.59642625,0.0721468,-1.4691449,0.61550194,1
6.129999999999914,11.605781909996983,1.0942406958888677,-0.8182522372200036,-0.1316641856537785,11.303692,0.21798621,-1.2779768,0.14849262,-22.889202,-5.3152757,2.1351047,0.85783076,-0.30710018,0.28572193,-0.29694673,5.576474,-7.851436,0.5777299,0.088103786,-1.4738387,0.59531575,1
6.1399999999999135,11.605781909996983,1.0942406958888677,-0.8182522372200036,-0.1316641856537785,11.303692,0.21798621,-1.2779768,0.14849262,-22.833057,-5.393587,2.1407583,0.86090606,-0.30799845,0.28020987,-0.2923332,5.6520762,-7.8106623,0.5531077,0.10832631,-1.4432877,0.57339,1
6.149999999999913,11.605781909996983,1.0942406958888677,-0.8182522372200036,-0.1316641856537785,11.303692,0.21798621,-1.2779768,0.14849262,-22.776163,-5.4714856,2.146169,0.8638871,-0.3087868,0.27474165,-0.28786328,5.7265415,-7.768857,0.5290641,0.12539887,-1.4175031,0.5525401,1
6.159999999999913,11.605781909996983,1.0942406958888677,-0.8182522372200036,-0.1316641856537785,11.303692,0.21798621,-1.2779768,0.14849262,-22.71853,-5.548961,2.151342,0.86678016,-0.3094831,0.26930586,-0.28352267,5.7998657,-7.7260685,0.50559497,0.13981183,-1.3957405,0.53271335,1
6.169999999999913,11.06231812459816,1.3755010297400658,-0.46278095073662956,-0.2739372884524184,10.560324,0.31769088,-0.76931244,-0.036880128,-22.66017,-5.6260033,2.156283,0.8695906,-0.3101022,0.2638929,-0.27929872,5.872044,-7.6823387,0.48269504,0.15197968,-1.3773727,0.5138595,1
6.179999999999913,11.06231812459816,1.3755010297400658,-0.46278095073662956,-0.2739372884524184,10.560324,0.31769088,-0.76931244,-0.036880128,-22.601116,-5.7026186,2.1609728,0.8722763,-0.31057134,0.2586541,-0.27527425,5.9384065,-7.640647,0.45537478,0.17776783,-1.2825406,0.4868346,1
6.1899999999999125,11.06231812459816,1.3755010297400658,-0.46278095073662956,-0.2739372884524184,10.560324,0.31769088,-0.76931244,-0.036880128,-22.541405,-5.778813,2.1653924,0.87480783,-0.31083608,0.25370976,-0.2715177,6.003734,-7.5981984,0.42856482,0.1995432,-1.2024992,0.46113575,1
6.199999999999912,11.06231812459816,1.3755010297400658,-0.46278095073662956,-0.2739372884524184,10.560324,0.31769088,-0.76931244,-0.036880128,-22.481045,-5.8545794,2.1695461,0.8772058,-0.31093177,0.2490105,-0.26799905,6.06807,-7.555074,0.40224978,0.21792991,-1.1349418,0.43669796,1
6.209999999999912,11.267072375636916,1.6524926873500412,0.0664452421145937,-0.35302447587542485,10.323008,0.5833136,-0.40720448,-0.18759786,-22.420046,-5.929912,2.1734393,0.87948716,-0.31088775,0.24451455,-0.26469243,6.131451,-7.511345,0.3764165,0.23345497,-1.0779213,0.41345936,1
6.219999999999912,11.267072375636916,1.6524926873500412,0.0664452421145937,-0.35302447587542485,10.323008,0.5833136,-0.40720448,-0.18759786,-22.358423,-6.00481,2.177068,0.8816592,-0.3106013,0.2402805,-0.26166266,6.192508,-7.4680715,0.3494206,0.2879683,-0.97331417,0.3839653,1
6.229999999999912,11.267072375636916,1.6524926873500412,0.0664452421145937,-0.35302447587542485,10.323008,0.5833136,-0.40720448,-0.18759786,-22.296196,-6.0792723,2.1804292,0.8837299,-0.3099932,0.23635322,-0.25896168,6.252714,-7.4243693,0.3228867,0.33398885,-0.88502425,0.35591856,1
6.239999999999911,11.267072375636916,1.6524926873500412,0.0664452421145937,-0.35302447587542485,10.323008,0.5833136,-0.40720448,-0.18759786,-22.233372,-6.153296,2.1835272,0.885712,-0.30911723,0.2326815,-0.25655088,6.312118,-7.3803353,0.29681846,0.37283948,-0.8105059,0.32924804,1
6.249999999999911,11.267072375636916,1.6524926873500412,0.0664452421145937,-0.35302447587542485,10.576035,0.7604003,-0.11524956,-0.19553031,-22.169956,-6.2268777,2.186367,0.88761616,-0.30801824,0.22922201,-0.254397,6.3707614,-7.3360505,0.27121875,0.40563697,-0.7476109,0.30388626,1
6.259999999999911,11.267072375636916,1.6524926873500412,0.0664452421145937,-0.35302447587542485,10.576035,0.7604003,-0.11524956,-0.19553031,-22.105951,-6.3000107,2.1889622,0.88944584,-0.3066415,0.22602366,-0.25252447,6.430102,-7.2905006,0.24787907,0.46093217,-0.6489908,0.27937979,1
6.269999999999911,11.267072375636916,1.6524926873500412,0.0664452421145937,-0.35302447587542485,10.576035,0.7604003,-0.11524956,-0.19553031,-22.041357,-6.372688,2.1913264,0.8912049,-0.30494547,0.22312383,-0.2509503,6.4887547,-7.2448673,0.22502945,0.5076101,-0.56575334,0.2560758,1
6.2799999999999105,11.267072375636916,1.6524926873500412,0.0664452421145937,-0.35302447587542485,10.576035,0.7604003,-0.11524956,-0.19553031,-21.976177,-6.444908,2.1934645,0.89290106,-0.30298245,0.22047307,-0.24963807,6.5467706,-7.199243,0.20267722,0.54701364,-0.49549884,0.23391537,1
6.28999999999991,12.750312632333436,1.8407469197581319,0.6246294534722502,-0.327962286306411,11.814943,0.8718824,0.24712856,-0.06309814,-21.910423,-6.5166726,2.1953816,0.8945405,-0.30079618,0.2180295,-0.24855648,6.6041923,-7.153705,0.18082799,0.58027613,-0.43620208,0.21284235,1
6.29999999999991,12.750312632333436,1.8407469197581319,0.6246294534722502,-0.327962286306411,11.814943,0.8718824,0.24712856,-0.06309814,-21.844063,-6.587956,2.197128,0.8961141,-0.29834387,0.2158815,-0.24771725,6.6677237,-7.1030097,0.16847734,0.6257343,-0.32963628,0.19930188,1
6.30999999999991,12.750312632333436,1.8407469197581319,0.6246294534722502,-0.327962286306411,11.814943,0.8718824,0.24712856,-0.06309814,-21.77707,-6.658734,2.1987536,0.8976158,-0.29559296,0.21409829,-0.24712524,6.7307057,-7.052593,0.15669411,0.6641071,-0.23969068,0.18642585,1
6.31999999999991,12.750312632333436,1.8407469197581319,0.6246294534722502,-0.327962286306411,11.814943,0.8718824,0.24712856,-0.06309814,-21.70945,-6.729009,2.200264,0.8990535,-0.29259083,0.2126214,-0.24674642,6.7932086,-7.002555,0.14547782,0.69649893,-0.16377309,0.17418166,1
6.3299999999999095,13.764444336529564,1.826146891728219,1.0413878775742746,-0.2133863519212677,12.75699,0.8887851,0.7618022,0.091221444,-21.641207,-6.7987866,2.201665,0.90043366,-0.2893773,0.21140134,-0.24655181,6.855289,-6.952977,0.13482705,0.7238417,-0.099695645,0.16253825,1
6.339999999999909,13.764444336529564,1.826146891728219,1.0413878775742746,-0.2133863519212677,12.75699,0.8887851,0.7618022,0.091221444,-21.57232,-6.8680515,2.2029972,0.9017244,-0.2859249,0.21058562,-0.24656041,6.921924,-6.900028,0.1317544,0.7495505,0.034655504,0.15903871,1
6.349999999999909,13.764444336529564,1.826146891728219,1.0413878775742746,-0.2133863519212677,12.75699,0.8887851,0.7618022,0.091221444,-21.50277,-6.93679,2.2043018,0.9029013,-0.28221288,0.21029,-0.24678242,6.988268,-6.847772,0.12926686,0.7712529,0.14805423,0.1557109,1
6.359999999999909,13.764444336529564,1.826146891728219,1.0413878775742746,-0.2133863519212677,12.75699,0.8887851,0.7618022,0.091221444,-21.432554,-7.0050097,2.2055845,0.90397817,-0.27828085,0.21043271,-0.24718337,7.054426,-6.796316,0.12734044,0.7895726,0.243768,0.15254638,1
6.369999999999909,14.404694147404411,1.6708606636351147,1.2467557635775786,-0.06724879066898437,13.226618,0.77946067,0.8863516,0.1773375,-21.36168,-7.072719,2.2068505,0.904966,-0.2741622,0.21094458,-0.24773419,7.1204863,-6.7457523,0.12595287,0.80503726,0.32455513,0.14953715,1
6.379999999999908,14.404694147404411,1.6708606636351147,1.2467557635775786,-0.06724879066898437,13.226618,0.77946067,0.8863516,0.1773375,-21.290133,-7.1399183,2.2081232,0.9058541,-0.26990992,0.21182586,-0.24840514,7.1889563,-6.694332,0.12866014,0.8010397,0.41216722,0.15090133,1
6.389999999999908,14.404694147404411,1.6708606636351147,1.2467557635775786,-0.06724879066898437,13.226618,0.77946067,0.8863516,0.1773375,-21.217901,-7.206609,2.2094254,0.90663457,-0.26556715,0.21307413,-0.24916981,7.257488,-6.6439857,0.13186611,0.7976668,0.48611644,0.15219857,1
6.399999999999908,14.404694147404411,1.6708606636351147,1.2467557635775786,-0.06724879066898437,13.226618,0.77946067,0.8863516,0.1773375,-21.144983,-7.272802,2.210762,0.9073197,-0.26114637,0.21463154,-0.25001025,7.326157,-6.59477,0.13553351,0.79482085,0.5485333,0.15343215,1
6.409999999999908,14.711128961185324,1.3353728337264301,1.2118521496734573,0.1528630782742758,13.166916,0.6181127,0.81802046,0.3036392,-21.071377,-7.338508,2.2121377,0.90791965,-0.25665817,0.21644917,-0.25091144,7.3950276,-6.5467353,0.13962837,0.79241955,0.6012164,0.15460521,1
6.419999999999908,14.711128961185324,1.3353728337264301,1.2118521496734573,0.1528630782742758,13.166916,0.6181127,0.81802046,0.3036392,-20.997082,-7.4037414,2.213554,0.90843636,-0.25217363,0.21848099,-0.2518258,7.463839,-6.5001316,0.14365453,0.7652301,0.6350277,0.16191836,1
6.429999999999907,14.711128961185324,1.3353728337264301,1.2118521496734573,0.1528630782742758,13.166916,0.6181127,0.81802046,0.3036392,-20.922098,-7.4685144,2.215012,0.90887344,-0.24774937,0.22068903,-0.2527133,7.5329447,-6.454754,0.14803308,0.74228126,0.66356623,0.16887262,1
6.439999999999907,14.711128961185324,1.3353728337264301,1.2118521496734573,0.1528630782742758,13.166916,0.6181127,0.81802046,0.3036392,-20.846422,-7.5328403,2.2165155,0.9092408,-0.24337408,0.22304584,-0.25357276,7.6023808,-6.4106054,0.15272467,0.72291166,0.6876543,0.17548567,1
6.449999999999907,14.711128961185324,1.3353728337264301,1.2118521496734573,0.1528630782742758,13.209221,0.39851323,0.7225656,0.5269143,-20.770048,-7.596731,2.2180676,0.90954655,-0.23903826,0.2255281,-0.25440353,7.6721764,-6.367689,0.15769412,0.70656306,0.7079858,0.18177421,1
6.459999999999907,14.711128961185324,1.3353728337264301,1.2118521496734573,0.1528630782742758,13.209221,0.39851323,0.7225656,0.5269143,-20.692972,-7.6601977,2.2196722,0.9097926,-0.23481745,0.22811031,-0.25515124,7.7425814,-6.325869,0.16323958,0.6585147,0.7102612,0.19871032,1
6.4699999999999065,14.711128961185324,1.3353728337264301,1.2118521496734573,0.1528630782742758,13.209221,0.39851323,0.7225656,0.5269143,-20.615192,-7.7232523,2.221333,0.9099832,-0.23077044,0.23077224,-0.2557696,7.8133917,-6.28525,0.16898704,0.61795986,0.7121813,0.2148154,1
6.479999999999906,14.711128961185324,1.3353728337264301,1.2118521496734573,0.1528630782742758,13.209221,0.39851323,0.7225656,0.5269143,-20.536703,-7.7859073,2.2230525,0.91012746,-0.22686742,0.23350264,-0.2562695,7.884624,-6.2457976,0.17489488,0.5837299,0.7138018,0.23013017,1
6.489999999999906,14.48545083992249,0.9209478684685938,0.9111496528507238,0.339264406097765,13.121412,0.01937835,0.51794374,0.71471035,-20.457499,-7.848173,2.2248316,0.9102328,-0.22308321,0.23629183,-0.2566606,7.9562926,-6.207479,0.18092687,0.5548386,0.71516937,0.24469346,1
6.499999999999906,14.48545083992249,0.9209478684685938,0.9111496528507238,0.339264406097765,13.121412,0.01937835,0.51794374,0.71471035,-20.377577,-7.9100623,2.226668,0.9102973,-0.2195504,0.23910117,-0.2568763,8.027929,-6.1705055,0.18635526,0.4713286,0.6844059,0.26775733,1
6.509999999999906,14.48545083992249,0.9209478684685938,0.9111496528507238,0.339264406097765,13.121412,0.01937835,0.51794374,0.71471035,-20.296938,-7.9715867,2.2285588,0.9103227,-0.21637252,0.24190049,-0.25686175,8.1000185,-6.1345377,0.19182421,0.40084222,0.6584397,0.28968942,1
6.519999999999905,14.48545083992249,0.9209478684685938,0.9111496528507238,0.339264406097765,13.121412,0.01937835,0.51794374,0.71471035,-20.215576,-8.032757,2.2305045,0.91031885,-0.21349092,0.24469338,-0.2566412,8.1725645,-6.0994825,0.19728714,0.34134868,0.6365229,0.31054533,1
6.529999999999905,15.054777146974125,0.29418469339678155,0.4996733221979045,0.6506575019425074,13.756039,-0.5480946,0.12746598,1.0043479,-20.133484,-8.09358,2.2325044,0.91029316,-0.21085611,0.24748266,-0.25623566,8.245572,-6.0652637,0.20270482,0.2911331,0.61802435,0.33037782,1
6.539999999999905,15.054777146974125,0.29418469339678155,0.4996733221979045,0.6506575019425074,13.756039,-0.5480946,0.12746598,1.0043479,-20.050644,-8.154057,2.234583,0.9102522,-0.20866433,0.25019398,-0.25554156,8.3225975,-6.0301795,0.21304317,0.1602605,0.54149747,0.36344972,1
6.549999999999905,15.054777146974125,0.29418469339678155,0.4996733221979045,0.6506575019425074,13.756039,-0.5480946,0.12746598,1.0043479,-19.967031,-8.214186,2.2367644,0.9102044,-0.20706773,0.25276953,-0.25447372,8.400101,-5.995718,0.22324158,0.049798373,0.4769046,0.39489877,1
6.559999999999905,15.054777146974125,0.29418469339678155,0.4996733221979045,0.6506575019425074,13.756039,-0.5480946,0.12746598,1.0043479,-19.88264,-8.2739725,2.239047,0.9101566,-0.20596845,0.25523326,-0.25307387,8.478068,-5.961705,0.23324838,-0.043437153,0.42238507,0.42480463,1
6.569999999999904,15.558838808778514,-0.33867123977056485,0.006362729323073222,0.9402325838778339,14.463356,-1.1567826,-0.31038103,1.2487081,-19.797468,-8.333421,2.2414289,0.9101131,-0.2052839,0.25760502,-0.25137788,8.556488,-5.927993,0.24302107,-0.1221325,0.37636855,0.453243,1
6.579999999999904,15.558838808778514,-0.33867123977056485,0.006362729323073222,0.9402325838778339,14.463356,-1.1567826,-0.31038103,1.2487081,-19.711489,-8.392524,2.2439344,0.9100792,-0.2052022,0.259809,-0.24929033,8.639404,-5.8927116,0.25805342,-0.28346103,0.26921582,0.4922767,1
6.589999999999904,15.558838808778514,-0.33867123977056485,0.006362729323073222,0.9402325838778339,14.463356,-1.1567826,-0.31038103,1.2487081,-19.62468,-8.451275,2.2465887,0.9100593,-0.20586726,0.2617859,-0.24673316,8.722756,-5.8573594,0.27274334,-0.41963056,0.17877443,0.529395,1
6.599999999999904,15.558838808778514,-0.33867123977056485,0.006362729323073222,0.9402325838778339,14.463356,-1.1567826,-0.31038103,1.2487081,-19.537033,-8.50967,2.249388,0.91005284,-0.2071551,0.26357284,-0.24375865,8.806511,-5.8217,0.28703722,-0.53456503,0.10243911,0.56469184,1
6.6099999999999035,15.72666785098657,-0.8016744393717704,-0.45064746583799914,1.1362082600608765,14.801661,-1.590366,-0.7165874,1.354496,-19.448547,-8.567706,2.252328,0.9100573,-0.2089611,0.26520073,-0.2404117,8.890637,-5.7855334,0.30088988,-0.6315769,0.03801077,0.59825677,1
6.619999999999903,15.72666785098657,-0.8016744393717704,-0.45064746583799914,1.1362082600608765,14.801661,-1.590366,-0.7165874,1.354496,-19.35921,-8.625374,2.2554169,0.9100788,-0.2113903,0.26659152,-0.23663881,8.977078,-5.7478127,0.31686816,-0.78105205,-0.07974531,0.63536566,1
6.629999999999903,15.72666785098657,-0.8016744393717704,-0.45064746583799914,1.1362082600608765,14.801661,-1.590366,-0.7165874,1.354496,-19.269005,-8.682659,2.2586632,0.910119,-0.21451981,0.26768357,-0.23239747,9.063808,-5.7091403,0.33230755,-0.9072191,-0.1791334,0.67065364,1
6.639999999999903,15.72666785098657,-0.8016744393717704,-0.45064746583799914,1.1362082600608765,14.801661,-1.590366,-0.7165874,1.354496,-19.177933,-8.739552,2.262061,0.9101673,-0.21823074,0.26852265,-0.22773857,9.150762,-5.669281,0.3471638,-1.0137134,-0.26301757,0.7042099,1
6.649999999999903,15.72666785098657,-0.8016744393717704,-0.45064746583799914,1.1362082600608765,14.718475,-1.8269565,-0.9942018,1.4153502,-19.08599,-8.79604,2.2656043,0.9102133,-0.22242281,0.26914725,-0.22270599,9.237876,-5.628038,0.3613971,-1.1036026,-0.33381557,0.7361196,1
6.659999999999902,15.72666785098657,-0.8016744393717704,-0.45064746583799914,1.1362082600608765,14.718475,-1.8269565,-0.9942018,1.4153502,-18.99318,-8.852108,2.2692835,0.9102571,-0.22712006,0.26951087,-0.21728036,9.324596,-5.585478,0.37434283,-1.2163507,-0.43688273,0.76944965,1
6.669999999999902,15.72666785098657,-0.8016744393717704,-0.45064746583799914,1.1362082600608765,14.718475,-1.8269565,-0.9942018,1.4153502,-18.8995,-8.907743,2.2730887,0.9102948,-0.2323358,0.26957738,-0.21144713,9.411328,-5.541175,0.3865954,-1.3115201,-0.52387106,0.8011442,1
6.679999999999902,15.72666785098657,-0.8016744393717704,-0.45064746583799914,1.1362082600608765,14.718475,-1.8269565,-0.9942018,1.4153502,-18.804953,-8.962926,2.2770128,0.9103114,-0.23797774,0.26939043,-0.20524839,9.497984,-5.4949517,0.39811864,-1.3918523,-0.597288,0.8312834,1
6.689999999999902,16.156087104701697,-1.1722562702594752,-0.8994838878519301,1.3318934419951511,15.000141,-1.9085395,-1.2214372,1.4560287,-18.709541,-9.017635,2.2810485,0.9102934,-0.24396808,0.26898685,-0.19872068,9.5844755,-5.446662,0.40887746,-1.4596608,-0.65925044,0.8599438,1
6.699999999999902,16.156087104701697,-1.1722562702594752,-0.8994838878519301,1.3318934419951511,15.000141,-1.9085395,-1.2214372,1.4560287,-18.613256,-9.071846,2.2851982,0.9102457,-0.2502874,0.26832256,-0.1918602,9.672366,-5.3952155,0.42090684,-1.5295999,-0.74699146,0.8891939,1
6.709999999999901,16.156087104701697,-1.1722562702594752,-0.8994838878519301,1.3318934419951511,15.000141,-1.9085395,-1.2214372,1.4560287,-18.516094,-9.125531,2.2894642,0.91016936,-0.25691572,0.26736367,-0.18466495,9.759888,-5.3414073,0.43209714,-1.5886378,-0.82104385,0.9170087,1
6.719999999999901,16.156087104701697,-1.1722562702594752,-0.8994838878519301,1.3318934419951511,15.000141,-1.9085395,-1.2214372,1.4560287,-18.41806,-9.178666,2.2938375,0.9100476,-0.263792,0.2661528,-0.17716756,9.846927,-5.285124,0.44242337,-1.6384739,-0.88354295,0.94345856,1
6.729999999999901,16.482309807132726,-1.293671094878566,-1.2696554751236302,1.3579740499191784,15.638445,-1.9344391,-1.4314992,1.453229,-18.319159,-9.231226,2.2983096,0.9098657,-0.27086484,0.26472604,-0.16939673,9.9333725,-5.2262774,0.4518592,-1.6805423,-0.93629056,0.9686105,1
6.739999999999901,16.482309807132726,-1.293671094878566,-1.2696554751236302,1.3579740499191784,15.638445,-1.9344391,-1.4314992,1.453229,-18.219378,-9.283171,2.3028944,0.90963,-0.27811444,0.26303893,-0.16135234,10.022765,-5.162179,0.46491632,-1.7200729,-1.0135697,0.9923909,1
6.7499999999999005,16.482309807132726,-1.293671094878566,-1.2696554751236302,1.3579740499191784,15.638445,-1.9344391,-1.4314992,1.453229,-18.118704,-9.33446,2.3076046,0.909343,-0.28552184,0.26105747,-0.1530358,10.111288,-5.09526,0.4770019,-1.7534451,-1.0787929,1.0150044,1
6.7599999999999,16.482309807132726,-1.293671094878566,-1.2696554751236302,1.3579740499191784,15.638445,-1.9344391,-1.4314992,1.453229,-18.017153,-9.385065,2.312431,0.90898776,-0.2930484,0.25882384,-0.14447321,10.198804,-5.0254617,0.4881,-1.781619,-1.1338407,1.0365082,1
6.7699999999999,16.771998419242887,-1.2728416719766675,-1.5291187229469692,1.3403780820465032,16.217566,-1.9987595,-1.677864,1.4685502,-17.914732,-9.434958,2.3173633,0.90854955,-0.30066177,0.2563737,-0.13568763,10.285184,-4.9527426,0.49819186,-1.8054041,-1.1803004,1.0569568,1
6.7799999999999,16.771998419242887,-1.2728416719766675,-1.5291187229469692,1.3403780820465032,16.217566,-1.9987595,-1.677864,1.4685502,-17.811436,-9.484097,2.3224113,0.90803295,-0.30837044,0.2536516,-0.12666138,10.373452,-4.874272,0.5112267,-1.835488,-1.2579402,1.0771537,1
6.7899999999999,16.771998419242887,-1.2728416719766675,-1.5291187229469692,1.3403780820465032,16.217566,-1.9987595,-1.677864,1.4685502,-17.707266,-9.5324335,2.3275843,0.9074381,-0.31617802,0.25061437,-0.11738121,10.46025,-4.7927036,0.5231849,-1.8608874,-1.3234683,1.0963596,1
6.7999999999998995,16.771998419242887,-1.2728416719766675,-1.5291187229469692,1.3403780820465032,16.217566,-1.9987595,-1.677864,1.4685502,-17.602236,-9.579939,2.3328712,0.90674746,-0.3240529,0.24730685,-0.107872725,10.545415,-4.70801,0.53405243,-1.8823326,-1.3787739,1.1146232,1
6.809999999999899,17.03062846229729,-1.0961943980054087,-1.658820369784429,1.3500256837402647,16.521645,-1.949411,-1.8017287,1.4916087,-17.496363,-9.626582,2.3382614,0.90594584,-0.33196855,0.24376686,-0.09815869,10.628796,-4.6201816,0.54381174,-1.9004394,-1.4254516,1.1319906,1
6.819999999999899,17.03062846229729,-1.0961943980054087,-1.658820369784429,1.3500256837402647,16.521645,-1.949411,-1.8017287,1.4916087,-17.389658,-9.672323,2.3437533,0.9050393,-0.33988875,0.23998064,-0.088245034,10.711776,-4.5275187,0.5544462,-1.9080164,-1.4841595,1.1496371,1
6.829999999999899,17.03062846229729,-1.0961943980054087,-1.658820369784429,1.3500256837402647,16.521645,-1.949411,-1.8017287,1.4916087,-17.282133,-9.717122,2.349346,0.90403134,-0.3477829,0.23593937,-0.07813762,10.792634,-4.431687,0.563926,-1.9144182,-1.53371,1.1664176,1
6.839999999999899,17.03062846229729,-1.0961943980054087,-1.658820369784429,1.3500256837402647,16.521645,-1.949411,-1.8017287,1.4916087,-17.173813,-9.760946,2.3550277,0.90290654,-0.35563812,0.23167934,-0.06785567,10.871219,-4.332718,0.5722442,-1.9198272,-1.5755315,1.182375,1
6.849999999999898,17.03062846229729,-1.0961943980054087,-1.658820369784429,1.3500256837402647,16.677826,-1.8050951,-1.842067,1.4941895,-17.064716,-9.803766,2.360787,0.9016521,-0.36344358,0.22723116,-0.057416495,10.947388,-4.230655,0.57939047,-1.9243978,-1.6108295,1.1975492,1
6.859999999999898,17.03062846229729,-1.0961943980054087,-1.658820369784429,1.3500256837402647,16.677826,-1.8050951,-1.842067,1.4941895,-16.95487,-9.845544,2.3666165,0.90028197,-0.3711392,0.22260334,-0.04684264,11.021704,-4.1245623,0.58633816,-1.905749,-1.6468945,1.2121054,1
6.869999999999898,17.03062846229729,-1.0961943980054087,-1.658820369784429,1.3500256837402647,16.677826,-1.8050951,-1.842067,1.4941895,-16.844294,-9.886246,2.3725095,0.89880806,-0.37867713,0.21780497,-0.03615331,11.093316,-4.015484,0.59209913,-1.8900127,-1.6773363,1.2259474,1
6.879999999999898,17.03062846229729,-1.0961943980054087,-1.658820369784429,1.3500256837402647,16.677826,-1.8050951,-1.842067,1.4941895,-16.733015,-9.925843,2.3784542,0.89721733,-0.38606575,0.21286072,-0.025358964,11.162105,-3.9035108,0.5966823,-1.876735,-1.7030314,1.2391101,1
6.8899999999998975,17.189967176797996,-0.8392111931858856,-1.7182200709602313,1.2874523264281237,16.884726,-1.5099114,-1.7190394,1.423149,-16.621063,-9.964308,2.384439,0.8954985,-0.39331213,0.20779128,-0.014469388,11.227956,-3.7887373,0.600092,-1.8655311,-1.7247202,1.251627,1
6.899999999999897,17.189967176797996,-0.8392111931858856,-1.7182200709602313,1.2874523264281237,16.884726,-1.5099114,-1.7190394,1.423149,-16.508465,-10.001602,2.3904583,0.8936794,-0.4003183,0.20265368,-0.003545481,11.291549,-3.6698089,0.6035786,-1.8100635,-1.7237991,1.2600436,1
6.909999999999897,17.189967176797996,-0.8392111931858856,-1.7182200709602313,1.2874523264281237,16.884726,-1.5099114,-1.7190394,1.423149,-16.395245,-10.037695,2.3965068,0.89178646,-0.40700966,0.19749556,0.007362377,11.352,-3.548293,0.6059146,-1.7632465,-1.7230277,1.2680472,1
6.919999999999897,17.189967176797996,-0.8392111931858856,-1.7182200709602313,1.2874523264281237,16.884726,-1.5099114,-1.7190394,1.423149,-16.281435,-10.072559,2.402573,0.8898087,-0.41342306,0.19232005,0.018259631,11.409259,-3.4243386,0.6071357,-1.7237313,-1.7223817,1.2756581,1
6.929999999999897,17.685566696932224,-0.49661586789973716,-1.640525061535983,1.236723291634708,17.320892,-1.1274784,-1.5159578,1.3799769,-16.167072,-10.106173,2.4086459,0.88773656,-0.41958943,0.18712938,0.029150257,11.463275,-3.298085,0.60727143,-1.6903783,-1.7218409,1.2828956,1
6.9399999999998965,17.685566696932224,-0.49661586789973716,-1.640525061535983,1.236723291634708,17.320892,-1.1274784,-1.5159578,1.3799769,-16.052177,-10.138497,2.4147272,0.8856122,-0.42540324,0.1820004,0.039969634,11.515322,-3.166355,0.6088627,-1.6026162,-1.6896654,1.2876594,1
6.949999999999896,17.685566696932224,-0.49661586789973716,-1.640525061535983,1.236723291634708,17.320892,-1.1274784,-1.5159578,1.3799769,-15.936777,-10.169494,2.4208195,0.8834747,-0.43078578,0.1769961,0.05066606,11.564014,-3.0325916,0.60943586,-1.5285367,-1.6625183,1.2921895,1
6.959999999999896,17.685566696932224,-0.49661586789973716,-1.640525061535983,1.236723291634708,17.320892,-1.1274784,-1.5159578,1.3799769,-15.820907,-10.199143,2.4269125,0.88131106,-0.43579668,0.1720988,0.06125931,11.609378,-2.8969731,0.60905886,-1.4660064,-1.6396139,1.2964971,1
6.969999999999896,17.96834597160416,-0.11656362242989803,-1.5087129604678966,1.1556734949199856,17.456434,-0.7485164,-1.2413789,1.3061131,-15.7046,-10.2274275,2.4329972,0.87910956,-0.44048578,0.16729297,0.07176567,11.651435,-2.7596595,0.6077905,-1.4132252,-1.6202891,1.3005934,1
6.979999999999896,17.96834597160416,-0.11656362242989803,-1.5087129604678966,1.1556734949199856,17.456434,-0.7485164,-1.2413789,1.3061131,-15.587887,-10.254325,2.439069,0.87691045,-0.44477212,0.16266918,0.08211681,11.690514,-2.6197157,0.6064387,-1.3096141,-1.5611107,1.3008642,1
6.989999999999895,17.96834597160416,-0.11656362242989803,-1.5087129604678966,1.1556734949199856,17.456434,-0.7485164,-1.2413789,1.3061131,-15.470799,-10.279816,2.4451234,0.8747505,-0.4485975,0.15829986,0.092258506,11.726374,-2.4783945,0.604329,-1.2221532,-1.5111748,1.3011217,1
6.999999999999895,17.96834597160416,-0.11656362242989803,-1.5087129604678966,1.1556734949199856,17.456434,-0.7485164,-1.2413789,1.3061131,-15.35337,-10.303887,2.4511535,0.8726147,-0.45203042,0.15414736,0.10222194,11.759113,-2.335865,0.6015454,-1.1483252,-1.469038,1.3013666,1
7.009999999999895,17.958195341331006,0.18310606491060138,-1.3861222778333284,1.0365060246767621,17.547878,-0.5219398,-1.1182443,1.2459307,-15.235628,-10.326528,2.4571526,0.8704894,-0.45512807,0.15017916,0.112033226,11.788816,-2.1922736,0.5981612,-1.0860052,-1.4334822,1.3015994,1
7.019999999999895,17.958195341331006,0.18310606491060138,-1.3861222778333284,1.0365060246767621,17.547878,-0.5219398,-1.1182443,1.2459307,-15.117602,-10.347724,2.4631174,0.8683979,-0.45786637,0.14641742,0.121671796,11.815701,-2.0469959,0.5947374,-0.9980834,-1.3842447,1.2988678,1
7.0299999999998946,17.958195341331006,0.18310606491060138,-1.3861222778333284,1.0365060246767621,17.547878,-0.5219398,-1.1182443,1.2459307,-14.999323,-10.367464,2.4690456,0.86635995,-0.46023017,0.14287849,0.13112189,11.839712,-1.9009217,0.5908601,-0.92386633,-1.3426976,1.2962703,1
7.039999999999894,17.958195341331006,0.18310606491060138,-1.3861222778333284,1.0365060246767621,17.547878,-0.5219398,-1.1182443,1.2459307,-14.880817,-10.38574,2.4749331,0.8643594,-0.46227503,0.13952842,0.14041004,11.8609495,-1.7541785,0.5866084,-0.86121774,-1.3076403,1.2938001,1
7.049999999999894,17.958195341331006,0.18310606491060138,-1.3861222778333284,1.0365060246767621,17.732435,-0.48730108,-1.0382334,1.1942781,-14.762113,-10.402546,2.4807763,0.862382,-0.46404734,0.13633816,0.14955851,11.8795,-1.6068765,0.58205086,-0.80833435,-1.2780582,1.2914511,1
7.059999999999894,17.958195341331006,0.18310606491060138,-1.3861222778333284,1.0365060246767621,17.732435,-0.48730108,-1.0382334,1.1942781,-14.643234,-10.417869,2.4865775,0.86041856,-0.46557975,0.13330953,0.1585638,11.895609,-1.4575591,0.5782282,-0.7583046,-1.2406132,1.2866828,1
7.069999999999894,17.958195341331006,0.18310606491060138,-1.3861222778333284,1.0365060246767621,17.732435,-0.48730108,-1.0382334,1.1942781,-14.524208,-10.431697,2.4923398,0.8584618,-0.4669006,0.1304421,0.16742323,11.90916,-1.3078637,0.57420796,-0.7160716,-1.2090148,1.2821485,1
7.0799999999998935,17.958195341331006,0.18310606491060138,-1.3861222778333284,1.0365060246767621,17.732435,-0.48730108,-1.0382334,1.1942781,-14.405059,-10.444025,2.4980614,0.8565028,-0.46803954,0.12770979,0.17615534,11.920231,-1.1578686,0.5700351,-0.68042064,-1.1823498,1.2778366,1
7.089999999999893,18.419653506438216,0.27190269314139875,-1.4030656614468062,0.9669429342239524,17.818712,-0.45562944,-0.9877492,1.1623589,-14.285812,-10.454853,2.5037405,0.8545337,-0.46902138,0.12509038,0.18477568,11.928887,-1.0076438,0.5657486,-0.6503256,-1.1598482,1.2737364,1
7.099999999999893,18.419653506438216,0.27190269314139875,-1.4030656614468062,0.9669429342239524,17.818712,-0.45562944,-0.9877492,1.1623589,-14.16649,-10.464174,2.5093784,0.852552,-0.46986032,0.122582756,0.19328302,11.935218,-0.85652053,0.56183904,-0.61998904,-1.1329824,1.268271,1
7.109999999999893,18.419653506438216,0.27190269314139875,-1.4030656614468062,0.9669429342239524,17.818712,-0.45562944,-0.9877492,1.1623589,-14.047115,-10.471984,2.514977,0.8505561,-0.47056887,0.12018486,0.20167659,11.939241,-0.70528823,0.55788136,-0.59437966,-1.11031,1.2630738,1
7.119999999999893,18.419653506438216,0.27190269314139875,-1.4030656614468062,0.9669429342239524,17.818712,-0.45562944,-0.9877492,1.1623589,-13.927712,-10.47828,2.520536,0.8485404,-0.47116378,0.11787791,0.20996934,11.941015,-0.5540003,0.55390376,-0.572761,-1.0911772,1.2581316,1
7.129999999999892,18.510415380033418,0.3758034452734979,-1.4024472723390902,0.8424035159545153,17.91187,-0.5109735,-0.8601506,1.0844079,-13.808302,-10.483064,2.526055,0.8465005,-0.4716591,0.11564599,0.21817218,11.940587,-0.4027056,0.54993105,-0.55451095,-1.075031,1.253432,1
7.139999999999892,18.510415380033418,0.3758034452734979,-1.4024472723390902,0.8424035159545153,17.91187,-0.5109735,-0.8601506,1.0844079,-13.688907,-10.486331,2.5315373,0.8444183,-0.4720976,0.1135094,0.22626466,11.937987,-0.25065678,0.546475,-0.54775435,-1.0415119,1.245138,1
7.149999999999892,18.510415380033418,0.3758034452734979,-1.4024472723390902,0.8424035159545153,17.91187,-0.5109735,-0.8601506,1.0844079,-13.569549,-10.488077,2.5369852,0.8422804,-0.47251466,0.11148262,0.23423007,11.933273,-0.09867439,0.54304403,-0.5420466,-1.0132214,1.2372509,1
7.159999999999892,18.510415380033418,0.3758034452734979,-1.4024472723390902,0.8424035159545153,17.91187,-0.5109735,-0.8601506,1.0844079,-13.450249,-10.488304,2.5423987,0.8400893,-0.47291067,0.10954548,0.24208198,11.926496,0.053217012,0.5396341,-0.53722495,-0.9893436,1.2297509,1
7.169999999999892,18.417153787518483,0.5203350898724537,-1.3076591609363473,0.7229738192586901,17.88254,-0.30321643,-0.84487164,1.0503987,-13.331025,-10.487013,2.547778,0.8378472,-0.4732857,0.10768105,0.24983197,11.917701,0.20499332,0.5362428,-0.5331518,-0.9691903,1.2226188,1
7.179999999999891,18.417153787518483,0.5203350898724537,-1.3076591609363473,0.7229738192586901,17.88254,-0.30321643,-0.84487164,1.0503987,-13.211901,-10.484206,2.5531228,0.8355956,-0.47357222,0.10589938,0.25747466,11.906946,0.35637975,0.53271896,-0.4973141,-0.9497714,1.2141678,1
7.189999999999891,18.417153787518483,0.5203350898724537,-1.3076591609363473,0.7229738192586901,17.88254,-0.30321643,-0.84487164,1.0503987,-13.092894,-10.479886,2.5584323,0.83336836,-0.47371724,0.104208276,0.26500624,11.894276,0.50758415,0.5292492,-0.4670624,-0.933386,1.2061317,1
7.199999999999891,18.417153787518483,0.5203350898724537,-1.3076591609363473,0.7229738192586901,17.88254,-0.30321643,-0.84487164,1.0503987,-12.974022,-10.474055,2.5637078,0.83115655,-0.4737402,0.102591634,0.2724381,11.879747,0.6585645,0.52587044,-0.44152603,-0.91955984,1.1984898,1
7.209999999999891,18.88039468274896,0.4087566834454774,-1.3012624268788315,0.7032175444216057,18.05752,-0.4693527,-0.79881823,0.8791377,-12.855304,-10.466716,2.5689502,0.82895255,-0.47365728,0.10103582,0.27977994,11.863413,0.8092827,0.5226149,-0.41997007,-0.9078935,1.1912229,1
7.2199999999998905,18.88039468274896,0.4087566834454774,-1.3012624268788315,0.7032175444216057,18.05752,-0.4693527,-0.79881823,0.8791377,-12.736759,-10.457864,2.5741653,0.82672244,-0.4735445,0.09951575,0.28702047,11.845138,0.9611785,0.52043575,-0.4276932,-0.8908849,1.1759088,1
7.22999999999989,18.88039468274896,0.4087566834454774,-1.3012624268788315,0.7032175444216057,18.05752,-0.4693527,-0.79881823,0.8791377,-12.618406,-10.4474945,2.5793593,0.8244404,-0.47346306,0.098008946,0.29414883,11.825109,1.1127622,0.5184,-0.43420935,-0.8765279,1.1613461,1
7.23999999999989,18.88039468274896,0.4087566834454774,-1.3012624268788315,0.7032175444216057,18.05752,-0.4693527,-0.79881823,0.8791377,-12.500262,-10.43561,2.5845335,0.82211107,-0.4734054,0.096508496,0.30117333,11.803346,1.2640232,0.51649565,-0.4397068,-0.8644093,1.1474979,1
7.24999999999989,18.88039468274896,0.4087566834454774,-1.3012624268788315,0.7032175444216057,18.529997,-0.45346698,-0.7916486,0.8341084,-12.382345,-10.4222145,2.5896893,0.8197383,-0.47336507,0.095008865,0.30810142,11.779866,1.4149495,0.5147132,-0.44434497,-0.85418,1.1343293,1
7.25999999999989,18.88039468274896,0.4087566834454774,-1.3012624268788315,0.7032175444216057,18.529997,-0.45346698,-0.7916486,0.8341084,-12.264675,-10.407292,2.5948405,0.8173299,-0.47333288,0.09350728,0.31493303,11.754027,1.5694673,0.5155696,-0.44578284,-0.8444249,1.1195974,1
7.269999999999889,18.88039468274896,0.4087566834454774,-1.3012624268788315,0.7032175444216057,18.529997,-0.45346698,-0.7916486,0.8341084,-12.147271,-10.390826,2.6000009,0.8148925,-0.47330132,0.09200123,0.32166827,11.726461,1.7236121,0.5165416,-0.4469948,-0.83619124,1.1055883,1
7.279999999999889,18.88039468274896,0.4087566834454774,-1.3012624268788315,0.7032175444216057,18.529997,-0.45346698,-0.7916486,0.8341084,-12.030151,-10.372821,2.6051714,0.8124277,-0.47326764,0.09048703,0.32831335,11.697185,1.8773674,0.5176279,-0.44801643,-0.82924163,1.0922668,1
7.289999999999889,18.57945530200359,0.3753521568035166,-1.3999698350456882,0.5723859214803398,17.939486,-0.44304952,-0.7966751,0.6683002,-11.913332,-10.35328,2.6103535,0.8099369,-0.4732295,0.08896182,0.33487386,11.666212,2.0307162,0.51882863,-0.4488773,-0.82337594,1.079599,1
7.299999999999889,18.57945530200359,0.3753521568035166,-1.3999698350456882,0.5723859214803398,17.939486,-0.44304952,-0.7966751,0.6683002,-11.796826,-10.332232,2.6155324,0.80743015,-0.4731827,0.08741344,0.3413388,11.634597,2.178767,0.51697665,-0.44798213,-0.8192056,1.0594164,1
7.309999999999889,18.57945530200359,0.3753521568035166,-1.3999698350456882,0.5723859214803398,17.939486,-0.44304952,-0.7966751,0.6683002,-11.680646,-10.309707,2.6206934,0.804917,-0.47312412,0.08583103,0.34769785,11.601366,2.3263881,0.51524025,-0.4472256,-0.81568575,1.0402242,1
7.319999999999888,18.57945530200359,0.3753521568035166,-1.3999698350456882,0.5723859214803398,17.939486,-0.44304952,-0.7966751,0.6683002,-11.564805,-10.2857065,2.6258378,0.80239743,-0.4730534,0.0842144,0.35395667,11.566532,2.4735606,0.5136237,-0.446586,-0.8127153,1.0219737,1
7.329999999999888,17.731481380325427,0.3361986981204291,-1.549968023854479,0.4327348572694406,17.238873,-0.5587248,-0.9513519,0.57575744,-11.44932,-10.260237,2.6309667,0.79987144,-0.4729701,0.08256366,0.3601205,11.530106,2.6202652,0.5121315,-0.44604534,-0.8102083,1.0046189,1
7.339999999999888,17.731481380325427,0.3361986981204291,-1.549968023854479,0.4327348572694406,17.238873,-0.5587248,-0.9513519,0.57575744,-11.3342,-10.233332,2.6360621,0.797326,-0.47288927,0.08080751,0.3662181,11.493577,2.7607713,0.5069898,-0.46361467,-0.8322246,0.9835745,1
7.349999999999888,17.731481380325427,0.3361986981204291,-1.549968023854479,0.4327348572694406,17.238873,-0.5587248,-0.9513519,0.57575744,-11.219453,-10.205024,2.6411068,0.79475075,-0.47282198,0.07888871,0.3722711,11.455494,2.9007804,0.5019742,-0.47844627,-0.85080564,0.96356285,1
7.3599999999998875,17.731481380325427,0.3361986981204291,-1.549968023854479,0.4327348572694406,17.238873,-0.5587248,-0.9513519,0.57575744,-11.105096,-10.175319,2.646102,0.79214895,-0.47276253,0.076826744,0.37827483,11.415823,3.0402622,0.49708715,-0.49096653,-0.8664876,0.9445331,1
7.369999999999887,17.68101461700674,0.17354923977726977,-1.5925004203832813,0.31003339316793216,17.039322,-0.7453781,-1.0203345,0.53203446,-10.991142,-10.14422,2.651049,0.7895233,-0.47270632,0.07463837,0.3842258,11.374538,3.1791868,0.49233112,-0.5015357,-0.87972265,0.9264372,1
7.379999999999887,17.68101461700674,0.17354923977726977,-1.5925004203832813,0.31003339316793216,17.039322,-0.7453781,-1.0203345,0.53203446,-10.877607,-10.111744,2.6559436,0.78684455,-0.472698,0.0722848,0.39013562,11.332111,3.3159242,0.48662364,-0.53956115,-0.90166724,0.9070838,1
7.389999999999887,17.68101461700674,0.17354923977726977,-1.5925004203832813,0.31003339316793216,17.039322,-0.7453781,-1.0203345,0.53203446,-10.764504,-10.077904,2.6607816,0.7840893,-0.47277203,0.06973553,0.39601275,11.288012,3.452055,0.48102853,-0.5716584,-0.9201854,0.8886801,1
7.399999999999887,17.68101461700674,0.17354923977726977,-1.5925004203832813,0.31003339316793216,17.039322,-0.7453781,-1.0203345,0.53203446,-10.651853,-10.042705,2.6655643,0.7812673,-0.47291118,0.06701516,0.4018507,11.242188,3.587552,0.47552612,-0.59875137,-0.9358124,0.8711794,1
7.4099999999998865,17.66926756747395,0.07122972627463944,-1.7063640233249178,0.2162584982641824,17.137094,-0.807826,-1.0546598,0.53180766,-10.539668,-10.006154,2.6702924,0.7783865,-0.473101,0.06414489,0.40764427,11.1946,3.722387,0.47009987,-0.62162036,-0.94899976,0.8545374,1
7.419999999999886,17.66926756747395,0.07122972627463944,-1.7063640233249178,0.2162584982641824,17.137094,-0.807826,-1.0546598,0.53180766,-10.427969,-9.968255,2.6749692,0.7754427,-0.47334307,0.061121967,0.4133976,11.144927,3.8573,0.46526718,-0.65065986,-0.9654868,0.838701,1
7.429999999999886,17.66926756747395,0.07122972627463944,-1.7063640233249178,0.2162584982641824,17.137094,-0.807826,-1.0546598,0.53180766,-10.316775,-9.929009,2.6795979,0.7724323,-0.47363776,0.057945337,0.41911384,11.093405,3.9914863,0.46047908,-0.6751717,-0.97940004,0.82364166,1
7.439999999999886,17.66926756747395,0.07122972627463944,-1.7063640233249178,0.2162584982641824,17.137094,-0.807826,-1.0546598,0.53180766,-10.206107,-9.888427,2.6841788,0.7693626,-0.47397223,0.054634225,0.42478833,11.039996,4.1249137,0.4557192,-0.695862,-0.9911415,0.8093212,1
7.449999999999886,17.66926756747395,0.07122972627463944,-1.7063640233249178,0.2162584982641824,17.08547,-0.776481,-1.0200132,0.44884863,-10.095982,-9.846513,2.6887121,0.7662396,-0.47433564,0.05120515,0.43041733,10.984674,4.2575493,0.45097354,-0.71332633,-1.0010501,0.79570353,1
7.459999999999885,17.66926756747395,0.07122972627463944,-1.7063640233249178,0.2162584982641824,17.08547,-0.776481,-1.0200132,0.44884863,-9.986419,-9.803281,2.6931968,0.76307803,-0.474716,0.04768352,0.4359831,10.927592,4.388963,0.4459487,-0.7231849,-1.0040045,0.77868325,1
7.469999999999885,17.66926756747395,0.07122972627463944,-1.7063640233249178,0.2162584982641824,17.08547,-0.776481,-1.0200132,0.44884863,-9.877436,-9.758738,2.6976311,0.75989103,-0.47510365,0.04408981,0.44147083,10.868578,4.519526,0.44091615,-0.73150593,-1.0064976,0.76249814,1
7.479999999999885,17.66926756747395,0.07122972627463944,-1.7063640233249178,0.2162584982641824,17.08547,-0.776481,-1.0200132,0.44884863,-9.7690525,-9.712894,2.7020152,0.7566808,-0.47549346,0.040430646,0.44688225,10.80763,4.649209,0.43586752,-0.7385287,-1.0086013,0.74710727,1
7.489999999999885,17.78128046818863,0.015528434874859208,-1.7372406359473087,0.12775860305912384,17.156233,-0.869543,-0.79326534,0.41827217,-9.661289,-9.665758,2.7063484,0.753449,-0.47588128,0.0367119,0.45221907,10.74475,4.7779837,0.43079516,-0.7444561,-1.0103766,0.73247164,1
7.4999999999998845,17.78128046818863,0.015528434874859208,-1.7372406359473087,0.12775860305912384,17.156233,-0.869543,-0.79326534,0.41827217,-9.554165,-9.617335,2.7106328,0.750178,-0.4763329,0.032988325,0.45743853,10.679676,4.906356,0.42607215,-0.76398915,-0.9765198,0.71705383,1
7.509999999999884,17.78128046818863,0.015528434874859208,-1.7372406359473087,0.12775860305912384,17.156233,-0.869543,-0.79326534,0.41827217,-9.447701,-9.567634,2.7148695,0.7468549,-0.4769012,0.029303007,0.46250695,10.612689,5.033797,0.42127177,-0.7804727,-0.94794166,0.7023925,1
7.519999999999884,17.78128046818863,0.015528434874859208,-1.7372406359473087,0.12775860305912384,17.156233,-0.869543,-0.79326534,0.41827217,-9.341918,-9.516664,2.7190576,0.7434875,-0.47756514,0.025645263,0.46743834,10.543809,5.160315,0.41634828,-0.79438275,-0.92381924,0.68845063,1
7.529999999999884,17.35834477776319,0.14837109551610378,-1.5281412849157676,0.00953133052778695,16.874365,-0.81112236,-0.6263007,0.26785278,-9.236832,-9.464431,2.7231958,0.74008197,-0.47830686,0.022006407,0.47224498,10.473055,5.285916,0.41126263,-0.8061209,-0.90345764,0.6751929,1
7.539999999999884,17.35834477776319,0.14837109551610378,-1.5281412849157676,0.00953133052778695,16.874365,-0.81112236,-0.6263007,0.26785278,-9.132457,-9.410957,2.7272747,0.7366623,-0.47912613,0.018430965,0.4768914,10.401642,5.4085536,0.40445536,-0.8069312,-0.860225,0.6552046,1
7.5499999999998835,17.35834477776319,0.14837109551610378,-1.5281412849157676,0.00953133052778695,16.874365,-0.81112236,-0.6263007,0.26785278,-9.028804,-9.356262,2.7312844,0.7332502,-0.4800229,0.01495272,0.48134905,10.328453,5.530311,0.39741853,-0.8076107,-0.82373494,0.63619715,1
7.559999999999883,17.35834477776319,0.14837109551610378,-1.5281412849157676,0.00953133052778695,16.874365,-0.81112236,-0.6263007,0.26785278,-8.925893,-9.300354,2.7352223,0.72984684,-0.48098332,0.011550923,0.48563734,10.2535305,5.6512074,0.39011896,-0.80818033,-0.7929361,0.6181224,1
7.569999999999883,16.481740774762812,0.21749334798924094,-1.4393648074848793,-0.10786996439084993,15.893545,-0.7619749,-0.5741335,0.034227587,-8.82374,-9.24324,2.7390857,0.72645295,-0.4819954,0.008208392,0.48977295,10.176914,5.771258,0.38252842,-0.80865836,-0.7669404,0.6009345,1
7.579999999999883,16.481740774762812,0.21749334798924094,-1.4393648074848793,-0.10786996439084993,15.893545,-0.7619749,-0.5741335,0.034227587,-8.722339,-9.184965,2.7428455,0.72309256,-0.4830453,0.0049218126,0.49373937,10.103191,5.883544,0.3693805,-0.8014031,-0.7368548,0.5731261,1
7.589999999999883,16.481740774762812,0.21749334798924094,-1.4393648074848793,-0.10786996439084993,15.893545,-0.7619749,-0.5741335,0.034227587,-8.621682,-9.125572,2.7464724,0.71978724,-0.48412177,0.0016860995,0.49752197,10.027947,5.9950566,0.35591814,-0.7952761,-0.71146244,0.54668224,1
7.599999999999882,16.481740774762812,0.21749334798924094,-1.4393648074848793,-0.10786996439084993,15.893545,-0.7619749,-0.5741335,0.034227587,-8.521785,-9.065067,2.7499628,0.71653354,-0.48521882,-0.001514,0.50113726,9.95122,6.105805,0.34212634,-0.7901017,-0.69003123,0.5215359,1
7.609999999999882,15.106016217667541,0.3296149150480781,-1.6312846655660507,-0.2696933757923771,14.820286,-0.738242,-0.7059783,-0.011642655,-8.422663,-9.00346,2.7533135,0.71332836,-0.48633137,-0.004690976,0.5045997,9.873041,6.215797,0.32799208,-0.7857321,-0.67194337,0.49762353,1
7.619999999999882,15.106016217667541,0.3296149150480781,-1.6312846655660507,-0.2696933757923771,14.820286,-0.738242,-0.7059783,-0.011642655,-8.324304,-8.940792,2.756493,0.7101759,-0.48742145,-0.007890536,0.5079437,9.798816,6.3176575,0.30785987,-0.77833533,-0.6772359,0.4726337,1
7.629999999999882,15.106016217667541,0.3296149150480781,-1.6312846655660507,-0.2696933757923771,14.820286,-0.738242,-0.7059783,-0.011642655,-8.226692,-8.87711,2.7594695,0.70707875,-0.48845834,-0.011149252,0.5111969,9.72328,6.418799,0.2874044,-0.772092,-0.6817043,0.44887012,1
7.6399999999998816,15.106016217667541,0.3296149150480781,-1.6312846655660507,-0.2696933757923771,14.820286,-0.738242,-0.7059783,-0.011642655,-8.129843,-8.81242,2.76224,0.70403236,-0.48944768,-0.014464077,0.5143624,9.646447,6.5192018,0.26663306,-0.76682204,-0.68547696,0.42627263,1
7.649999999999881,15.106016217667541,0.3296149150480781,-1.6312846655660507,-0.2696933757923771,14.325544,-0.5624381,-0.8981645,-0.055881493,-8.033768,-8.74673,2.764801,0.70103246,-0.4903943,-0.017832141,0.5174432,9.568326,6.6188474,0.24555175,-0.76237386,-0.6886623,0.404784,1
7.659999999999881,15.106016217667541,0.3296149150480781,-1.6312846655660507,-0.2696933757923771,14.325544,-0.5624381,-0.8981645,-0.055881493,-7.938467,-8.680063,2.767137,0.6981111,-0.49121296,-0.021270765,0.52047753,9.491583,6.7144146,0.22160928,-0.73119587,-0.721315,0.382179,1
7.669999999999881,15.106016217667541,0.3296149150480781,-1.6312846655660507,-0.2696933757923771,14.325544,-0.5624381,-0.8981645,-0.055881493,-7.8439403,-8.612444,2.7692323,0.6952934,-0.49183622,-0.024793139,0.5234961,9.413625,6.80919,0.19741623,-0.70488185,-0.74887824,0.36068323,1
7.679999999999881,15.106016217667541,0.3296149150480781,-1.6312846655660507,-0.2696933757923771,14.325544,-0.5624381,-0.8981645,-0.055881493,-7.7501984,-8.543882,2.7710843,0.6925663,-0.49229175,-0.028391143,0.5264915,9.334471,6.903131,0.17301627,-0.68267274,-0.77214503,0.3402423,1
7.6899999999998805,14.389664878957536,0.5111394225752618,-1.9439265362281293,-0.4345559437879999,13.747829,-0.2074457,-0.9781449,-0.17148612,-7.6572547,-8.474384,2.7726917,0.6899185,-0.49260283,-0.032057736,0.52945805,9.254137,6.9962006,0.14844552,-0.6639279,-0.7917852,0.3208044,1
7.69999999999988,14.389664878957536,0.5111394225752618,-1.9439265362281293,-0.4345559437879999,13.747829,-0.2074457,-0.9781449,-0.17148612,-7.5651035,-8.40398,2.7740378,0.687417,-0.49267393,-0.03574051,0.5324017,9.175933,7.0846486,0.1207813,-0.59274673,-0.8208236,0.29664755,1
7.70999999999988,14.389664878957536,0.5111394225752618,-1.9439265362281293,-0.4345559437879999,13.747829,-0.2074457,-0.9781449,-0.17148612,-7.4737396,-8.332695,2.7751071,0.6851155,-0.4924309,-0.039397866,0.53532696,9.096667,7.1721926,0.093059584,-0.53266704,-0.8453382,0.27367607,1
7.71999999999988,14.389664878957536,0.5111394225752618,-1.9439265362281293,-0.4345559437879999,13.747829,-0.2074457,-0.9781449,-0.17148612,-7.383174,-8.260539,2.7758992,0.6829873,-0.49192053,-0.043038677,0.5382275,9.016394,7.2588005,0.06535356,-0.48195767,-0.8660335,0.2518318,1
7.72999999999988,14.893982472737003,0.8250053233613227,-1.7636402055925624,-0.6425504390993451,14.112232,-0.011752442,-0.7909062,-0.3748954,-7.2934155,-8.187522,2.7764146,0.6810092,-0.49118218,-0.04667026,0.5410981,8.935159,7.344444,0.037724316,-0.43915677,-0.8835041,0.23105945,1
7.739999999999879,14.893982472737003,0.8250053233613227,-1.7636402055925624,-0.6425504390993451,14.112232,-0.011752442,-0.7909062,-0.3748954,-7.204485,-8.113642,2.7766635,0.6792172,-0.4902352,-0.05021756,0.54388446,8.850831,7.4313464,0.0120953135,-0.3725223,-0.8690461,0.20132509,1
7.749999999999879,14.893982472737003,0.8250053233613227,-1.7636402055925624,-0.6425504390993451,14.112232,-0.011752442,-0.7909062,-0.3748954,-7.116402,-8.0388975,2.776657,0.67764187,-0.48909745,-0.053622924,0.5465423,8.7656355,7.517243,-0.013349168,-0.31627768,-0.85684705,0.17304978,1
7.759999999999879,14.893982472737003,0.8250053233613227,-1.7636402055925624,-0.6425504390993451,14.112232,-0.011752442,-0.7909062,-0.3748954,-7.029175,-7.9632993,2.7763975,0.6762568,-0.48779702,-0.05691516,0.5490813,8.679643,7.602145,-0.03856294,-0.26880315,-0.8465533,0.14616193,1
7.769999999999879,15.211388004916207,1.1772238264135668,-1.5235857983470769,-0.9377091722256803,14.332396,0.38203487,-0.58681893,-0.7812406,-6.942811,-7.8868575,2.775887,0.6750391,-0.48635754,-0.060118288,0.55150986,8.5929165,7.6860623,-0.06350756,-0.22873102,-0.83786744,0.12059351,1
7.779999999999879,15.211388004916207,1.1772238264135668,-1.5235857983470769,-0.9377091722256803,14.332396,0.38203487,-0.58681893,-0.7812406,-6.857325,-7.8095746,2.775134,0.67407876,-0.4847347,-0.06313459,0.55377144,8.504152,7.7703023,-0.08700032,-0.13350852,-0.7987051,0.07634025,1
7.789999999999878,15.211388004916207,1.1772238264135668,-1.5235857983470769,-0.9377091722256803,14.332396,0.38203487,-0.58681893,-0.7812406,-6.7727294,-7.7314544,2.774148,0.67345047,-0.4828947,-0.0658905,0.5558187,8.414807,7.853595,-0.110123314,-0.053132493,-0.765656,0.034258503,1
7.799999999999878,15.211388004916207,1.1772238264135668,-1.5235857983470769,-0.9377091722256803,14.332396,0.38203487,-0.58681893,-0.7812406,-6.68903,-7.6525054,2.772933,0.67311466,-0.48086944,-0.068436675,0.5576705,8.324988,7.9359837,-0.13281724,0.014711771,-0.73776513,-0.0057582743,1
7.809999999999878,15.273303089478928,1.574736914328063,-1.4885527868107158,-1.317419926802178,14.188932,0.6427417,-0.4409493,-1.1017337,-6.6062307,-7.572737,2.7714932,0.6730374,-0.4786858,-0.070815384,0.5593429,8.234782,8.017507,-0.1550325,0.07197793,-0.71422714,-0.043811396,1
7.819999999999878,15.273303089478928,1.574736914328063,-1.4885527868107158,-1.317419926802178,14.188932,0.6427417,-0.4409493,-1.1017337,-6.524331,-7.4921627,2.7698302,0.6732653,-0.47632566,-0.07298307,0.56080294,8.145176,8.09739,-0.17748939,0.1609667,-0.67161745,-0.09572396,1
7.8299999999998775,15.273303089478928,1.574736914328063,-1.4885527868107158,-1.317419926802178,14.188932,0.6427417,-0.4409493,-1.1017337,-6.4433284,-7.4107924,2.7679455,0.67383623,-0.4737756,-0.07490895,0.5620221,8.055369,8.176499,-0.19937351,0.23608106,-0.63565695,-0.14508915,1
7.839999999999877,15.273303089478928,1.574736914328063,-1.4885527868107158,-1.317419926802178,14.188932,0.6427417,-0.4409493,-1.1017337,-6.363224,-7.3286347,2.7658448,0.6747104,-0.47106192,-0.07664236,0.56301975,7.9654574,8.254882,-0.2206329,0.29948387,-0.6053074,-0.19203198,1
7.849999999999877,15.273303089478928,1.574736914328063,-1.4885527868107158,-1.317419926802178,14.044424,0.6999031,-0.47241363,-1.1483213,-6.2840195,-7.245697,2.763535,0.67585325,-0.4682067,-0.078224264,0.5638126,7.8755226,8.332578,-0.24122421,0.35300112,-0.57969266,-0.2366713,1
7.859999999999877,15.273303089478928,1.574736914328063,-1.4885527868107158,-1.317419926802178,14.044424,0.6999031,-0.47241363,-1.1483213,-6.2057095,-7.161989,2.7610185,0.67724746,-0.46520543,-0.07968698,0.5644189,7.7865515,8.408834,-0.26190683,0.40708613,-0.5629826,-0.28140622,1
7.869999999999877,15.273303089478928,1.574736914328063,-1.4885527868107158,-1.317419926802178,14.044424,0.6999031,-0.47241363,-1.1483213,-6.1282883,-7.077522,2.7582989,0.67887706,-0.46205515,-0.08105759,0.56485355,7.6976895,8.484466,-0.28185314,0.45273808,-0.54887927,-0.32394603,1
7.879999999999876,15.273303089478928,1.574736914328063,-1.4885527868107158,-1.317419926802178,14.044424,0.6999031,-0.47241363,-1.1483213,-6.051755,-6.992302,2.7553837,0.68071574,-0.45877504,-0.08236017,0.5651258,7.6089926,8.559487,-0.30102912,0.49127162,-0.5369756,-0.36439836,1
7.889999999999876,14.304902637273727,1.9928767282390423,-1.795026583852773,-1.6662859438284596,13.087633,0.7444905,-0.8280904,-1.3217238,-5.9761076,-6.9063344,2.7522807,0.6827405,-0.4553814,-0.08361445,0.5652439,7.5205064,8.633911,-0.31940696,0.52379686,-0.5269281,-0.40286565,1
7.899999999999876,14.304902637273727,1.9928767282390423,-1.795026583852773,-1.6662859438284596,13.087633,0.7444905,-0.8280904,-1.3217238,-5.901314,-6.819651,2.7489707,0.68493915,-0.45179334,-0.08493349,0.56526655,7.438279,8.702708,-0.34244716,0.55818474,-0.5739196,-0.44795427,1
7.909999999999876,14.304902637273727,1.9928767282390423,-1.795026583852773,-1.6662859438284596,13.087633,0.7444905,-0.8280904,-1.3217238,-5.827341,-6.7322826,2.7454348,0.68730074,-0.4479466,-0.0864087,0.5652379,7.356299,8.770908,-0.36467555,0.58721036,-0.6135824,-0.49083036,1
7.919999999999876,14.304902637273727,1.9928767282390423,-1.795026583852773,-1.6662859438284596,13.087633,0.7444905,-0.8280904,-1.3217238,-5.754187,-6.644235,2.7416806,0.6898081,-0.44387618,-0.088025406,0.5651452,7.274577,8.838461,-0.3860498,0.6117103,-0.6470589,-0.53160256,1
7.929999999999875,12.939943161173096,2.6405062114629567,-2.1100539067657125,-2.02586358543883,11.596508,1.3697839,-1.2182804,-1.6300809,-5.681849,-6.555516,2.7377172,0.69244576,-0.43961155,-0.08977052,0.5649785,7.193123,8.905318,-0.40653634,0.6323906,-0.6753139,-0.570374,1
7.939999999999875,12.939943161173096,2.6405062114629567,-2.1100539067657125,-2.02586358543883,11.596508,1.3697839,-1.2182804,-1.6300809,-5.6102777,-6.4661694,2.7335083,0.6953163,-0.43491206,-0.09161597,0.5647938,7.1212,8.9639,-0.43504396,0.7473295,-0.76005715,-0.6223742,1
7.949999999999875,12.939943161173096,2.6405062114629567,-2.1100539067657125,-2.02586358543883,11.596508,1.3697839,-1.2182804,-1.6300809,-5.5394235,-6.3762403,2.7290194,0.69849783,-0.42958504,-0.09354061,0.5646294,7.0495763,9.021745,-0.46263298,0.8443453,-0.831583,-0.6718226,1
7.959999999999875,12.939943161173096,2.6405062114629567,-2.1100539067657125,-2.02586358543883,11.596508,1.3697839,-1.2182804,-1.6300809,-5.4692845,-6.2857366,2.7242596,0.70194423,-0.42371812,-0.09554231,0.5644534,6.9783072,9.078768,-0.48920202,0.92623353,-0.89195246,-0.7188446,1
7.9699999999998745,11.685562158966556,3.416666565662638,-2.018622096537095,-2.303744839792862,10.071022,2.0472312,-1.1191062,-1.9631274,-5.399856,-6.1946673,2.7192392,0.70561504,-0.41738525,-0.09761826,0.56423956,6.9074397,9.134893,-0.51467043,0.99535364,-0.94290435,-0.76355916,1
7.979999999999874,11.685562158966556,3.416666565662638,-2.018622096537095,-2.303744839792862,10.071022,2.0472312,-1.1191062,-1.9631274,-5.331088,-6.103078,2.7139215,0.70961434,-0.4104751,-0.09960128,0.5639466,6.846289,9.1827965,-0.5486751,1.1593424,-0.9705087,-0.8224223,1
7.989999999999874,11.685562158966556,3.416666565662638,-2.018622096537095,-2.303744839792862,10.071022,2.0472312,-1.1191062,-1.9631274,-5.262929,-6.0110145,2.7082694,0.71402013,-0.40289918,-0.10135944,0.5635355,6.7856264,9.229812,-0.5815683,1.2977594,-0.9938036,-0.87839705,1
7.999999999999874,11.685562158966556,3.416666565662638,-2.018622096537095,-2.303744839792862,10.071022,2.0472312,-1.1191062,-1.9631274,-5.1953735,-5.9184856,2.7022943,0.7187641,-0.39474607,-0.102936536,0.5629887,6.725552,9.275894,-0.6132618,1.4145925,-1.0134602,-0.93162507,1
8.009999999999874,11.161388467535815,4.063529965758297,-1.8455423890470208,-2.495008512138504,9.239027,2.7088017,-0.9797821,-2.1268952,-5.1284156,-5.8255,2.6960087,0.7237872,-0.38609073,-0.10436849,0.56229156,6.666152,9.320994,-0.6436878,1.5132082,-1.0300452,-0.9822412,1
8.019999999999873,11.161388467535815,4.063529965758297,-1.8455423890470208,-2.495008512138504,9.239027,2.7088017,-0.9797821,-2.1268952,-5.0620236,-5.7320867,2.6893969,0.729156,-0.3768334,-0.10550311,0.56142294,6.612355,9.361428,-0.67848885,1.6996278,-1.0223877,-1.0384097,1
8.029999999999873,11.161388467535815,4.063529965758297,-1.8455423890470208,-2.495008512138504,9.239027,2.7088017,-0.9797821,-2.1268952,-4.9961653,-5.638274,2.6824431,0.7349143,-0.36689466,-0.10622062,0.56036144,6.5593734,9.400882,-0.7119982,1.8569769,-1.0159141,-1.0918219,1
8.039999999999873,11.161388467535815,4.063529965758297,-1.8455423890470208,-2.495008512138504,9.239027,2.7088017,-0.9797821,-2.1268952,-4.9308324,-5.5440726,2.6751614,0.7409833,-0.35636118,-0.106591165,0.559095,6.5073276,9.439319,-0.74414754,1.9897889,-1.0104394,-1.1426133,1
8.049999999999873,11.161388467535815,4.063529965758297,-1.8455423890470208,-2.495008512138504,9.079412,2.9013155,-0.94755054,-2.3859878,-4.8660154,-5.449492,2.667565,0.7472949,-0.34530696,-0.106673,0.55761343,6.456323,9.476695,-0.7748885,2.1018903,-1.0058079,-1.1909121,1
8.059999999999873,11.161388467535815,4.063529965758297,-1.8455423890470208,-2.495008512138504,9.079412,2.9013155,-0.94755054,-2.3859878,-4.801698,-5.3545456,2.6596625,0.75383556,-0.33374092,-0.10647283,0.5558875,6.407316,9.512336,-0.80537724,2.226529,-0.996904,-1.2495549,1
8.069999999999872,11.161388467535815,4.063529965758297,-1.8455423890470208,-2.495008512138504,9.079412,2.9013155,-0.94755054,-2.3859878,-4.7378654,-5.2592483,2.6514623,0.7605895,-0.32167253,-0.10599852,0.5538891,6.359522,9.546839,-0.83442307,2.3317316,-0.9893775,-1.30532,1
8.079999999999872,11.161388467535815,4.063529965758297,-1.8455423890470208,-2.495008512138504,9.079412,2.9013155,-0.94755054,-2.3859878,-4.674504,-5.1636124,2.6429791,0.7674992,-0.30916134,-0.10529581,0.55161166,6.313029,9.580151,-0.8620111,2.4205294,-0.9830136,-1.3583487,1
8.089999999999872,11.187614804120674,4.40687408314236,-1.6313675369771445,-2.6186892591036184,8.930294,3.2356634,-0.9818382,-2.376321,-4.6116,-5.06765,2.6342273,0.7745148,-0.29625872,-0.10440244,0.5490502,6.2679143,9.612214,-0.8881408,2.4954805,-0.97763133,-1.4087753,1
8.099999999999872,11.187614804120674,4.40687408314236,-1.6313675369771445,-2.6186892591036184,8.930294,3.2356634,-0.9818382,-2.376321,-4.5491366,-4.971375,2.6252155,0.7816288,-0.2828975,-0.10328647,0.54621947,6.224966,9.642466,-0.9140271,2.6108806,-0.9784737,-1.456253,1
8.109999999999872,11.187614804120674,4.40687408314236,-1.6313675369771445,-2.6186892591036184,8.930294,3.2356634,-0.9818382,-2.376321,-4.487096,-4.8748045,2.615952,0.7888259,-0.26902562,-0.1019235,0.54312867,6.183527,9.671363,-0.938491,2.7082856,-0.97917026,-1.501401,1
8.119999999999871,11.187614804120674,4.40687408314236,-1.6313675369771445,-2.6186892591036184,8.930294,3.2356634,-0.9818382,-2.376321,-4.4254613,-4.777952,2.6064508,0.7960552,-0.25470537,-0.10035205,0.5397677,6.1436777,9.698831,-0.9615443,2.7905016,-0.97974455,-1.5443336,1
8.129999999999871,11.778058751400257,4.709670849478286,-1.1696487395511557,-2.836286981500724,9.11302,3.7635193,-0.5567089,-2.500254,-4.364217,-4.680833,2.596726,0.8032721,-0.23999095,-0.098603964,0.53612846,6.1054864,9.724793,-0.98321307,2.8598979,-0.9802169,-1.5851594,1
8.139999999999871,11.778058751400257,4.709670849478286,-1.1696487395511557,-2.836286981500724,9.11302,3.7635193,-0.5567089,-2.500254,-4.3033495,-4.583459,2.5867991,0.8105117,-0.22484824,-0.09645903,0.5321728,6.0682745,9.749681,-1.001941,3.000858,-0.9144043,-1.6300634,1
8.14999999999987,11.778058751400257,4.709670849478286,-1.1696487395511557,-2.836286981500724,9.11302,3.7635193,-0.5567089,-2.500254,-4.2428446,-4.485845,2.5766916,0.8177899,-0.20925005,-0.0937428,0.52786785,6.03294,9.772912,-1.0193198,3.1198297,-0.85883486,-1.6727638,1
8.15999999999987,11.778058751400257,4.709670849478286,-1.1696487395511557,-2.836286981500724,9.11302,3.7635193,-0.5567089,-2.500254,-4.182683,-4.3880067,2.5664172,0.82504565,-0.19325058,-0.09054118,0.5232154,5.999601,9.794433,-1.035387,3.2202423,-0.81191295,-1.713369,1
8.16999999999987,13.497853245462895,4.978957433496303,-0.07728768747752465,-3.0023627381680944,10.019556,3.9853685,0.3355724,-2.588257,-4.1228447,-4.2899623,2.5559886,0.8322261,-0.17689781,-0.08692649,0.518217,5.9683576,9.814186,-1.0501949,3.3049905,-0.7722916,-1.7519817,1
8.17999999999987,13.497853245462895,4.978957433496303,-0.07728768747752465,-3.0023627381680944,10.019556,3.9853685,0.3355724,-2.588257,-4.063323,-4.19172,2.5454593,0.839337,-0.16034336,-0.082617655,0.5128119,5.936413,9.833908,-1.0554038,3.4112759,-0.59973305,-1.793018,1
8.18999999999987,13.497853245462895,4.978957433496303,-0.07728768747752465,-3.0023627381680944,10.019556,3.9853685,0.3355724,-2.588257,-4.004108,-4.093291,2.5348842,0.8463755,-0.14370844,-0.07739273,0.50695664,5.9070215,9.851648,-1.0593781,3.500964,-0.45406607,-1.8320407,1
8.19999999999987,13.497853245462895,4.978957433496303,-0.07728768747752465,-3.0023627381680944,10.019556,3.9853685,0.3355724,-2.588257,-3.9451735,-3.9946938,2.5242753,0.8532872,-0.12699275,-0.07138844,0.50067526,5.880328,9.867425,-1.0622065,3.576645,-0.3310989,-1.8691484,1
8.20999999999987,15.61507455566435,4.878857181507245,0.6010582060535906,-3.1264300761926447,11.420795,3.8554406,1.0820069,-2.624742,-3.8864918,-3.895949,2.5136435,0.86002463,-0.110198505,-0.064721055,0.49398717,5.8564544,9.88124,-1.0639877,3.640506,-0.2272933,-1.9044353,1
8.21999999999987,15.61507455566435,4.878857181507245,0.6010582060535906,-3.1264300761926447,11.420795,3.8554406,1.0820069,-2.624742,-3.8280492,-3.7970674,2.5030668,0.8665627,-0.09352119,-0.057257917,0.48687026,5.832576,9.894752,-1.0512307,3.6742773,-0.02323505,-1.939781,1
8.229999999999869,15.61507455566435,4.878857181507245,0.6010582060535906,-3.1264300761926447,11.420795,3.8554406,1.0820069,-2.624742,-3.769828,-3.6980615,2.4926224,0.8728792,-0.077116296,-0.048897427,0.4793145,5.812161,9.906095,-1.0375422,3.7027502,0.14900988,-1.9733922,1
8.239999999999869,15.61507455566435,4.878857181507245,0.6010582060535906,-3.1264300761926447,11.420795,3.8554406,1.0820069,-2.624742,-3.7117934,-3.5989525,2.4823189,0.8789386,-0.0609351,-0.039773893,0.47134945,5.7953286,9.915338,-1.0230665,3.7267547,0.29440197,-2.0053542,1
8.249999999999869,15.61507455566435,4.878857181507245,0.6010582060535906,-3.1264300761926447,12.254684,3.6532733,1.3145772,-2.638143,-3.653909,-3.4997618,2.4721634,0.8847096,-0.044938687,-0.03000228,0.46299875,5.782176,9.922521,-1.0079526,3.7469916,0.41712803,-2.0357478,1
8.259999999999868,15.61507455566435,4.878857181507245,0.6010582060535906,-3.1264300761926447,12.254684,3.6532733,1.3145772,-2.638143,-3.5961409,-3.4005075,2.462203,0.8901652,-0.029210905,-0.019635849,0.4542747,5.772093,9.928048,-0.9840533,3.7325723,0.557032,-2.0653074,1
8.269999999999868,15.61507455566435,4.878857181507245,0.6010582060535906,-3.1264300761926447,12.254684,3.6532733,1.3145772,-2.638143,-3.538453,-3.3012083,2.4524834,0.8952853,-0.013818331,-0.008722029,0.4451918,5.7660966,9.931443,-0.95980716,3.7203765,0.6751192,-2.0934167,1
8.279999999999868,15.61507455566435,4.878857181507245,0.6010582060535906,-3.1264300761926447,12.254684,3.6532733,1.3145772,-2.638143,-3.4808047,-3.2018857,2.4430077,0.9000524,0.0012896904,0.0026551222,0.43577003,5.7642274,9.932742,-0.9353883,3.710061,0.7747917,-2.1201465,1
8.289999999999868,17.191663687625656,4.501095014647736,0.8690915215176869,-3.0297512415094574,13.765142,3.4855661,1.6638346,-2.6368415,-3.4231544,-3.1025605,2.4337761,0.90445095,0.016154122,0.014423018,0.42602596,5.76651,9.931964,-0.9109721,3.7013354,0.8589217,-2.1455646,1
8.299999999999867,17.191663687625656,4.501095014647736,0.8690915215176869,-3.0297512415094574,13.765142,3.4855661,1.6638346,-2.6368415,-3.365457,-3.0032551,2.4248633,0.90846604,0.03068805,0.026617222,0.41597816,5.7737517,9.928767,-0.8716563,3.6678772,0.9844366,-2.1696715,1
8.309999999999867,17.191663687625656,4.501095014647736,0.8690915215176869,-3.0297512415094574,13.765142,3.4855661,1.6638346,-2.6368415,-3.3076634,-2.903993,2.4163418,0.912085,0.044824027,0.03926258,0.40564615,5.785683,9.923296,-0.83273995,3.6396115,1.090374,-2.1925957,1
8.319999999999867,17.191663687625656,4.501095014647736,0.8690915215176869,-3.0297512415094574,13.765142,3.4855661,1.6638346,-2.6368415,-3.2497272,-2.8047967,2.4082067,0.9152974,0.058617655,0.052285608,0.39504373,5.802306,9.915593,-0.794421,3.6157324,1.1797875,-2.214395,1
8.329999999999867,18.334306560927,3.9445834480179087,0.6893960588874621,-2.7677575862612427,14.804234,3.091297,1.3179241,-2.4408724,-3.1916013,-2.7056885,2.400451,0.91809356,0.07211421,0.065622464,0.3841824,5.8236074,9.9056835,-0.7568973,3.5955586,1.2552551,-2.2351243,1
8.339999999999867,18.334306560927,3.9445834480179087,0.6893960588874621,-2.7677575862612427,14.804234,3.091297,1.3179241,-2.4408724,-3.1332297,-2.606695,2.3931162,0.92048,0.08525961,0.07902882,0.37309572,5.8515053,9.892657,-0.7102004,3.5169418,1.2651196,-2.2452204,1
8.349999999999866,18.334306560927,3.9445834480179087,0.6893960588874621,-2.7677575862612427,14.804234,3.091297,1.3179241,-2.4408724,-3.0745544,-2.5078435,2.3862424,0.9224743,0.09801086,0.092308514,0.3618186,5.8842573,9.877261,-0.6647581,3.4505827,1.2734298,-2.2548213,1
8.359999999999866,18.334306560927,3.9445834480179087,0.6893960588874621,-2.7677575862612427,14.804234,3.091297,1.3179241,-2.4408724,-3.0155282,-2.409158,2.379816,0.9240825,0.11041683,0.10547455,0.3503617,5.921706,9.859487,-0.620746,3.3945704,1.2804306,-2.2639508,1
8.369999999999866,19.108247837130428,3.3745403866725345,0.15901325629570978,-2.439910752159109,15.202965,2.8611805,0.7973238,-2.104537,-2.9561045,-2.310662,2.373822,0.9253087,0.122518286,0.11853665,0.33873403,5.9637,9.839316,-0.5783327,3.3472908,1.2863283,-2.2726324,1
8.379999999999866,19.108247837130428,3.3745403866725345,0.15901325629570978,-2.439910752159109,15.202965,2.8611805,0.7973238,-2.104537,-2.8962328,-2.2123828,2.368262,0.9261809,0.13433868,0.1312733,0.3269678,6.0113235,9.816115,-0.5339391,3.271363,1.2101982,-2.2643838,1
8.389999999999866,19.108247837130428,3.3745403866725345,0.15901325629570978,-2.439910752159109,15.202965,2.8611805,0.7973238,-2.104537,-2.8358634,-2.1143484,2.3631365,0.92673194,0.14589748,0.14350916,0.31509614,6.063202,9.790371,-0.4914805,3.2072947,1.1459216,-2.25654,1
8.399999999999865,19.108247837130428,3.3745403866725345,0.15901325629570978,-2.439910752159109,15.202965,2.8611805,0.7973238,-2.104537,-2.7749548,-2.0165842,2.3584254,0.92696923,0.1572211,0.1553126,0.30312744,6.11908,9.762024,-0.45107046,3.1532333,1.0916526,-2.2490814,1
8.409999999999865,18.96952993339239,2.769443945163261,-0.7344849180170242,-1.8772864158746156,15.25239,2.4433355,-0.037023768,-1.8036914,-2.7134683,-1.9191169,2.3541074,0.92689776,0.168332,0.16674058,0.29106903,6.1787224,9.731022,-0.4128155,3.1076157,1.0458332,-2.2419884,1
8.419999999999865,18.96952993339239,2.769443945163261,-0.7344849180170242,-1.8772864158746156,15.25239,2.4433355,-0.037023768,-1.8036914,-2.651367,-1.8219737,2.3501632,0.9265987,0.17919645,0.17747727,0.27893388,6.242091,9.697203,-0.3763707,3.003763,0.8771561,-2.2204812,1
8.429999999999865,18.96952993339239,2.769443945163261,-0.7344849180170242,-1.8772864158746156,15.25239,2.4433355,-0.037023768,-1.8036914,-2.5886157,-1.7251824,2.346572,0.92615175,0.18978769,0.18727748,0.26673886,6.308634,9.660597,-0.3422066,2.916149,0.73475593,-2.200029,1
8.439999999999864,18.96952993339239,2.769443945163261,-0.7344849180170242,-1.8772864158746156,15.25239,2.4433355,-0.037023768,-1.8036914,-2.5251849,-1.6287714,2.343311,0.92555517,0.20013347,0.19627947,0.25449473,6.3779864,9.621138,-0.3103256,2.842234,0.61453927,-2.1805804,1
8.449999999999864,18.96952993339239,2.769443945163261,-0.7344849180170242,-1.8772864158746156,15.167639,2.4555726,-0.29634127,-1.6429888,-2.4610476,-1.5327697,2.3403578,0.92480475,0.21025805,0.20459916,0.2422103,6.4498253,9.578774,-0.28072876,2.7798758,0.5130504,-2.1620862,1
8.459999999999864,18.96952993339239,2.769443945163261,-0.7344849180170242,-1.8772864158746156,15.167639,2.4555726,-0.29634127,-1.6429888,-2.396183,-1.4372048,2.3376853,0.92391104,0.22021577,0.2122348,0.22988836,6.5234437,9.533713,-0.2541125,2.7291167,0.38694283,-2.1366138,1
8.469999999999864,18.96952993339239,2.769443945163261,-0.7344849180170242,-1.8772864158746156,15.167639,2.4555726,-0.29634127,-1.6429888,-2.3305726,-1.3421056,2.3352678,0.92288196,0.23005077,0.21918882,0.21753313,6.5989447,9.485665,-0.22975723,2.686305,0.28048697,-2.1123915,1
8.479999999999864,18.96952993339239,2.769443945163261,-0.7344849180170242,-1.8772864158746156,15.167639,2.4555726,-0.29634127,-1.6429888,-2.2641988,-1.2475021,2.3330824,0.92170817,0.23976901,0.2255564,0.20515348,6.6760497,9.434579,-0.20765167,2.6501958,0.19062024,-2.0893576,1
8.489999999999863,18.884559270284182,2.1561509991877017,-1.5093576072982386,-1.1757656265075909,15.146809,2.1803524,-0.8388854,-1.1008209,-2.1970468,-1.1534245,2.331107,0.9203809,0.249376,0.23141746,0.19275713,6.754507,9.380419,-0.18778771,2.6197395,0.114757754,-2.067454,1
8.499999999999863,18.884559270284182,2.1561509991877017,-1.5093576072982386,-1.1757656265075909,15.146809,2.1803524,-0.8388854,-1.1008209,-2.129105,-1.0599039,2.329318,0.9189591,0.25883198,0.2366022,0.18038371,6.8339643,9.323237,-0.17031023,2.5510182,-0.03379102,-2.0200212,1
8.509999999999863,18.884559270284182,2.1561509991877017,-1.5093576072982386,-1.1757656265075909,15.146809,2.1803524,-0.8388854,-1.1008209,-2.0603647,-0.9669706,2.3276932,0.91749525,0.26810724,0.24097931,0.16807306,6.91423,9.26294,-0.15499392,2.4930525,-0.15919542,-1.9749156,1
8.519999999999863,18.884559270284182,2.1561509991877017,-1.5093576072982386,-1.1757656265075909,15.146809,2.1803524,-0.8388854,-1.1008209,-1.9908187,-0.87465584,2.326211,0.915972,0.27722004,0.24466217,0.15583122,6.9950094,9.199519,-0.14176568,2.4441578,-0.26506147,-1.9320236,1
8.529999999999863,18.347129922833236,1.4733757377505272,-2.1865222757963436,-0.49465659989452315,14.346098,1.5280069,-1.6797743,-0.29996347,-1.9204636,-0.78299093,2.3248508,0.91437346,0.2861863,0.24774602,0.14366294,7.0760427,9.132977,-0.13056263,2.4029145,-0.35443318,-1.8912363,1
8.539999999999862,18.347129922833236,1.4733757377505272,-2.1865222757963436,-0.49465659989452315,14.346098,1.5280069,-1.6797743,-0.29996347,-1.8493192,-0.69198865,2.3235645,0.912833,0.29485315,0.2499393,0.1316305,7.152792,9.067009,-0.12698708,2.2662468,-0.56083554,-1.8131521,1
8.549999999999862,18.347129922833236,1.4733757377505272,-2.1865222757963436,-0.49465659989452315,14.346098,1.5280069,-1.6797743,-0.29996347,-1.7774087,-0.6016606,2.3223057,0.9114648,0.30310214,0.2510159,0.119794086,7.2292137,8.998148,-0.12509698,2.1509478,-0.735093,-1.7388996,1
8.559999999999862,18.347129922833236,1.4733757377505272,-2.1865222757963436,-0.49465659989452315,14.346098,1.5280069,-1.6797743,-0.29996347,-1.7047371,-0.5120354,2.3210573,0.910228,0.31099287,0.25113696,0.1081534,7.304989,8.926458,-0.12471408,2.0536745,-0.88221073,-1.6682906,1
8.569999999999862,17.326931368288896,0.7921544759155431,-2.7614499658915492,0.21926820688716392,13.122292,0.90627354,-2.5050225,0.33939332,-1.6313121,-0.42314094,2.3198063,0.90908575,0.31857574,0.25043744,0.09670707,7.3798423,8.852007,-0.1256852,1.9716058,-1.0064149,-1.6011465,1
8.579999999999862,17.326931368288896,0.7921544759155431,-2.7614499658915492,0.21926820688716392,13.122292,0.90627354,-2.5050225,0.33939332,-1.5571728,-0.33497494,2.3185027,0.9081434,0.32574254,0.24871485,0.08548086,7.4476523,8.7810135,-0.13550417,1.8134133,-1.2317387,-1.5066686,1
8.589999999999861,17.326931368288896,0.7921544759155431,-2.7614499658915492,0.21926820688716392,13.122292,0.90627354,-2.5050225,0.33939332,-1.4823649,-0.24752763,2.317092,0.9075129,0.33236927,0.24576248,0.07450146,7.513678,8.708086,-0.14676547,1.6718345,-1.4300685,-1.4160818,1
8.599999999999861,17.326931368288896,0.7921544759155431,-2.7614499658915492,0.21926820688716392,13.122292,0.90627354,-2.5050225,0.33939332,-1.4069048,-0.16082098,2.315565,0.9071344,0.33852494,0.24174449,0.06376715,7.578049,8.632899,-0.1587136,1.5523806,-1.5975094,-1.3299401,1
8.60999999999986,16.551265044316853,0.19175502552126145,-2.97991163811197,0.8362424985665121,12.144651,0.4572436,-2.749926,0.78971165,-1.3308103,-0.07487704,2.3139162,0.9069484,0.34427613,0.23680967,0.053275388,7.6405196,8.555559,-0.17116949,1.4515905,-1.7388704,-1.2480254,1
8.61999999999986,16.551265044316853,0.19175502552126145,-2.97991163811197,0.8362424985665121,12.144651,0.4572436,-2.749926,0.78971165,-1.2541173,0.010303628,2.3121188,0.90693974,0.34960073,0.23104514,0.04308437,7.6976023,8.48049,-0.1886122,1.3238555,-1.8690349,-1.1504943,1
8.62999999999986,16.551265044316853,0.19175502552126145,-2.97991163811197,0.8362424985665121,12.144651,0.4572436,-2.749926,0.78971165,-1.1768689,0.09473116,2.3101385,0.9071388,0.35442138,0.22445074,0.033241715,7.7515726,8.40492,-0.20761517,1.1941181,-2.0008519,-1.0557843,1
8.63999999999986,16.551265044316853,0.19175502552126145,-2.97991163811197,0.8362424985665121,12.144651,0.4572436,-2.749926,0.78971165,-1.0990943,0.17839722,2.3079655,0.9075339,0.35874835,0.21706499,0.02373065,7.803001,8.328049,-0.22700983,1.0792472,-2.1175265,-0.9652254,1
8.64999999999986,16.551265044316853,0.19175502552126145,-2.97991163811197,0.8362424985665121,12.096128,0.29034433,-2.8367813,1.0183499,-1.0208174,0.26128697,2.3055987,0.90807515,0.3626455,0.20898534,0.014538741,7.8519745,8.249677,-0.24631836,0.98230845,-2.2160325,-0.87911016,1
8.65999999999986,16.551265044316853,0.19175502552126145,-2.97991163811197,0.8362424985665121,12.096128,0.29034433,-2.8367813,1.0183499,-0.9420646,0.34338763,2.3030384,0.90874684,0.36611757,0.20025802,0.005681548,7.898174,8.170253,-0.26575208,0.8744817,-2.312723,-0.78600127,1
8.66999999999986,16.551265044316853,0.19175502552126145,-2.97991163811197,0.8362424985665121,12.096128,0.29034433,-2.8367813,1.0183499,-0.86286324,0.42468777,2.300285,0.9095336,0.36917093,0.1909236,-0.0028273773,7.941672,8.089599,-0.28489885,0.7834819,-2.3943574,-0.6974612,1
8.67999999999986,16.551265044316853,0.19175502552126145,-2.97991163811197,0.8362424985665121,12.096128,0.29034433,-2.8367813,1.0183499,-0.7832408,0.5051758,2.2973418,0.9103925,0.37186202,0.18105672,-0.011001718,7.9823604,8.007846,-0.30367926,0.70668113,-2.4632795,-0.6132658,1
8.68999999999986,15.813203953769149,-0.2700197624451955,-2.7757890650957724,1.3051139798459406,11.438141,-0.047102407,-2.7720215,1.3148735,-0.70322603,0.5848414,2.2942128,0.91128665,0.37423792,0.17072093,-0.018854199,8.020145,7.9251165,-0.32203576,0.64186174,-2.521467,-0.5332019,1
8.699999999999859,15.813203953769149,-0.2700197624451955,-2.7757890650957724,1.3051139798459406,11.438141,-0.047102407,-2.7720215,1.3148735,-0.6228578,0.66369796,2.290881,0.9122323,0.3762217,0.15998349,-0.026331022,8.053055,7.8460813,-0.3442884,0.5345559,-2.5604715,-0.4425163,1
8.709999999999859,15.813203953769149,-0.2700197624451955,-2.7757890650957724,1.3051139798459406,11.438141,-0.047102407,-2.7720215,1.3148735,-0.5421748,0.74176073,2.287329,0.9132434,0.37775505,0.14890072,-0.033388212,8.083091,7.7663774,-0.3660503,0.44398266,-2.5934112,-0.35628068,1
8.719999999999859,15.813203953769149,-0.2700197624451955,-2.7757890650957724,1.3051139798459406,11.438141,-0.047102407,-2.7720215,1.3148735,-0.46120605,0.8190237,2.2835622,0.91428745,0.37889898,0.13750827,-0.04005057,8.110215,7.686142,-0.38728115,0.36753193,-2.6212277,-0.27427667,1
8.729999999999858,15.081544980469493,-0.7094664466015982,-2.2157815313148594,1.6715375835370998,10.845041,-0.6923234,-2.5545356,1.8247743,-0.37998068,0.8954822,2.2795856,0.9153365,0.37970427,0.125837,-0.046340257,8.134395,7.6054993,-0.40795693,0.3030002,-2.6447167,-0.19629662,1
8.739999999999858,15.081544980469493,-0.7094664466015982,-2.2157815313148594,1.6715375835370998,10.845041,-0.6923234,-2.5545356,1.8247743,-0.29853162,0.9711449,2.2753935,0.91642493,0.3800521,0.114041574,-0.052143328,8.154924,7.527194,-0.43059126,0.1709081,-2.607667,-0.09918805,1
8.749999999999858,15.081544980469493,-0.7094664466015982,-2.2157815313148594,1.6715375835370998,10.845041,-0.6923234,-2.5545356,1.8247743,-0.21689284,1.0460294,2.2709723,0.91761357,0.37979963,0.1021959,-0.0573774,8.172359,7.449901,-0.45374832,0.04263042,-2.5931866,-0.0053454638,1
8.759999999999858,15.081544980469493,-0.7094664466015982,-2.2157815313148594,1.6715375835370998,10.845041,-0.6923234,-2.5545356,1.8247743,-0.13509418,1.1201441,2.2663195,0.9189024,0.37897015,0.09023349,-0.06210073,8.186946,7.37307,-0.47671482,-0.071833804,-2.5871625,0.084459044,1
8.769999999999857,14.337440247454118,-1.0108277269878725,-1.4584899840571242,1.9529515579164645,10.343588,-1.1530248,-2.056125,2.1841576,-0.053163305,1.1934912,2.2614403,0.9202613,0.37763453,0.078148045,-0.066353075,8.198806,7.296404,-0.49903506,-0.16845542,-2.582089,0.1698568,1
8.779999999999857,14.337440247454118,-1.0108277269878725,-1.4584899840571242,1.9529515579164645,10.343588,-1.1530248,-2.056125,2.1841576,0.028871385,1.2660832,2.256331,0.9216926,0.37576446,0.066173166,-0.07002505,8.20771,7.222206,-0.52286553,-0.30196851,-2.4802146,0.2669099,1
8.789999999999857,14.337440247454118,-1.0108277269878725,-1.4584899840571242,1.9529515579164645,10.343588,-1.1530248,-2.056125,2.1841576,0.11098195,1.3379401,2.2509818,0.92322713,0.3732963,0.054451976,-0.07304141,8.214007,7.1493993,-0.54701686,-0.4292048,-2.408775,0.36049923,1
8.799999999999857,14.337440247454118,-1.0108277269878725,-1.4584899840571242,1.9529515579164645,10.343588,-1.1530248,-2.056125,2.1841576,0.19314325,1.4090742,2.245392,0.9248627,0.3702597,0.04288045,-0.075475305,8.217886,7.0775,-0.5708611,-0.54195935,-2.3538375,0.4499867,1
8.809999999999857,13.630954751065165,-1.3087979311535825,-0.4281717928367148,2.1036314653244976,9.670456,-1.4091393,-1.3970282,2.263702,0.2753317,1.4794923,2.239567,0.9265726,0.36672527,0.031413667,-0.077378236,8.219453,7.006249,-0.59399873,-0.63714015,-2.307472,0.535083,1
8.819999999999856,13.630954751065165,-1.3087979311535825,-0.4281717928367148,2.1036314653244976,9.670456,-1.4091393,-1.3970282,2.263702,0.3575247,1.5492246,2.2334895,0.92836154,0.3626859,0.02027036,-0.078684695,8.218824,6.940336,-0.621342,-0.7574622,-2.165572,0.61990684,1
8.829999999999856,13.630954751065165,-1.3087979311535825,-0.4281717928367148,2.1036314653244976,9.670456,-1.4091393,-1.3970282,2.263702,0.43970144,1.6183017,2.227142,0.930239,0.35814112,0.009623574,-0.07934785,8.2162285,6.875218,-0.6479983,-0.8590312,-2.045804,0.7005683,1
8.839999999999856,13.630954751065165,-1.3087979311535825,-0.4281717928367148,2.1036314653244976,9.670456,-1.4091393,-1.3970282,2.263702,0.5218429,1.6867319,2.2205317,0.93218344,0.35316077,-0.0006159053,-0.07943235,8.21179,6.8109746,-0.67395604,-0.9447687,-1.944714,0.77727175,1
8.849999999999856,13.630954751065165,-1.3087979311535825,-0.4281717928367148,2.1036314653244976,9.051044,-1.6917946,-0.7038306,2.3309884,0.6039312,1.7545245,2.2136655,0.9341739,0.34780285,-0.010522659,-0.07899356,8.205618,6.7476754,-0.6992096,-1.0171416,-1.8593875,0.8502113,1
8.859999999999856,13.630954751065165,-1.3087979311535825,-0.4281717928367148,2.1036314653244976,9.051044,-1.6917946,-0.7038306,2.3309884,0.68595195,1.8217089,2.2065265,0.93623513,0.34203213,-0.019893544,-0.07797695,8.19831,6.689373,-0.72846735,-1.1223731,-1.6792902,0.92287344,1
8.869999999999855,13.630954751065165,-1.3087979311535825,-0.4281717928367148,2.1036314653244976,9.051044,-1.6917946,-0.7038306,2.3309884,0.76789254,1.8883153,2.1990983,0.9383902,0.33582357,-0.028569888,-0.076345,8.189614,6.632071,-0.75704944,-1.2111962,-1.5272756,0.99197006,1
8.879999999999855,13.630954751065165,-1.3087979311535825,-0.4281717928367148,2.1036314653244976,9.051044,-1.6917946,-0.7038306,2.3309884,0.8497399,1.9543539,2.191388,0.94061553,0.3292352,-0.03666866,-0.07416435,8.179672,6.5758233,-0.784941,-1.286168,-1.3989629,1.0576761,1
8.889999999999855,12.9467208232458,-1.4637747923241975,0.7448427573606351,2.1238210600029395,8.764023,-2.0494413,0.3032935,2.4073312,0.9314821,2.0198355,2.1834018,0.9428884,0.3223156,-0.044287864,-0.071491696,8.168602,6.520676,-0.81213206,-1.3494469,-1.2906559,1.1201578,1
8.899999999999855,12.9467208232458,-1.4637747923241975,0.7448427573606351,2.1238210600029395,8.764023,-2.0494413,0.3032935,2.4073312,1.0131103,2.0847797,2.175136,0.94525313,0.31499845,-0.051122222,-0.06824434,8.156896,6.4683843,-0.84088427,-1.4587481,-1.04222,1.1833199,1
8.909999999999854,12.9467208232458,-1.4637747923241975,0.7448427573606351,2.1238210600029395,8.764023,-2.0494413,0.3032935,2.4073312,1.0946172,2.1492066,2.1665866,0.94774616,0.307232,-0.056933228,-0.06436335,8.144387,6.417246,-0.8689202,-1.5509948,-0.83251965,1.2433826,1
8.919999999999854,12.9467208232458,-1.4637747923241975,0.7448427573606351,2.1238210600029395,8.764023,-2.0494413,0.3032935,2.4073312,1.1759958,2.2131286,2.1577606,0.9503329,0.29907322,-0.061886135,-0.059924837,8.131254,6.367307,-0.89620847,-1.6288457,-0.6555138,1.3004979,1
8.929999999999854,12.56934623585901,-1.2697192695268724,1.5721669203203124,2.0897066507966935,8.575983,-2.2333279,1.1020353,2.435596,1.2572407,2.2765572,2.1486652,0.95298016,0.29057014,-0.06611976,-0.05499291,8.117646,6.318612,-0.92272484,-1.6945457,-0.5061039,1.3548106,1
8.939999999999854,12.56934623585901,-1.2697192695268724,1.5721669203203124,2.0897066507966935,8.575983,-2.2333279,1.1020353,2.435596,1.3383491,2.3395104,2.1393008,0.9556998,0.28170976,-0.06944282,-0.04953153,8.103996,6.272218,-0.950002,-1.7787803,-0.25545108,1.4078451,1
8.949999999999854,12.56934623585901,-1.2697192695268724,1.5721669203203124,2.0897066507966935,8.575983,-2.2333279,1.1020353,2.435596,1.4193201,2.4020061,2.1296675,0.9584967,0.2724817,-0.071708634,-0.043518323,8.090189,6.227124,-0.9764748,-1.849859,-0.043877557,1.4582771,1
8.959999999999853,12.56934623585901,-1.2697192695268724,1.5721669203203124,2.0897066507966935,8.575983,-2.2333279,1.1020353,2.435596,1.500153,2.4640577,2.1197739,0.96133,0.2629274,-0.0730845,-0.03702136,8.076393,6.183374,-1.0021167,-1.9098343,0.13471052,1.5062343,1
8.969999999999853,12.496741651010938,-0.9404162685268919,2.0474691706765022,1.940924511211117,8.695511,-2.219614,1.7145678,2.2910364,1.5808485,2.5256784,2.1096282,0.96416193,0.25308245,-0.07371112,-0.03009805,8.062748,6.1410127,-1.0269101,-1.960439,0.28545648,1.5518385,1
8.979999999999853,12.496741651010938,-0.9404162685268919,2.0474691706765022,1.940924511211117,8.695511,-2.219614,1.7145678,2.2910364,1.661408,2.58688,2.099244,0.9669741,0.24299084,-0.07346589,-0.022752656,8.049189,6.099513,-1.049811,-2.0010939,0.5082372,1.5881112,1
8.989999999999853,12.496741651010938,-0.9404162685268919,2.0474691706765022,1.940924511211117,8.695511,-2.219614,1.7145678,2.2910364,1.7418337,2.6476738,2.0886352,0.96974677,0.23268779,-0.07225608,-0.014996827,8.036057,6.0595064,-1.0718321,-2.035382,0.6962826,1.6226039,1
8.999999999999853,12.496741651010938,-0.9404162685268919,2.0474691706765022,1.940924511211117,8.695511,-2.219614,1.7145678,2.2910364,1.8221309,2.7080753,2.0778105,0.97244525,0.22219065,-0.070231184,-0.0068850685,8.023499,6.0210342,-1.0929704,-2.0642986,0.855009,1.6554041,1
9.009999999999852,13.116221582271146,-0.6737242069990266,2.306760362391875,1.7996038045066112,9.148127,-2.2259948,1.9540988,2.1591318,1.902306,2.7680998,2.066779,0.97503775,0.21151525,-0.067517385,0.0015366271,8.01163,5.9841413,-1.1132313,-2.0886843,0.9889881,1.6865948,1
9.019999999999852,13.116221582271146,-0.6737242069990266,2.306760362391875,1.7996038045066112,9.148127,-2.2259948,1.9540988,2.1591318,1.9823632,2.8277543,2.0555694,0.9775027,0.20067424,-0.064124316,0.010233095,7.9999714,5.947038,-1.128531,-2.11028,1.1394411,1.7097824,1
9.029999999999852,13.116221582271146,-0.6737242069990266,2.306760362391875,1.7996038045066112,9.148127,-2.2259948,1.9540988,2.1591318,2.0623083,2.8870466,2.0442114,0.9798189,0.18967853,-0.06006461,0.01917056,7.989243,5.9116974,-1.1429389,-2.128485,1.266436,1.7318321,1
9.039999999999852,13.116221582271146,-0.6737242069990266,2.306760362391875,1.7996038045066112,9.148127,-2.2259948,1.9540988,2.1591318,2.1421514,2.9459946,2.0327137,0.9819604,0.17854005,-0.055440873,0.028314922,7.9795356,5.878173,-1.1564797,-2.143831,1.37363,1.7527999,1
9.049999999999851,13.116221582271146,-0.6737242069990266,2.306760362391875,1.7996038045066112,9.649506,-2.0962222,2.1578705,1.965031,2.2219028,3.0046165,2.0210845,0.9839046,0.16727017,-0.05034001,0.037637167,7.970918,5.8465195,-1.1691855,-2.1567667,1.4641113,1.7727387,1
9.059999999999851,13.116221582271146,-0.6737242069990266,2.306760362391875,1.7996038045066112,9.649506,-2.0962222,2.1578705,1.965031,2.3015716,3.0629232,2.009356,0.98562825,0.15592873,-0.044749282,0.04710471,7.963037,5.815161,-1.1763715,-2.1474593,1.5723002,1.7821745,1
9.069999999999851,13.116221582271146,-0.6737242069990266,2.306760362391875,1.7996038045066112,9.649506,-2.0962222,2.1578705,1.965031,2.381168,3.1209269,1.9975598,0.9871127,0.1445642,-0.038661804,0.056685187,7.95643,5.7858796,-1.182767,-2.1395845,1.6636164,1.7911474,1
9.07999999999985,13.116221582271146,-0.6737242069990266,2.306760362391875,1.7996038045066112,9.649506,-2.0962222,2.1578705,1.965031,2.4607048,3.1786482,1.9857032,0.9883453,0.13317193,-0.03215383,0.06635615,7.9511523,5.758719,-1.1884267,-2.1329217,1.740691,1.7996799,1
9.08999999999985,14.662739332469018,-0.5725274443132663,2.5608680320552106,1.6753372109391753,10.91972,-1.952043,2.4664035,1.8451711,2.5401957,3.2361088,1.9737935,0.9893153,0.12174923,-0.02529032,0.076098606,7.947243,5.733726,-1.1934096,-2.127284,1.8057452,1.8077937,1
9.09999999999985,14.662739332469018,-0.5725274443132663,2.5608680320552106,1.6753372109391753,10.91972,-1.952043,2.4664035,1.8451711,2.6196525,3.2933152,1.9618988,0.99001026,0.11034239,-0.017998083,0.085897565,7.944404,5.7079463,-1.1854404,-2.1000788,1.9088043,1.8096278,1
9.10999999999985,14.662739332469018,-0.5725274443132663,2.5608680320552106,1.6753372109391753,10.91972,-1.952043,2.4664035,1.8451711,2.699089,3.3502765,1.950087,0.990419,0.09898749,-0.010221751,0.09573578,7.9432087,5.684712,-1.1768539,-2.0770974,1.9957864,1.8113718,1
9.11999999999985,14.662739332469018,-0.5725274443132663,2.5608680320552106,1.6753372109391753,10.91972,-1.952043,2.4664035,1.8451711,2.7785223,3.4070182,1.9383637,0.99053395,0.0876704,-0.002036983,0.10559554,7.943711,5.664063,-1.1677315,-2.057684,2.0691996,1.8130304,1
9.12999999999985,16.012490164072116,-0.20276526568789846,2.276408730893062,1.4451898753450656,12.476795,-1.4932746,2.196813,1.4605834,2.857969,3.4635665,1.9267339,0.99034876,0.076380365,0.006491543,0.115462065,7.945946,5.646043,-1.1581584,-2.0412846,2.1311605,1.8146074,1
9.13999999999985,16.012490164072116,-0.20276526568789846,2.276408730893062,1.4451898753450656,12.476795,-1.4932746,2.196813,1.4605834,2.9374497,3.5199373,1.9152787,0.98985356,0.065303855,0.015227173,0.1252666,7.950502,5.6284957,-1.1328188,-1.9558107,2.1415222,1.7972354,1
9.14999999999985,16.012490164072116,-0.20276526568789846,2.276408730893062,1.4451898753450656,12.476795,-1.4932746,2.196813,1.4605834,3.0169861,3.576147,1.9040785,0.98905426,0.054590233,0.024060195,0.13494806,7.9570465,5.6139665,-1.1071768,-1.8836656,2.1502495,1.7807158,1
9.15999999999985,16.012490164072116,-0.20276526568789846,2.276408730893062,1.4451898753450656,12.476795,-1.4932746,2.196813,1.4605834,3.0965977,3.6322267,1.8931358,0.987966,0.044182003,0.032975163,0.14450589,7.965555,5.6024156,-1.0813404,-1.8227705,2.1576004,1.7650069,1
9.169999999999849,16.95589855534865,0.27027955734736175,1.5861791051752203,1.1384255613408107,13.067379,-0.9939309,1.7600921,1.1871592,3.176304,3.6882055,1.8824519,0.98660123,0.03403084,0.041958157,0.15394029,7.9759984,5.5938153,-1.055412,-1.7713718,2.163792,1.7500688,1
9.179999999999849,16.95589855534865,0.27027955734736175,1.5861791051752203,1.1384255613408107,13.067379,-0.9939309,1.7600921,1.1871592,3.256127,3.7441115,1.8720568,0.9849794,0.024319474,0.050857097,0.16320479,7.9889216,5.587863,-1.023619,-1.6500208,2.1010032,1.7224467,1
9.189999999999849,16.95589855534865,0.27027955734736175,1.5861791051752203,1.1384255613408107,13.067379,-0.9939309,1.7600921,1.1871592,3.336089,3.799973,1.8619792,0.98313135,0.015191936,0.05955289,0.17226003,8.003754,5.584857,-0.9919281,-1.5476093,2.0479798,1.69618,1
9.199999999999848,16.95589855534865,0.27027955734736175,1.5861791051752203,1.1384255613408107,13.067379,-0.9939309,1.7600921,1.1871592,3.4162083,3.8558185,1.8522177,0.9810796,0.006558223,0.06807772,0.18111685,8.0204115,5.584678,-0.960424,-1.4611814,2.0032032,1.6712021,1
9.209999999999848,17.00215252345372,0.7856282844173599,0.675329324347934,0.7511751459672397,13.312443,-0.5952448,1.5935314,1.054091,3.496503,3.9116762,1.84277,0.9788416,-0.0016579812,0.07645793,0.1897853,8.038824,5.587229,-0.9291822,-1.388242,1.9653909,1.6474499,1
9.219999999999848,17.00215252345372,0.7856282844173599,0.675329324347934,0.7511751459672397,13.312443,-0.5952448,1.5935314,1.054091,3.5769923,3.967573,1.8336451,0.97644144,-0.009353696,0.08468075,0.1982465,8.059301,5.592513,-0.8958512,-1.2644764,1.9075563,1.6183337,1
9.229999999999848,17.00215252345372,0.7856282844173599,0.675329324347934,0.7511751459672397,13.312443,-0.5952448,1.5935314,1.054091,3.6576946,4.0235353,1.8248515,0.97390497,-0.016451038,0.0927385,0.20648444,8.081435,5.600348,-0.86291647,-1.160025,1.8587153,1.5906461,1
9.239999999999847,17.00215252345372,0.7856282844173599,0.675329324347934,0.7511751459672397,13.312443,-0.5952448,1.5935314,1.054091,3.7386265,4.079588,1.8163851,0.97124624,-0.023043627,0.10065726,0.21451221,8.105171,5.6105995,-0.8304293,-1.071874,1.81747,1.5643172,1
9.249999999999847,17.00215252345372,0.7856282844173599,0.675329324347934,0.7511751459672397,13.088327,-0.47368023,1.2707018,0.87786025,3.8198035,4.135755,1.8082411,0.96847576,-0.029210683,0.108458266,0.2223419,8.130459,5.623156,-0.79843575,-0.99747944,1.782639,1.5392803,1
9.259999999999847,17.00215252345372,0.7856282844173599,0.675329324347934,0.7511751459672397,13.088327,-0.47368023,1.2707018,0.87786025,3.9012387,4.192058,1.8004036,0.9656229,-0.0349454,0.11604422,0.22996233,8.156798,5.6376715,-0.7691567,-0.9156773,1.7029041,1.5068243,1
9.269999999999847,17.00215252345372,0.7856282844173599,0.675329324347934,0.7511751459672397,13.088327,-0.47368023,1.2707018,0.87786025,3.9829443,4.248516,1.792856,0.9627167,-0.040245634,0.12333944,0.23736453,8.184541,5.654243,-0.74042726,-0.84664905,1.6355871,1.4759609,1
9.279999999999847,17.00215252345372,0.7856282844173599,0.675329324347934,0.7511751459672397,13.088327,-0.47368023,1.2707018,0.87786025,4.0649343,4.3051496,1.785593,0.9597628,-0.04517971,0.13038854,0.24456209,8.21361,5.6727653,-0.7122658,-0.7884,1.5787543,1.446612,1
9.289999999999846,16.11115199051392,1.2649079812870796,-0.4602976182436534,0.3341537909122109,12.356958,-0.15233798,0.23114409,0.48491707,4.1472216,4.361978,1.7786088,0.95676494,-0.04980553,0.13722874,0.25156733,8.243938,5.6931486,-0.68468875,-0.73924655,1.5307735,1.4187033,1
9.299999999999846,16.11115199051392,1.2649079812870796,-0.4602976182436534,0.3341537909122109,12.356958,-0.15233798,0.23114409,0.48491707,4.229809,4.419013,1.7718623,0.9538048,-0.053950172,0.14352408,0.25834903,8.273692,5.714063,-0.6646939,-0.6474912,1.3282012,1.372882,1
9.309999999999846,16.11115199051392,1.2649079812870796,-0.4602976182436534,0.3341537909122109,12.356958,-0.15233798,0.23114409,0.48491707,4.312699,4.4762645,1.7653131,0.9509612,-0.057478316,0.1490128,0.2648809,8.304419,5.7364764,-0.6452235,-0.5700863,1.1572013,1.3293092,1
9.319999999999846,16.11115199051392,1.2649079812870796,-0.4602976182436534,0.3341537909122109,12.356958,-0.15233798,0.23114409,0.48491707,4.3959007,4.533747,1.7589563,0.9482294,-0.060486425,0.15382263,0.27118006,8.335962,5.760209,-0.6262295,-0.50478613,1.0128536,1.2878747,1
9.329999999999846,14.942820046667675,1.729630535649257,-1.71774966330542,-0.08649143397179027,11.18799,0.24835305,-1.2862666,0.06761112,4.4794207,4.5914726,1.7527871,0.94560266,-0.06305643,0.15806061,0.2772616,8.368197,5.785109,-0.60766685,-0.4496968,0.8910041,1.2484734,1
9.339999999999845,14.942820046667675,1.729630535649257,-1.71774966330542,-0.08649143397179027,11.18799,0.24835305,-1.2862666,0.06761112,4.5632515,4.6494403,1.7467464,0.9431963,-0.06494477,0.16128483,0.2831039,8.397896,5.8085704,-0.6004835,-0.3405388,0.55156165,1.1905282,1
9.349999999999845,14.942820046667675,1.729630535649257,-1.71774966330542,-0.08649143397179027,11.18799,0.24835305,-1.2862666,0.06761112,4.6473804,4.707646,1.7407764,0.9411101,-0.06596038,0.16315237,0.2886869,8.427901,5.832703,-0.5935387,-0.24846922,0.26503372,1.1354263,1
9.359999999999845,14.942820046667675,1.729630535649257,-1.71774966330542,-0.08649143397179027,11.18799,0.24835305,-1.2862666,0.06761112,4.73181,4.766095,1.7348752,0.93931025,-0.06623869,0.163878,0.29402444,8.458007,5.857252,-0.58671904,-0.17081009,0.023172569,1.0830282,1
9.369999999999845,14.279283354707502,2.0361533427021223,-2.8470555804887,-0.4656632313256259,10.234119,0.6790994,-2.2631102,-0.2826158,4.8165402,4.824791,1.7290419,0.937763,-0.06589445,0.16364157,0.29912817,8.488044,5.881999,-0.57992625,-0.1053033,-0.18098395,1.0332015,1
9.379999999999844,14.279283354707502,2.0361533427021223,-2.8470555804887,-0.4656632313256259,10.234119,0.6790994,-2.2631102,-0.2826158,4.90156,4.883726,1.723241,0.9365107,-0.06481445,0.1623091,0.30397418,8.515728,5.90497,-0.58059126,0.0016800314,-0.49008563,0.97004336,1
9.389999999999844,14.279283354707502,2.0361533427021223,-2.8470555804887,-0.4656632313256259,10.234119,0.6790994,-2.2631102,-0.2826158,4.986852,4.9428883,1.7174253,0.9355993,-0.06282797,0.15973763,0.30852592,8.542649,5.9273624,-0.5825214,0.10741425,-0.7664717,0.90858,1
9.399999999999844,14.279283354707502,2.0361533427021223,-2.8470555804887,-0.4656632313256259,10.234119,0.6790994,-2.2631102,-0.2826158,5.072411,5.002272,1.7115916,0.93498063,-0.06003977,0.1561019,0.31278834,8.569058,5.9492598,-0.5842022,0.19666871,-0.999826,0.85012764,1
9.409999999999844,13.94113752934528,2.1222124214000044,-3.328353792466054,-0.8294481329228257,9.930681,0.6771751,-2.684994,-0.46725318,5.1582313,5.061871,1.7057426,0.934602,-0.056574017,0.15156685,0.31677082,8.594833,5.9704456,-0.5855525,0.27196962,-1.1968024,0.7945436,1
9.419999999999844,13.94113752934528,2.1222124214000044,-3.328353792466054,-0.8294481329228257,9.930681,0.6771751,-2.684994,-0.46725318,5.244302,5.1216745,1.6998676,0.93444824,-0.052486114,0.1461118,0.32046974,8.619119,5.990124,-0.58939415,0.3352241,-1.4288656,0.7326269,1
9.429999999999843,13.94113752934528,2.1222124214000044,-3.328353792466054,-0.8294481329228257,9.930681,0.6771751,-2.684994,-0.46725318,5.330611,5.1816697,1.6939563,0.93449974,-0.047825024,0.13972679,0.32387853,8.642559,6.0087376,-0.5928066,0.38858256,-1.6247475,0.67374843,1
9.439999999999843,13.94113752934528,2.1222124214000044,-3.328353792466054,-0.8294481329228257,9.930681,0.6771751,-2.684994,-0.46725318,5.41715,5.241845,1.6880131,0.9347063,-0.042679157,0.13255414,0.3270016,8.66504,6.0261135,-0.59575284,0.43359572,-1.7900883,0.61775917,1
9.449999999999843,13.94113752934528,2.1222124214000044,-3.328353792466054,-0.8294481329228257,9.8637085,0.50808746,-2.8531764,-0.5637844,5.5039086,5.302187,1.682043,0.9350237,-0.037123367,0.12471415,0.32984373,8.686467,6.042105,-0.5982143,0.4715711,-1.9296494,0.5645173,1
9.459999999999843,13.94113752934528,2.1222124214000044,-3.328353792466054,-0.8294481329228257,9.8637085,0.50808746,-2.8531764,-0.5637844,5.590875,5.362681,1.6760473,0.9354234,-0.03126349,0.1162228,0.33240947,8.706616,6.0564866,-0.600836,0.4772441,-2.0736878,0.5091513,1
9.469999999999843,13.94113752934528,2.1222124214000044,-3.328353792466054,-0.8294481329228257,9.8637085,0.50808746,-2.8531764,-0.5637844,5.6780367,5.4233103,1.6700279,0.9358788,-0.025186718,0.10709802,0.3347007,8.725538,6.0692587,-0.6029788,0.48201922,-2.1952634,0.456502,1
9.479999999999842,13.94113752934528,2.1222124214000044,-3.328353792466054,-0.8294481329228257,9.8637085,0.50808746,-2.8531764,-0.5637844,5.765381,5.48406,1.6639893,0.93635774,-0.018926492,0.09743672,0.33671948,8.74314,6.080329,-0.60466063,0.48604023,-2.2978792,0.40643623,1
9.489999999999842,13.769351024772767,2.021163799414304,-3.2466873357985593,-1.1256418376524062,9.769983,0.4794173,-2.9198499,-0.8387017,5.8528943,5.544911,1.6579362,0.9368325,-0.01251119,0.08732124,0.33846906,8.759347,6.0896177,-0.6059107,0.48942754,-2.384492,0.35882723,1
9.499999999999842,13.769351024772767,2.021163799414304,-3.2466873357985593,-1.1256418376524062,9.769983,0.4794173,-2.9198499,-0.8387017,5.9405622,5.605845,1.6518679,0.93729275,-0.0059694815,0.076792404,0.339923,8.77395,6.0969863,-0.6076923,0.48779157,-2.4679995,0.30006412,1
9.509999999999842,13.769351024772767,2.021163799414304,-3.2466873357985593,-1.1256418376524062,9.769983,0.4794173,-2.9198499,-0.8387017,6.0283685,5.666844,1.6457835,0.9377296,0.0006746362,0.06588697,0.3410568,8.787042,6.1024613,-0.6091309,0.48640716,-2.538483,0.24418452,1
9.519999999999841,13.769351024772767,2.021163799414304,-3.2466873357985593,-1.1256418376524062,9.769983,0.4794173,-2.9198499,-0.8387017,6.1162977,5.7278876,1.6396862,0.93812287,0.007405239,0.054664433,0.3418779,8.798563,6.1059923,-0.6102796,0.48523673,-2.597974,0.19104698,1
9.529999999999841,13.632158642621485,1.9604324926099526,-2.7482195491171244,-1.4443134649467553,9.563747,0.53106534,-2.627944,-1.1580464,6.2043343,5.7889566,1.6335787,0.9384552,0.014208839,0.043175686,0.34239426,8.808464,6.1075354,-0.6111977,0.4842482,-2.6481864,0.1405169,1
9.539999999999841,13.632158642621485,1.9604324926099526,-2.7482195491171244,-1.4443134649467553,9.563747,0.53106534,-2.627944,-1.1580464,6.2924604,5.850031,1.6274526,0.9387212,0.021051789,0.031581666,0.3425786,8.816534,6.1070676,-0.6140051,0.49143916,-2.645049,0.07679604,1
9.54999999999984,13.632158642621485,1.9604324926099526,-2.7482195491171244,-1.4443134649467553,9.563747,0.53106534,-2.627944,-1.1580464,6.3806596,5.9110913,1.621299,0.9389224,0.0279072,0.020013329,0.34240842,8.822973,6.1046104,-0.616719,0.4975142,-2.642401,0.016201975,1
9.55999999999984,13.632158642621485,1.9604324926099526,-2.7482195491171244,-1.4443134649467553,9.563747,0.53106534,-2.627944,-1.1580464,6.468914,5.9721165,1.6151183,0.939054,0.0347737,0.0084706135,0.34189868,8.8277855,6.1001635,-0.619409,0.5026472,-2.6401653,-0.04141873,1
9.56999999999984,13.57586092684498,1.8382797254552925,-2.027973586297389,-1.720074395170885,9.410418,0.59213275,-2.13752,-1.4398324,6.557209,6.0330873,1.6089106,0.9391112,0.041650176,-0.003046144,0.3410635,8.830971,6.0937257,-0.6221444,0.50698465,-2.6382778,-0.09621197,1
9.57999999999984,13.57586092684498,1.8382797254552925,-2.027973586297389,-1.720074395170885,9.410418,0.59213275,-2.13752,-1.4398324,6.645528,6.0939846,1.6026675,0.9391027,0.04849206,-0.014342146,0.33989283,8.832513,6.085441,-0.62652093,0.5201582,-2.5602078,-0.16214381,1
9.58999999999984,13.57586092684498,1.8382797254552925,-2.027973586297389,-1.720074395170885,9.410418,0.59213275,-2.13752,-1.4398324,6.7338543,6.1547894,1.5963798,0.93904454,0.05526508,-0.025262296,0.33838016,8.832509,6.0752416,-0.63107365,0.53128743,-2.4943128,-0.22484036,1
9.59999999999984,13.57586092684498,1.8382797254552925,-2.027973586297389,-1.720074395170885,9.410418,0.59213275,-2.13752,-1.4398324,6.822173,6.2154827,1.5900452,0.9389405,0.061982248,-0.035859484,0.33654284,8.831011,6.0631695,-0.63586146,0.5406893,-2.4386935,-0.28446034,1
9.60999999999984,13.433011490081704,1.766372257744331,-0.9955839262042243,-1.9520630358283755,9.102604,0.57046014,-1.5199028,-1.5666971,6.9104695,6.2760463,1.5836614,0.93879235,0.06865453,-0.046178237,0.3343967,8.828063,6.049262,-0.64093965,0.5486322,-2.3917475,-0.34115478,1
9.61999999999984,13.433011490081704,1.766372257744331,-0.9955839262042243,-1.9520630358283755,9.102604,0.57046014,-1.5199028,-1.5666971,6.9987297,6.3364644,1.5772102,0.93861973,0.07520145,-0.056025844,0.33195913,8.82385,6.0340757,-0.6493904,0.55197775,-2.2558064,-0.40129247,1
9.62999999999984,13.433011490081704,1.766372257744331,-0.9955839262042243,-1.9520630358283755,9.102604,0.57046014,-1.5199028,-1.5666971,7.0869412,6.3967223,1.5706726,0.9384476,0.08156118,-0.0652516,0.32924786,8.818354,6.0172305,-0.65820754,0.55481,-2.1410642,-0.4584792,1
9.639999999999839,13.433011490081704,1.766372257744331,-0.9955839262042243,-1.9520630358283755,9.102604,0.57046014,-1.5199028,-1.5666971,7.1750917,6.4568033,1.564045,0.93828064,0.08776709,-0.073946714,0.32627663,8.811655,5.9988027,-0.6674201,0.55720675,-2.044215,-0.51285976,1
9.649999999999839,13.433011490081704,1.766372257744331,-0.9955839262042243,-1.9520630358283755,8.921978,0.5050501,-0.87118965,-1.6352125,7.2631702,6.516693,1.5573229,0.9381203,0.09384712,-0.08218819,0.3230576,8.803821,5.97886,-0.6770534,0.55923456,-1.9624685,-0.56457186,1
9.659999999999838,13.433011490081704,1.766372257744331,-0.9955839262042243,-1.9520630358283755,8.921978,0.5050501,-0.87118965,-1.6352125,7.351166,6.5763783,1.5504936,0.9379949,0.09971739,-0.08980523,0.31961697,8.795091,5.9578924,-0.6888744,0.55078536,-1.7923,-0.6171085,1
9.669999999999838,13.433011490081704,1.766372257744331,-0.9955839262042243,-1.9520630358283755,8.921978,0.5050501,-0.87118965,-1.6352125,7.4390683,6.6358466,1.543544,0.9379337,0.105314225,-0.09666619,0.31597924,8.785403,5.9355993,-0.7011308,0.54365665,-1.6486683,-0.66706717,1
9.679999999999838,13.433011490081704,1.766372257744331,-0.9955839262042243,-1.9520630358283755,8.921978,0.5050501,-0.87118965,-1.6352125,7.5268707,6.695086,1.5364696,0.9379353,0.110685885,-0.10288383,0.31215188,8.774852,5.9120746,-0.7138186,0.53764105,-1.5274351,-0.7145744,1
9.689999999999838,13.379782566374118,1.6236938823115976,0.04028009868502843,-2.1320783201274884,8.939156,0.39144006,-0.14704351,-1.7689952,7.6145635,6.7540836,1.5292661,0.937996,0.11587259,-0.10855338,0.30814153,8.763514,5.8873982,-0.726933,0.5325641,-1.4251071,-0.75975037,1
9.699999999999838,13.379782566374118,1.6236938823115976,0.04028009868502843,-2.1320783201274884,8.939156,0.39144006,-0.14704351,-1.7689952,7.702139,6.8128295,1.5219302,0.93815386,0.120778345,-0.113495514,0.30396813,8.751439,5.8615966,-0.74030286,0.51061463,-1.2257996,-0.8092743,1
9.709999999999837,13.379782566374118,1.6236938823115976,0.04028009868502843,-2.1320783201274884,8.939156,0.39144006,-0.14704351,-1.7689952,7.7895904,6.871312,1.5144587,0.9384442,0.12533067,-0.117572226,0.29964882,8.738755,5.834825,-0.7540632,0.49208534,-1.0575737,-0.85636806,1
9.719999999999837,13.379782566374118,1.6236938823115976,0.04028009868502843,-2.1320783201274884,8.939156,0.39144006,-0.14704351,-1.7689952,7.8769126,6.9295225,1.5068476,0.9388555,0.12959142,-0.12091337,0.29518512,8.725571,5.8071895,-0.76817983,0.47644204,-0.9155821,-0.90115094,1
9.729999999999837,13.538649628012127,1.603454821280305,0.9367845508487131,-2.2516061530880713,9.043652,0.28343382,0.47673687,-1.8405161,7.964101,6.987453,1.4990939,0.9393753,0.13361204,-0.123628594,0.29057834,8.711971,5.778777,-0.78262216,0.4632342,-0.7957341,-0.9437363,1
9.739999999999837,13.538649628012127,1.603454821280305,0.9367845508487131,-2.2516061530880713,9.043652,0.28343382,0.47673687,-1.8405161,8.051151,7.0450935,1.491199,0.9400307,0.13732369,-0.12558728,0.28585005,8.697877,5.7493277,-0.7963847,0.43529898,-0.59728837,-0.9877416,1
9.749999999999837,13.538649628012127,1.603454821280305,0.9367845508487131,-2.2516061530880713,9.043652,0.28343382,0.47673687,-1.8405161,8.138059,7.1024365,1.4831653,0.9408436,0.14067519,-0.1266904,0.2810182,8.6835575,5.719277,-0.8103977,0.41171142,-0.4297909,-1.0295874,1
9.759999999999836,13.538649628012127,1.603454821280305,0.9367845508487131,-2.2516061530880713,9.043652,0.28343382,0.47673687,-1.8405161,8.224822,7.159477,1.4749904,0.94179326,0.14372882,-0.12706597,0.27607897,8.66912,5.6887236,-0.8246123,0.39179367,-0.2884152,-1.0693799,1
9.769999999999836,13.797115911791412,1.5447289035713396,1.530767647228028,-2.2605034487256104,9.0568695,0.24989091,1.0060081,-1.856986,8.31144,7.21621,1.4666725,0.94285965,0.1465362,-0.12682214,0.2710292,8.6546545,5.657748,-0.83898646,0.3749738,-0.16908762,-1.1072198,1
9.779999999999836,13.797115911791412,1.5447289035713396,1.530767647228028,-2.2605034487256104,9.0568695,0.24989091,1.0060081,-1.856986,8.397915,7.27263,1.458211,0.9440534,0.14907074,-0.12585382,0.26589417,8.640225,5.626376,-0.8533592,0.35559934,0.01417328,-1.1440111,1
9.789999999999836,13.797115911791412,1.5447289035713396,1.530767647228028,-2.2605034487256104,9.0568695,0.24989091,1.0060081,-1.856986,8.484245,7.328736,1.4496052,0.9453803,0.15131405,-0.12408217,0.26069456,8.625964,5.5947356,-0.8678041,0.33923292,0.1688539,-1.178997,1
9.799999999999836,13.797115911791412,1.5447289035713396,1.530767647228028,-2.2605034487256104,9.0568695,0.24989091,1.0060081,-1.856986,8.570435,7.3845243,1.4408548,0.94681495,0.15331593,-0.12162697,0.25542194,8.61198,5.5629034,-0.8822749,0.32540664,0.29941127,-1.2122662,1
9.809999999999835,14.220575182648048,1.5893895280377752,1.9377436539784458,-2.2413760023715232,9.274975,0.32615522,1.4552718,-1.8333148,8.656486,7.439994,1.4319597,0.94833446,0.15511745,-0.118589535,0.25006938,8.598366,5.5309424,-0.89673406,0.31372526,0.4096073,-1.2439028,1
9.819999999999835,14.220575182648048,1.5893895280377752,1.9377436539784458,-2.2413760023715232,9.274975,0.32615522,1.4552718,-1.8333148,8.742402,7.49514,1.4229304,0.94993335,0.15673646,-0.114877805,0.24466565,8.58489,5.4981327,-0.90913445,0.31580633,0.57267046,-1.2728254,1
9.829999999999835,14.220575182648048,1.5893895280377752,1.9377436539784458,-2.2413760023715232,9.274975,0.32615522,1.4552718,-1.8333148,8.828185,7.549957,1.4137774,0.9516028,0.15818907,-0.11042328,0.23923406,8.572,5.465299,-0.92145413,0.31754696,0.7103047,-1.3003287,1
9.839999999999835,14.220575182648048,1.5893895280377752,1.9377436539784458,-2.2413760023715232,9.274975,0.32615522,1.4552718,-1.8333148,8.913844,7.604445,1.4045017,0.9533184,0.15950346,-0.10533689,0.2337621,8.559806,5.432491,-0.9336624,0.31900162,0.8264754,-1.3264825,1
9.849999999999834,14.220575182648048,1.5893895280377752,1.9377436539784458,-2.2413760023715232,9.305517,0.52886826,1.723578,-1.804892,8.999385,7.658606,1.3951045,0.9550585,0.16070248,-0.09971252,0.22823961,8.548408,5.3997455,-0.94573784,0.32021675,0.9245295,-1.3513529,1
9.859999999999834,14.220575182648048,1.5893895280377752,1.9377436539784458,-2.2413760023715232,9.305517,0.52886826,1.723578,-1.804892,9.084816,7.71244,1.3855889,0.9568002,0.1618576,-0.09350932,0.22268693,8.537859,5.3669825,-0.9573824,0.35288057,1.0491071,-1.3736082,1
9.869999999999834,14.220575182648048,1.5893895280377752,1.9377436539784458,-2.2413760023715232,9.305517,0.52886826,1.723578,-1.804892,9.170146,7.7659464,1.3759575,0.958521,0.16302633,-0.08669955,0.21711992,8.528307,5.3343263,-0.9688711,0.38043562,1.1542606,-1.3947715,1
9.879999999999834,14.220575182648048,1.5893895280377752,1.9377436539784458,-2.2413760023715232,9.305517,0.52886826,1.723578,-1.804892,9.255386,7.819127,1.3662119,0.96020365,0.16420642,-0.079374425,0.21152528,8.519855,5.301784,-0.98020285,0.4036804,1.2430191,-1.4148962,1
9.889999999999834,14.675746107824544,1.6642616915382296,2.205587952456738,-2.1240908348188943,9.856043,0.7010118,2.008952,-1.7349637,9.340548,7.8719826,1.3563538,0.96183294,0.16539529,-0.0716112,0.20589232,8.512593,5.269359,-0.99138314,0.4232887,1.3179389,-1.4340335,1
9.899999999999833,14.675746107824544,1.6642616915382296,2.205587952456738,-2.1240908348188943,9.856043,0.7010118,2.008952,-1.7349637,9.425641,7.9245048,1.3464105,0.96338993,0.16663253,-0.06335289,0.20024455,8.506248,5.23514,-0.99727255,0.46671358,1.4256572,-1.4488002,1
9.909999999999833,14.675746107824544,1.6642616915382296,2.205587952456738,-2.1240908348188943,9.856043,0.7010118,2.008952,-1.7349637,9.510677,7.9766855,1.3364089,0.96485484,0.16794933,-0.054558355,0.19460088,8.501356,5.201037,-1.0030305,0.50335187,1.5165826,-1.4628422,1
9.919999999999833,14.675746107824544,1.6642616915382296,2.205587952456738,-2.1240908348188943,9.856043,0.7010118,2.008952,-1.7349637,9.595674,8.028525,1.3263502,0.9662146,0.16933125,-0.045309592,0.18894781,8.498019,5.167039,-1.0086809,0.53426373,1.5933331,-1.4761952,1
9.929999999999833,15.504279498086355,1.7760049979673784,2.210681866623123,-1.9536409773728627,10.459219,0.8054356,2.1254275,-1.6003672,9.680644,8.080027,1.3162354,0.9674579,0.17076556,-0.03567617,0.18327445,8.496324,5.1331325,-1.0142529,0.5603439,1.6581191,-1.4888932,1
9.939999999999833,15.504279498086355,1.7760049979673784,2.210681866623123,-1.9536409773728627,10.459219,0.8054356,2.1254275,-1.6003672,9.765605,8.131178,1.3060936,0.9685662,0.17227235,-0.025667353,0.1775976,8.496346,5.0972333,-1.0141159,0.5986425,1.7309563,-1.4943633,1
9.949999999999832,15.504279498086355,1.7760049979673784,2.210681866623123,-1.9536409773728627,10.459219,0.8054356,2.1254275,-1.6003672,9.850576,8.181971,1.2959532,0.96952236,0.17386681,-0.015294559,0.1719324,8.498272,5.061394,-1.0139757,0.6309578,1.7924402,-1.4995649,1
9.959999999999832,15.504279498086355,1.7760049979673784,2.210681866623123,-1.9536409773728627,10.459219,0.8054356,2.1254275,-1.6003672,9.935577,8.232405,1.2858139,0.9703195,0.17553163,-0.004615358,0.16626891,8.502175,5.0255923,-1.0138808,0.6582243,1.8443406,-1.5045112,1
9.969999999999832,16.435443414968233,1.8001147163777185,1.9260994822283877,-1.7431752379216088,11.224859,0.9407287,2.040213,-1.4688994,10.020627,8.282482,1.2756752,0.970952,0.17725174,0.006321284,0.1605992,8.508117,4.9898047,-1.0138832,0.6812307,1.8881512,-1.509215,1
9.979999999999832,16.435443414968233,1.8001147163777185,1.9260994822283877,-1.7431752379216088,11.224859,0.9407287,2.040213,-1.4688994,10.105749,8.332189,1.2655716,0.9714035,0.17907223,0.017446203,0.1549262,8.516731,4.951386,-1.0068685,0.72172016,1.9118263,-1.5072367,1
9.989999999999831,16.435443414968233,1.8001147163777185,1.9260994822283877,-1.7431752379216088,11.224859,0.9407287,2.040213,-1.4688994,10.1909685,8.381511,1.2555369,0.9716617,0.18102805,0.028701257,0.1492539,8.527622,4.912914,-1.0000848,0.75589156,1.9318155,-1.5053555,1
9.999999999999831,16.435443414968233,1.8001147163777185,1.9260994822283877,-1.7431752379216088,11.224859,0.9407287,2.040213,-1.4688994,10.27631,8.430447,1.2455686,0.9717279,0.18309338,0.040062767,0.1435782,8.540815,4.874344,-0.99360174,0.7847312,1.9486928,-1.5035665,1
10.009999999999831,17.194247963746747,1.7414416254064602,1.48772832906912,-1.5052224381911112,11.556585,1.0342386,1.7756311,-1.3734068,10.361794,8.478996,1.2356635,0.9716034,0.18524626,0.051510505,0.13789596,8.556329,4.8356357,-0.987489,0.80907077,1.9629426,-1.5018653,1
10.01999999999983,17.194247963746747,1.7414416254064602,1.48772832906912,-1.5052224381911112,11.556585,1.0342386,1.7756311,-1.3734068,10.447448,8.527153,1.2258328,0.97128737,0.18751942,0.062927164,0.13219468,8.5746975,4.795601,-0.978749,0.8441489,1.9337004,-1.4955618,1
10.02999999999983,17.194247963746747,1.7414416254064602,1.48772832906912,-1.5052224381911112,11.556585,1.0342386,1.7756311,-1.3734068,10.533297,8.574907,1.2160867,0.97078305,0.18993767,0.074218266,0.12646583,8.595437,4.755328,-0.9705337,0.87376153,1.9090242,-1.4895675,1
10.03999999999983,17.194247963746747,1.7414416254064602,1.48772832906912,-1.5052224381911112,11.556585,1.0342386,1.7756311,-1.3734068,10.619365,8.622258,1.2064201,0.9700967,0.19247323,0.085398585,0.120712794,8.618512,4.7147613,-0.962913,0.8987607,1.8882006,-1.4838675,1
10.04999999999983,17.194247963746747,1.7414416254064602,1.48772832906912,-1.5052224381911112,12.245523,1.1041,1.5233775,-1.272329,10.705675,8.669202,1.1968263,0.9692336,0.19510266,0.09648051,0.11493866,8.643887,4.673852,-0.9559533,0.9198647,1.8706284,-1.4784471,1
10.05999999999983,17.194247963746747,1.7414416254064602,1.48772832906912,-1.5052224381911112,12.245523,1.1041,1.5233775,-1.272329,10.792259,8.715722,1.1873298,0.9682017,0.19784594,0.107377306,0.10913588,8.67317,4.6300926,-0.9434985,0.94853187,1.8164535,-1.4683328,1
10.06999999999983,17.194247963746747,1.7414416254064602,1.48772832906912,-1.5052224381911112,12.245523,1.1041,1.5233775,-1.272329,10.879147,8.761802,1.1779537,0.96701115,0.20071799,0.11802044,0.1033001,8.704781,4.585863,-0.9318745,0.9727379,1.7707314,-1.4587148,1
10.07999999999983,17.194247963746747,1.7414416254064602,1.48772832906912,-1.5052224381911112,12.245523,1.1041,1.5233775,-1.272329,10.966362,8.807437,1.1686894,0.965668,0.20369387,0.12844399,0.097438335,8.738643,4.541107,-0.9211398,0.9931768,1.7321433,-1.4495689,1
10.08999999999983,18.613807008198282,1.6583051808808034,0.9431282197304973,-1.3179677022708551,13.230228,1.0948474,1.0773939,-1.1059693,11.053926,8.852621,1.1595278,0.96417713,0.20675258,0.13867669,0.09155661,8.774691,4.495775,-0.911349,1.0104349,1.6995759,-1.4408716,1
10.09999999999983,18.613807008198282,1.6583051808808034,0.9431282197304973,-1.3179677022708551,13.230228,1.0948474,1.0773939,-1.1059693,11.141878,8.897331,1.1505021,0.96256775,0.20989192,0.14856626,0.08564351,8.815919,4.4461274,-0.89395577,1.0234909,1.6025455,-1.4244378,1
10.109999999999829,18.613807008198282,1.6583051808808034,0.9431282197304973,-1.3179677022708551,13.230228,1.0948474,1.0773939,-1.1059693,11.230252,8.941542,1.1416447,0.9608691,0.21310966,0.15799358,0.07969289,8.859301,4.395754,-0.8776707,1.0345275,1.5206485,-1.4088105,1
10.119999999999829,18.613807008198282,1.6583051808808034,0.9431282197304973,-1.3179677022708551,13.230228,1.0948474,1.0773939,-1.1059693,11.319071,8.985245,1.1329447,0.95908386,0.21638972,0.16702554,0.073716536,8.904702,4.344604,-0.86252,1.0438569,1.4515247,-1.3939501,1
10.129999999999828,19.837056609211906,1.5089572871163148,0.24177648860795814,-1.0978448717787754,14.473505,1.1448282,0.53838795,-0.9843193,11.408352,9.028431,1.1243904,0.9572137,0.21971871,0.17571855,0.067724265,8.952006,4.292633,-0.84852743,1.051743,1.3931817,-1.3798187,1
10.139999999999828,19.837056609211906,1.5089572871163148,0.24177648860795814,-1.0978448717787754,14.473505,1.1448282,0.53838795,-0.9843193,11.498139,9.071068,1.1160223,0.95529354,0.22312161,0.18391205,0.061687544,9.005712,4.234835,-0.8252893,1.0661241,1.2598777,-1.3604114,1
10.149999999999828,19.837056609211906,1.5089572871163148,0.24177648860795814,-1.0978448717787754,14.473505,1.1448282,0.53838795,-0.9843193,11.588472,9.113123,1.1078802,0.9533559,0.22661753,0.19148172,0.055585235,9.061185,4.176033,-0.80333596,1.0782844,1.1473641,-1.3419565,1
10.159999999999828,19.837056609211906,1.5089572871163148,0.24177648860795814,-1.0978448717787754,14.473505,1.1448282,0.53838795,-0.9843193,11.679368,9.154585,1.0999513,0.9513974,0.23018864,0.1985202,0.049434822,9.11824,4.116168,-0.7826562,1.0885669,1.0523981,-1.3244072,1
10.169999999999828,20.780677796644078,1.3882699120790332,-0.6791269107289397,-0.8975996477496528,15.478563,1.1553546,-0.18746911,-0.8744187,11.770842,9.195443,1.0922228,0.9494141,0.23382011,0.2051056,0.043250922,9.176716,4.055191,-0.76323944,1.097261,0.97224295,-1.307719,1
10.179999999999827,20.780677796644078,1.3882699120790332,-0.6791269107289397,-0.8975996477496528,15.478563,1.1553546,-0.18746911,-0.8744187,11.862928,9.235663,1.0847228,0.9474613,0.23751847,0.21102542,0.036989573,9.240602,3.9887424,-0.73699594,1.1061554,0.7913942,-1.2864568,1
10.189999999999827,20.780677796644078,1.3882699120790332,-0.6791269107289397,-0.8975996477496528,15.478563,1.1553546,-0.18746911,-0.8744187,11.955659,9.275213,1.0774785,0.9455871,0.2412876,0.2161154,0.030617066,9.305586,3.9209971,-0.7120276,1.1136917,0.63874936,-1.2662381,1
10.199999999999827,20.780677796644078,1.3882699120790332,-0.6791269107289397,-0.8975996477496528,15.478563,1.1553546,-0.18746911,-0.8744187,12.049045,9.314078,1.070478,0.9437761,0.24511284,0.22050111,0.024158444,9.371416,3.8518996,-0.6882668,1.1200763,0.50990987,-1.2470113,1
10.209999999999827,20.999996427844795,1.2445484973554557,-1.441000092526791,-0.7498306515867791,15.852657,1.1229758,-0.966218,-0.7099785,12.14309,9.352246,1.0637091,0.9420136,0.24898206,0.22428825,0.01763477,9.437878,3.7814054,-0.6656535,1.1254848,0.4011631,-1.228728,1
10.219999999999827,20.999996427844795,1.2445484973554557,-1.441000092526791,-0.7498306515867791,15.852657,1.1229758,-0.966218,-0.7099785,12.237811,9.389693,1.0571755,0.94035995,0.25288248,0.22726735,0.011007845,9.506381,3.7077403,-0.6412341,1.1249198,0.18793981,-1.2032729,1
10.229999999999826,20.999996427844795,1.2445484973554557,-1.441000092526791,-0.7498306515867791,15.852657,1.1229758,-0.966218,-0.7099785,12.333219,9.426395,1.050881,0.9388634,0.2568023,0.22927704,0.0042495443,9.575027,3.6325665,-0.6178145,1.1244751,0.007967662,-1.1790668,1
10.239999999999826,20.999996427844795,1.2445484973554557,-1.441000092526791,-0.7498306515867791,15.852657,1.1229758,-0.966218,-0.7099785,12.429313,9.462339,1.0448163,0.9374942,0.26073387,0.2304639,-0.002610263,9.643526,3.5558507,-0.595278,1.1241266,-0.14393878,-1.1560485,1
10.249999999999826,20.999996427844795,1.2445484973554557,-1.441000092526791,-0.7498306515867791,15.880621,1.0597353,-1.6139208,-0.5769362,12.526089,9.497508,1.0389729,0.9362252,0.26467106,0.2309513,-0.009546419,9.711629,3.477572,-0.57352453,1.1238544,-0.2721565,-1.1341597,1
10.259999999999826,20.999996427844795,1.2445484973554557,-1.441000092526791,-0.7498306515867791,15.880621,1.0597353,-1.6139208,-0.5769362,12.623544,9.531885,1.0333445,0.9350989,0.2685857,0.23059644,-0.016585413,9.779226,3.397577,-0.552249,1.113709,-0.48137656,-1.1068165,1
10.269999999999825,20.999996427844795,1.2445484973554557,-1.441000092526791,-0.7498306515867791,15.880621,1.0597353,-1.6139208,-0.5769362,12.721671,9.5654545,1.027926,0.93414605,0.27245364,0.22929102,-0.023746228,9.845908,3.3159995,-0.53153133,1.1051755,-0.6579716,-1.0808152,1
10.279999999999825,20.999996427844795,1.2445484973554557,-1.441000092526791,-0.7498306515867791,15.880621,1.0597353,-1.6139208,-0.5769362,12.820458,9.5982,1.0227125,0.93332714,0.27627563,0.22717695,-0.030999156,9.911394,3.2328444,-0.5112431,1.0979971,-0.80702865,-1.0560896,1
10.289999999999825,20.886498903264677,1.183657588415635,-2.1207332748836927,-0.5933564145029662,15.38566,1.0518043,-2.23562,-0.40430802,12.919894,9.630106,1.0177001,0.9326075,0.28005257,0.22437377,-0.0383191,9.975445,3.1481266,-0.49127766,1.0919576,-0.932842,-1.0325774,1
10.299999999999825,20.886498903264677,1.183657588415635,-2.1207332748836927,-0.5933564145029662,15.38566,1.0518043,-2.23562,-0.40430802,13.019953,9.66117,1.0128677,0.9320135,0.28377673,0.22074427,-0.045734197,10.035891,3.0645568,-0.47521242,1.0855818,-1.1359836,-1.0017481,1
10.309999999999825,20.886498903264677,1.183657588415635,-2.1207332748836927,-0.5933564145029662,15.38566,1.0518043,-2.23562,-0.40430802,13.120606,9.691392,1.0081954,0.93156016,0.2874396,0.21618336,-0.0532638,10.094455,2.9795196,-0.45924968,1.0802273,-1.3074474,-0.9724316,1
10.319999999999824,20.886498903264677,1.183657588415635,-2.1207332748836927,-0.5933564145029662,15.38566,1.0518043,-2.23562,-0.40430802,13.221835,9.720755,1.0036827,0.931203,0.29104123,0.21082732,-0.060876433,10.150868,2.89305,-0.4432808,1.0757294,-1.4521729,-0.9445536,1
10.329999999999824,19.783037217881144,1.0980502510996242,-2.4141731430627864,-0.546208094551546,14.4006195,1.1585512,-2.6864522,-0.3068621,13.323616,9.749247,0.9993302,0.93090385,0.29458162,0.20479114,-0.06854547,10.204903,2.8051915,-0.42722085,1.0719502,-1.5743304,-0.91804355,1
10.339999999999824,19.783037217881144,1.0980502510996242,-2.4141731430627864,-0.546208094551546,14.4006195,1.1585512,-2.6864522,-0.3068621,13.425908,9.776881,0.99510235,0.9306536,0.29809004,0.19799736,-0.07629911,10.25305,2.7217045,-0.4183214,1.0853859,-1.747752,-0.8880527,1
10.349999999999824,19.783037217881144,1.0980502510996242,-2.4141731430627864,-0.546208094551546,14.4006195,1.1585512,-2.6864522,-0.3068621,13.528667,9.803676,0.99096453,0.9304373,0.30158687,0.1903881,-0.08415702,10.298533,2.6370063,-0.40920922,1.0967464,-1.8941281,-0.8595335,1
10.359999999999824,19.783037217881144,1.0980502510996242,-2.4141731430627864,-0.546208094551546,14.4006195,1.1585512,-2.6864522,-0.3068621,13.631868,9.8296175,0.9869191,0.93021685,0.30506063,0.18207976,-0.09208685,10.3411255,2.5511463,-0.3998344,1.1063511,-2.0176764,-0.83241373,1
10.369999999999823,18.651467190002165,1.0167482166776205,-2.580990075114524,-0.5618245215063362,13.142134,1.2772199,-2.9605935,-0.2871507,13.735479,9.854694,0.98296887,0.9299595,0.30850175,0.17317116,-0.10006124,10.38063,2.4641838,-0.3901668,1.1144707,-2.121957,-0.8066248,1
10.379999999999823,18.651467190002165,1.0167482166776205,-2.580990075114524,-0.5618245215063362,13.142134,1.2772199,-2.9605935,-0.2871507,13.839453,9.878936,0.9790696,0.92964107,0.3119352,0.16363849,-0.10809676,10.413699,2.3838763,-0.38963708,1.13982,-2.2527363,-0.78113407,1
10.389999999999823,18.651467190002165,1.0167482166776205,-2.580990075114524,-0.5618245215063362,13.142134,1.2772199,-2.9605935,-0.2871507,13.943742,9.9023695,0.97517705,0.92923605,0.31537807,0.15346672,-0.11620456,10.443606,2.3026834,-0.38882363,1.1612284,-2.363119,-0.7568942,1
10.399999999999823,18.651467190002165,1.0167482166776205,-2.580990075114524,-0.5618245215063362,13.142134,1.2772199,-2.9605935,-0.2871507,14.048313,9.924987,0.97129405,0.92871755,0.3188126,0.1427457,-0.12435594,10.470183,2.220671,-0.38773575,1.1793083,-2.4562857,-0.73384374,1
10.409999999999823,17.757120624832552,0.8870908675773842,-2.1763253167755745,-0.6000013972578685,12.308624,1.2746013,-3.0085912,-0.24529478,14.153133,9.94678,0.9674232,0.9280631,0.32222384,0.13155214,-0.13252665,10.493283,2.1379142,-0.38639608,1.1945761,-2.5349226,-0.71192443,1
10.419999999999822,17.757120624832552,0.8870908675773842,-2.1763253167755745,-0.6000013972578685,12.308624,1.2746013,-3.0085912,-0.24529478,14.25816,9.96777,0.9635353,0.92725736,0.3255962,0.11993234,-0.14069751,10.511543,2.059786,-0.39115867,1.2070607,-2.6087787,-0.68902683,1
10.429999999999822,17.757120624832552,0.8870908675773842,-2.1763253167755745,-0.6000013972578685,12.308624,1.2746013,-3.0085912,-0.24529478,14.363353,9.987974,0.9596006,0.926287,0.32891643,0.10792695,-0.14885159,10.52632,1.9811227,-0.3957552,1.2176036,-2.6711166,-0.66725284,1
10.439999999999822,17.757120624832552,0.8870908675773842,-2.1763253167755745,-0.6000013972578685,12.308624,1.2746013,-3.0085912,-0.24529478,14.468675,10.007391,0.9556206,0.9251377,0.33217594,0.0955894,-0.15697314,10.537524,1.9020133,-0.40023175,1.2265064,-2.723733,-0.6465472,1
10.449999999999822,17.757120624832552,0.8870908675773842,-2.1763253167755745,-0.6000013972578685,12.40974,1.1103121,-2.854232,-0.1625927,14.57409,10.026014,0.9515962,0.92379797,0.3353675,0.08296569,-0.1650489,10.545077,1.8225511,-0.40464166,1.2340237,-2.7681437,-0.62685764,1
10.459999999999821,17.757120624832552,0.8870908675773842,-2.1763253167755745,-0.6000013972578685,12.40974,1.1103121,-2.854232,-0.1625927,14.6795635,10.043838,0.94753164,0.9222781,0.33843583,0.070160225,-0.17303258,10.548953,1.7421787,-0.40827322,1.2147667,-2.7815435,-0.604076,1
10.469999999999821,17.757120624832552,0.8870908675773842,-2.1763253167755745,-0.6000013972578685,12.40974,1.1103121,-2.854232,-0.1625927,14.785057,10.060857,0.9434306,0.920591,0.3413386,0.057258826,-0.18088698,10.549066,1.6616579,-0.4119517,1.1985122,-2.7928557,-0.5824123,1
10.479999999999821,17.757120624832552,0.8870908675773842,-2.1763253167755745,-0.6000013972578685,12.40974,1.1103121,-2.854232,-0.1625927,14.8905325,10.077071,0.9392923,0.9187311,0.3440875,0.044273265,-0.18861428,10.545409,1.5810987,-0.41573367,1.1847914,-2.802406,-0.5618116,1
10.48999999999982,17.16291164081579,0.5735599154645248,-1.4524811716855592,-0.7479231059261935,12.105902,1.1244307,-2.41684,-0.33830371,14.995953,10.09248,0.9351154,0.9166939,0.34669223,0.031214073,-0.19621646,10.537984,1.5006077,-0.4196789,1.1732095,-2.8104694,-0.54222184,1
10.49999999999982,17.16291164081579,0.5735599154645248,-1.4524811716855592,-0.7479231059261935,12.105902,1.1244307,-2.41684,-0.33830371,15.101281,10.107094,0.93088645,0.91446626,0.34920084,0.018257517,-0.20365484,10.527072,1.4222522,-0.42615145,1.1656421,-2.749073,-0.53221554,1
10.50999999999982,17.16291164081579,0.5735599154645248,-1.4524811716855592,-0.7479231059261935,12.105902,1.1244307,-2.41684,-0.33830371,15.206482,10.120925,0.92659134,0.912045,0.3516556,0.005545052,-0.2109025,10.512556,1.3441356,-0.43292037,1.1592498,-2.697252,-0.52270025,1
10.51999999999982,17.16291164081579,0.5735599154645248,-1.4524811716855592,-0.7479231059261935,12.105902,1.1244307,-2.41684,-0.33830371,15.31152,10.133977,0.9222268,0.9094396,0.3540558,-0.0069613727,-0.21797699,10.494513,1.266323,-0.4400595,1.1538504,-2.6535132,-0.51365185,1
10.52999999999982,16.803693896271536,0.20862471728468532,-0.40162294757141537,-1.0005358694820947,11.660969,0.8656031,-1.5960329,-0.6013786,15.41636,10.146253,0.9177887,0.9066575,0.35640046,-0.019293537,-0.22489321,10.473005,1.1888778,-0.4476386,1.1492896,-2.6165962,-0.5050475,1
10.53999999999982,16.803693896271536,0.20862471728468532,-0.40162294757141537,-1.0005358694820947,11.660969,0.8656031,-1.5960329,-0.6013786,15.520973,10.15777,0.91325575,0.9037447,0.35867107,-0.031145355,-0.23157918,10.44903,1.1146898,-0.45903045,1.1050935,-2.4574287,-0.50977445,1
10.54999999999982,16.803693896271536,0.20862471728468532,-0.40162294757141537,-1.0005358694820947,11.660969,0.8656031,-1.5960329,-0.6013786,15.625331,10.168548,0.90860623,0.90075165,0.3608605,-0.04227433,-0.23798607,10.421966,1.0409435,-0.4709559,1.0677828,-2.3230853,-0.51426953,1
10.55999999999982,16.803693896271536,0.20862471728468532,-0.40162294757141537,-1.0005358694820947,11.660969,0.8656031,-1.5960329,-0.6013786,15.729403,10.178592,0.90383464,0.8976878,0.3629817,-0.05279075,-0.24415644,10.391991,0.96765906,-0.48345226,1.0362848,-2.2096941,-0.518544,1
10.569999999999819,16.731312950756806,-0.3228259701473326,0.6116872327778442,-1.0938039411327831,11.435978,0.4527075,-0.7740339,-0.80215317,15.833161,10.187904,0.8989351,0.89455885,0.3650446,-0.06278779,-0.2501258,10.359258,0.8948548,-0.49655083,1.0096937,-2.1139877,-0.5226087,1
10.579999999999819,16.731312950756806,-0.3228259701473326,0.6116872327778442,-1.0938039411327831,11.435978,0.4527075,-0.7740339,-0.80215317,15.936583,10.196498,0.89389336,0.89144635,0.36699465,-0.07199967,-0.25583726,10.324597,0.82394,-0.5119019,0.9228859,-1.9050015,-0.53632605,1
10.589999999999819,16.731312950756806,-0.3228259701473326,0.6116872327778442,-1.0938039411327831,11.435978,0.4527075,-0.7740339,-0.80215317,16.039644,10.204385,0.88869506,0.88842535,0.36879534,-0.0802193,-0.26125363,10.287607,0.75350285,-0.52785563,0.8496087,-1.7286093,-0.5493702,1
10.599999999999818,16.731312950756806,-0.3228259701473326,0.6116872327778442,-1.0938039411327831,11.435978,0.4527075,-0.7740339,-0.80215317,16.142324,10.211569,0.8833343,0.88548744,0.37047634,-0.08759852,-0.26642796,10.248513,0.6835277,-0.5443904,0.7877525,-1.5797281,-0.5617743,1
10.609999999999818,17.61574329017102,-0.689356454588648,1.4031612073976851,-1.3664795000223346,12.107483,0.27725592,0.08408333,-1.0806466,16.244606,10.218056,0.8778053,0.8826224,0.3720611,-0.09426557,-0.27140412,10.207506,0.61399865,-0.5614846,0.7355371,-1.454067,-0.5735698,1
10.619999999999818,17.61574329017102,-0.689356454588648,1.4031612073976851,-1.3664795000223346,12.107483,0.27725592,0.08408333,-1.0806466,16.346455,10.223831,0.87212634,0.8798708,0.37360406,-0.09999422,-0.27612793,10.162252,0.54083496,-0.5743908,0.66413826,-1.2141776,-0.5984522,1
10.629999999999818,17.61574329017102,-0.689356454588648,1.4031612073976851,-1.3664795000223346,12.107483,0.27725592,0.08408333,-1.0806466,16.447844,10.228875,0.8663156,0.87726796,0.37515327,-0.104610205,-0.28056327,10.115415,0.46804968,-0.5878304,0.6038674,-1.0117004,-0.6221136,1
10.639999999999818,17.61574329017102,-0.689356454588648,1.4031612073976851,-1.3664795000223346,12.107483,0.27725592,0.08408333,-1.0806466,16.548758,10.233193,0.86036795,0.8747948,0.3767157,-0.10828337,-0.28476688,10.067237,0.39556333,-0.601766,0.55298907,-0.840801,-0.64461386,1
10.649999999999817,17.61574329017102,-0.689356454588648,1.4031612073976851,-1.3664795000223346,12.307491,0.002030178,0.47920546,-1.1867199,16.649183,10.236788,0.85427874,0.8724322,0.37829542,-0.11115697,-0.2887855,10.017925,0.3233053,-0.616163,0.51003945,-0.6965549,-0.66601014,1
10.659999999999817,17.61574329017102,-0.689356454588648,1.4031612073976851,-1.3664795000223346,12.307491,0.002030178,0.47920546,-1.1867199,16.749107,10.239653,0.8480503,0.8702177,0.37984616,-0.113177106,-0.2926214,9.96683,0.2500205,-0.6296107,0.43088642,-0.5131687,-0.6915616,1
10.669999999999817,17.61574329017102,-0.689356454588648,1.4031612073976851,-1.3664795000223346,12.307491,0.002030178,0.47920546,-1.1867199,16.848515,10.241786,0.84168524,0.86818004,0.38133192,-0.11430666,-0.29627967,9.914974,0.1768344,-0.64343643,0.36407048,-0.35838407,-0.7158592,1
10.679999999999817,17.61574329017102,-0.689356454588648,1.4031612073976851,-1.3664795000223346,12.307491,0.002030178,0.47920546,-1.1867199,16.947403,10.24319,0.8351804,0.86628884,0.3827678,-0.11467961,-0.2997987,9.86255,0.10368272,-0.65758413,0.30766782,-0.22774097,-0.73896444,1
10.689999999999817,18.756215030865103,-1.0578976817684844,1.9715685156647451,-1.5029111108605335,13.423235,-0.3224686,1.0475668,-1.4267666,17.045763,10.243861,0.82853264,0.864517,0.38416526,-0.11440907,-0.3032099,9.80972,0.03050878,-0.6720064,0.26005507,-0.11747385,-0.7609359,1
10.699999999999816,18.756215030865103,-1.0578976817684844,1.9715685156647451,-1.5029111108605335,13.423235,-0.3224686,1.0475668,-1.4267666,17.143568,10.243767,0.8217773,0.86290735,0.3854935,-0.11334311,-0.30649188,9.751821,-0.04938156,-0.6790937,0.16930196,0.06425487,-0.7936084,1
10.709999999999816,18.756215030865103,-1.0578976817684844,1.9715685156647451,-1.5029111108605335,13.423235,-0.3224686,1.0475668,-1.4267666,17.240793,10.242872,0.8149501,0.86149013,0.38672915,-0.11136458,-0.3096313,9.693856,-0.12943113,-0.6863619,0.092693955,0.21763942,-0.8246777,1
10.719999999999816,18.756215030865103,-1.0578976817684844,1.9715685156647451,-1.5029111108605335,13.423235,-0.3224686,1.0475668,-1.4267666,17.337442,10.241177,0.8080496,0.8602249,0.38788936,-0.108608484,-0.31266192,9.636038,-0.20971549,-0.69374394,0.028025523,0.3471003,-0.85422236,1
10.729999999999816,20.96928377666954,-1.24198714832003,2.2194701991281107,-1.6641756343086733,15.362535,-0.67263216,1.4685214,-1.5990475,17.433516,10.238676,0.8010749,0.8590763,0.38898715,-0.105188936,-0.31561118,9.578544,-0.29030034,-0.7011865,-0.02656486,0.45636848,-0.88231725,1
10.739999999999815,20.96928377666954,-1.24198714832003,2.2194701991281107,-1.6641756343086733,15.362535,-0.67263216,1.4685214,-1.5990475,17.528975,10.235311,0.7940913,0.85807884,0.38996774,-0.10100506,-0.3184684,9.513299,-0.382939,-0.6955466,-0.12721425,0.61427367,-0.9174874,1
10.749999999999815,20.96928377666954,-1.24198714832003,2.2194701991281107,-1.6641756343086733,15.362535,-0.67263216,1.4685214,-1.5990475,17.623783,10.231017,0.7871643,0.85725415,0.39078754,-0.09598053,-0.32122648,9.448845,-0.4760615,-0.68984586,-0.21217607,0.7475484,-0.9509317,1
10.759999999999815,20.96928377666954,-1.24198714832003,2.2194701991281107,-1.6641756343086733,15.362535,-0.67263216,1.4685214,-1.5990475,17.717953,10.225788,0.78029484,0.85655636,0.39147004,-0.09023761,-0.3239103,9.385408,-0.56973505,-0.68401486,-0.28389657,0.86003405,-0.982735,1
10.769999999999815,20.999999613716,-1.1793617327784307,2.044302639343096,-1.7325113792736584,17.06192,-0.6913939,1.5948988,-1.6748886,17.811493,10.21962,0.7734846,0.855946,0.39203402,-0.08387993,-0.32653975,9.323181,-0.6640169,-0.6780031,-0.34444013,0.95497286,-1.0129777,1
10.779999999999815,20.999999613716,-1.1793617327784307,2.044302639343096,-1.7325113792736584,17.06192,-0.6913939,1.5948988,-1.6748886,17.904385,10.212454,0.7667932,0.8553932,0.39250526,-0.07694599,-0.3291196,9.255599,-0.7694595,-0.66023606,-0.39845917,1.0548128,-1.0454578,1
10.789999999999814,20.999999613716,-1.1793617327784307,2.044302639343096,-1.7325113792736584,17.06192,-0.6913939,1.5948988,-1.6748886,17.99661,10.204228,0.7602808,0.8548706,0.392904,-0.069470756,-0.33165443,9.189725,-0.87569296,-0.64220905,-0.44406182,1.1390789,-1.0763443,1
10.799999999999814,20.999999613716,-1.1793617327784307,2.044302639343096,-1.7325113792736584,17.06192,-0.6913939,1.5948988,-1.6748886,18.088186,10.194936,0.75394994,0.85435086,0.3932364,-0.061530843,-0.3341583,9.125716,-0.9827707,-0.6239147,-0.48256016,1.2102,-1.105715,1
10.809999999999814,20.999999798733352,-0.9733523378060674,1.528398558778706,-1.671714074844764,17.566053,-0.50884026,1.3942806,-1.6322023,18.17913,10.184568,0.7478034,0.8538108,0.39350688,-0.05319147,-0.33664247,9.063707,-1.0907369,-0.6053583,-0.5150615,1.2702264,-1.1336445,1
10.819999999999814,20.999999798733352,-0.9733523378060674,1.528398558778706,-1.671714074844764,17.566053,-0.50884026,1.3942806,-1.6322023,18.269457,10.173101,0.7418609,0.8532004,0.39375395,-0.044603564,-0.33913925,9.002038,-1.2028438,-0.5831041,-0.5140563,1.2895801,-1.158109,1
10.829999999999814,20.999999798733352,-0.9733523378060674,1.528398558778706,-1.671714074844764,17.566053,-0.50884026,1.3942806,-1.6322023,18.359179,10.160509,0.73614204,0.852482,0.39400828,-0.035890654,-0.3416749,8.942592,-1.3159236,-0.56064206,-0.51321083,1.3059154,-1.1813728,1
10.839999999999813,20.999999798733352,-0.9733523378060674,1.528398558778706,-1.671714074844764,17.566053,-0.50884026,1.3942806,-1.6322023,18.448317,10.146781,0.7306486,0.85165435,0.39426252,-0.027067306,-0.34424874,8.885394,-1.4299915,-0.53802323,-0.5124997,1.3197025,-1.203495,1
10.849999999999813,20.999999798733352,-0.9733523378060674,1.528398558778706,-1.671714074844764,17.424952,-0.02496846,1.098282,-1.6148635,18.536894,10.131907,0.725382,0.8507166,0.3945103,-0.018146206,-0.34685966,8.830467,-1.5450596,-0.5152991,-0.5119018,1.3313394,-1.2245317,1
10.859999999999813,20.999999798733352,-0.9733523378060674,1.528398558778706,-1.671714074844764,17.424952,-0.02496846,1.098282,-1.6148635,18.624935,10.115882,0.720338,0.84959126,0.39486966,-0.009307468,-0.34954837,8.778236,-1.660206,-0.49350017,-0.4359777,1.294939,-1.2436854,1
10.869999999999813,20.999999798733352,-0.9733523378060674,1.528398558778706,-1.671714074844764,17.424952,-0.02496846,1.098282,-1.6148635,18.712463,10.098701,0.7155118,0.8482212,0.39543435,-0.00069534057,-0.3523493,8.728173,-1.7763698,-0.4717585,-0.37189087,1.264223,-1.2618991,1
10.879999999999812,20.999999798733352,-0.9733523378060674,1.528398558778706,-1.671714074844764,17.424952,-0.02496846,1.098282,-1.6148635,18.799503,10.080352,0.7109023,0.8466325,0.39616647,0.007728289,-0.35525185,8.680166,-1.8935653,-0.4501798,-0.3177957,1.2383037,-1.2792192,1
10.889999999999812,20.99999988165604,-0.5534731676878794,0.8666141606531647,-1.6025356598437641,17.944965,0.501977,0.40993956,-1.5826904,18.886072,10.060826,0.70650727,0.8448468,0.39703387,0.01599544,-0.3582459,8.63412,-2.011804,-0.42885655,-0.2721347,1.2164325,-1.2956893,1
10.899999999999812,20.99999988165604,-0.5534731676878794,0.8666141606531647,-1.6025356598437641,17.944965,0.501977,0.40993956,-1.5826904,18.972183,10.040095,0.7023417,0.8428062,0.39808872,0.023823038,-0.36143267,8.588608,-2.134649,-0.40432072,-0.1515084,1.0905601,-1.3097726,1
10.909999999999812,20.99999988165604,-0.5534731676878794,0.8666141606531647,-1.6025356598437641,17.944965,0.501977,0.40993956,-1.5826904,19.057848,10.01813,0.6984193,0.8404716,0.3993712,0.030987753,-0.3648943,8.54475,-2.2585402,-0.38023508,-0.049679745,0.9843313,-1.3231647,1
10.919999999999812,20.99999988165604,-0.5534731676878794,0.8666141606531647,-1.6025356598437641,17.944965,0.501977,0.40993956,-1.5826904,19.143084,9.994922,0.6947351,0.8378839,0.4008399,0.037594877,-0.36859545,8.502276,-2.3834388,-0.35668737,0.036281195,0.894681,-1.3358996,1
10.929999999999811,20.999999933940632,-0.25724801536556263,0.18416756138150459,-1.394024774981887,18.212267,0.88073784,-0.24167715,-1.3151108,19.2279,9.970458,0.69128346,0.8350759,0.40245968,0.043733217,-0.3725048,8.460954,-2.5093114,-0.33374828,0.10884699,0.81902194,-1.3480097,1
10.939999999999811,20.999999933940632,-0.25724801536556263,0.18416756138150459,-1.394024774981887,18.212267,0.88073784,-0.24167715,-1.3151108,19.312304,9.944722,0.68806684,0.83203834,0.4042314,0.04919016,-0.37667948,8.41996,-2.6380098,-0.3096817,0.22907709,0.6535013,-1.3463953,1
10.949999999999811,20.999999933940632,-0.25724801536556263,0.18416756138150459,-1.394024774981887,18.212267,0.88073784,-0.24167715,-1.3151108,19.396301,9.917695,0.6850873,0.8287696,0.4061538,0.053799316,-0.38116074,8.379582,-2.7675815,-0.28633457,0.33058038,0.51381,-1.3448602,1
10.95999999999981,20.999999933940632,-0.25724801536556263,0.18416756138150459,-1.394024774981887,18.212267,0.88073784,-0.24167715,-1.3151108,19.479897,9.889368,0.6823375,0.8253033,0.4081966,0.057692017,-0.38590094,8.339498,-2.8979423,-0.2637374,0.41627353,0.39591762,-1.3434005,1
10.96999999999981,20.99999997214609,-0.08079372760945983,-0.36962391013398277,-1.2127865977614847,18.918873,1.2005934,-0.6757227,-1.1324114,19.563091,9.859735,0.6798099,0.8216658,0.41033417,0.060979076,-0.39085865,8.29943,-3.0290177,-0.24191062,0.48861924,0.29642212,-1.3420124,1
10.97999999999981,20.99999997214609,-0.08079372760945983,-0.36962391013398277,-1.2127865977614847,18.918873,1.2005934,-0.6757227,-1.1324114,19.645876,9.828761,0.6775198,0.8178457,0.41258308,0.06355194,-0.3960588,8.257567,-3.1658452,-0.21624507,0.5995178,0.14472383,-1.3317273,1
10.98999999999981,20.99999997214609,-0.08079372760945983,-0.36962391013398277,-1.2127865977614847,18.918873,1.2005934,-0.6757227,-1.1324114,19.728241,9.796416,0.6754822,0.8138351,0.41495395,0.06532799,-0.40151674,8.215142,-3.3032417,-0.1914043,0.6931441,0.016698882,-1.3219466,1
10.99999999999981,20.99999997214609,-0.08079372760945983,-0.36962391013398277,-1.2127865977614847,18.918873,1.2005934,-0.6757227,-1.1324114,19.810177,9.762695,0.6736888,0.809658,0.417419,0.06642844,-0.4071859,8.171848,-3.4411068,-0.1673937,0.77218807,-0.09134702,-1.312646,1
11.00999999999981,20.999999950366572,-0.10543609089285004,-0.7475212175023278,-0.9833885229410034,18.871454,1.3051175,-1.0467848,-0.90345573,19.891674,9.727593,0.67213136,0.80533344,0.4199549,0.06695566,-0.4130262,8.127429,-3.579347,-0.14421412,0.8389207,-0.18253222,-1.3038019,1
11.01999999999981,20.999999950366572,-0.10543609089285004,-0.7475212175023278,-0.9833885229410034,18.871454,1.3051175,-1.0467848,-0.90345573,19.972723,9.69111,0.6708001,0.80088085,0.42251596,0.06684751,-0.41904572,8.081772,-3.7175195,-0.122161895,0.9115133,-0.31736198,-1.2841568,1
11.02999999999981,20.999999950366572,-0.10543609089285004,-0.7475212175023278,-0.9833885229410034,18.871454,1.3051175,-1.0467848,-0.90345573,20.053305,9.653242,0.66968536,0.79631704,0.42506388,0.066057935,-0.42524573,8.034513,-3.8558438,-0.10090575,0.97280574,-0.43115458,-1.2654757,1
11.039999999999809,20.999999950366572,-0.10543609089285004,-0.7475212175023278,-0.9833885229410034,18.871454,1.3051175,-1.0467848,-0.90345573,20.133406,9.613992,0.6687793,0.7916523,0.42759085,0.06468841,-0.43158522,7.985426,-3.9941878,-0.08041362,1.0245564,-0.5271926,-1.2477113,1
11.049999999999809,20.999999950366572,-0.10543609089285004,-0.7475212175023278,-0.9833885229410034,18.900948,1.2587969,-1.3044391,-0.66753167,20.213005,9.573359,0.6680745,0.7868947,0.43009055,0.06282472,-0.43802923,7.934319,-4.1324286,-0.060657036,1.0682507,-0.60824645,-1.2308185,1
11.059999999999809,20.999999950366572,-0.10543609089285004,-0.7475212175023278,-0.9833885229410034,18.900948,1.2587969,-1.3044391,-0.66753167,20.292084,9.531343,0.66756463,0.78207785,0.43249968,0.060454093,-0.44456857,7.880947,-4.2706614,-0.041423015,1.0978922,-0.7168215,-1.2031778,1
11.069999999999808,20.999999950366572,-0.10543609089285004,-0.7475212175023278,-0.9833885229410034,18.900948,1.2587969,-1.3044391,-0.66753167,20.370617,9.4879465,0.66724384,0.77723026,0.43476745,0.057569142,-0.45119154,7.8252354,-4.408521,-0.022840668,1.1229272,-0.80846053,-1.1768934,1
11.079999999999808,20.999999950366572,-0.10543609089285004,-0.7475212175023278,-0.9833885229410034,18.900948,1.2587969,-1.3044391,-0.66753167,20.448578,9.443173,0.6671058,0.77235067,0.4369062,0.054244097,-0.45786756,7.7670503,-4.545861,-0.0048533888,1.1440712,-0.8858057,-1.1518989,1
11.089999999999808,20.999999834021658,-0.36634361178348085,-0.9318487407663477,-0.7613496958865059,19.109545,1.054241,-1.5066127,-0.43006802,20.525948,9.397031,0.66714483,0.7674377,0.4389265,0.050541822,-0.46457097,7.706284,-4.6825433,0.012586057,1.1619283,-0.95108664,-1.1281307,1
11.099999999999808,20.999999834021658,-0.36634361178348085,-0.9318487407663477,-0.7613496958865059,19.109545,1.054241,-1.5066127,-0.43006802,20.602692,9.349519,0.66736203,0.7625438,0.44073868,0.046479017,-0.47128952,7.6421547,-4.8199353,0.030793943,1.1450938,-1.0376827,-1.0938766,1
11.109999999999808,20.999999834021658,-0.36634361178348085,-0.9318487407663477,-0.7613496958865059,19.109545,1.054241,-1.5066127,-0.43006802,20.67878,9.300636,0.66775924,0.75771296,0.4422724,0.042071097,-0.4780104,7.5752754,-4.956371,0.048578355,1.1308969,-1.110778,-1.0613034,1
11.119999999999807,20.999999834021658,-0.36634361178348085,-0.9318487407663477,-0.7613496958865059,19.109545,1.054241,-1.5066127,-0.43006802,20.754185,9.250396,0.66833246,0.7529322,0.44356245,0.03736548,-0.4847133,7.50561,-5.0916953,0.06602345,1.1189237,-1.1724775,-1.0303285,1
11.129999999999807,20.9999998594087,-0.6892431631643624,-0.9400810235690029,-0.5297993980509378,19.029514,0.81077236,-1.6412951,-0.18510543,20.828882,9.198807,0.66907877,0.7481903,0.4446383,0.03240238,-0.4913816,7.433135,-5.2257686,0.083198495,1.1088252,-1.2245578,-1.0008736,1
11.139999999999807,20.9999998594087,-0.6892431631643624,-0.9400810235690029,-0.5297993980509378,19.029514,0.81077236,-1.6412951,-0.18510543,20.902842,9.145887,0.66999334,0.7435377,0.44542667,0.027210373,-0.49800006,7.358157,-5.3579025,0.09968562,1.0623354,-1.2894896,-0.96084356,1
11.149999999999807,20.9999998594087,-0.6892431631643624,-0.9400810235690029,-0.5297993980509378,19.029514,0.81077236,-1.6412951,-0.18510543,20.976036,9.091655,0.6710721,0.7390167,0.44587126,0.021813212,-0.50455433,7.2803955,-5.4885144,0.11606218,1.0231034,-1.3443035,-0.9227779,1
11.159999999999807,20.9999998594087,-0.6892431631643624,-0.9400810235690029,-0.5297993980509378,19.029514,0.81077236,-1.6412951,-0.18510543,21.048439,9.036123,0.6723145,0.73460686,0.44601804,0.016235907,-0.51103306,7.1998863,-5.617468,0.13242033,0.9899953,-1.3905758,-0.8865801,1
11.169999999999806,20.99999986125892,-1.166721248764663,-0.8028094467991687,-0.25972185899373995,19.025675,0.39393678,-1.5607604,-0.011180779,21.120026,8.979311,0.6737207,0.73029065,0.4459058,0.010499773,-0.5174274,7.1166677,-5.7446384,0.14883512,0.96205497,-1.4296378,-0.85215855,1
11.179999999999806,20.99999986125892,-1.166721248764663,-0.8028094467991687,-0.25972185899373995,19.025675,0.39393678,-1.5607604,-0.011180779,21.190765,8.921236,0.67529154,0.72613883,0.4454631,0.004723671,-0.52369887,7.03081,-5.869891,0.16535157,0.8734849,-1.4500136,-0.8108915,1
11.189999999999806,20.99999986125892,-1.166721248764663,-0.8028094467991687,-0.25972185899373995,19.025675,0.39393678,-1.5607604,-0.011180779,21.260632,8.861919,0.67702854,0.7222103,0.44463712,-0.0009973001,-0.5298179,6.942417,-5.993159,0.18209228,0.7987281,-1.4672246,-0.7716495,1
11.199999999999806,20.99999986125892,-1.166721248764663,-0.8028094467991687,-0.25972185899373995,19.025675,0.39393678,-1.5607604,-0.011180779,21.329605,8.80138,0.67893445,0.7184748,0.44348294,-0.0066783517,-0.53578925,6.8516216,-6.1143637,0.19915432,0.7356299,-1.4817617,-0.73433304,1
11.209999999999805,20.999999847310395,-1.6769834638957264,-0.5625033459558889,-0.03451025749323114,18.774275,-0.10270436,-1.3813534,0.14723913,21.397657,8.739639,0.681013,0.71490616,0.44204682,-0.012332166,-0.5416176,6.7585416,-6.2334356,0.21661705,0.68237185,-1.49404,-0.6988478,1
11.219999999999805,20.999999847310395,-1.6769834638957264,-0.5625033459558889,-0.03451025749323114,18.774275,-0.10270436,-1.3813534,0.14723913,21.464775,8.676726,0.6832608,0.7115819,0.44026497,-0.017818598,-0.54726446,6.664557,-6.3487725,0.23301953,0.5599877,-1.4763957,-0.6573301,1
11.229999999999805,20.999999847310395,-1.6769834638957264,-0.5625033459558889,-0.03451025749323114,18.774275,-0.10270436,-1.3813534,0.14723913,21.530941,8.612671,0.6856754,0.7085655,0.43809098,-0.023027143,-0.5527015,6.568631,-6.4619226,0.24999265,0.4566855,-1.4615177,-0.6178497,1
11.239999999999805,20.999999847310395,-1.6769834638957264,-0.5625033459558889,-0.03451025749323114,18.774275,-0.10270436,-1.3813534,0.14723913,21.596142,8.547496,0.68826306,0.70581686,0.4355837,-0.02800743,-0.5579452,6.470962,-6.572874,0.26763803,0.36948934,-1.4489717,-0.58030653,1
11.249999999999805,20.999999847310395,-1.6769834638957264,-0.5625033459558889,-0.03451025749323114,18.589659,-0.37942597,-1.2066132,0.22618596,21.660357,8.481222,0.69103074,0.7033013,0.43279234,-0.032801215,-0.5630098,6.3717194,-6.681617,0.28603923,0.2958886,-1.4383917,-0.5446057,1
11.259999999999804,20.999999847310395,-1.6769834638957264,-0.5625033459558889,-0.03451025749323114,18.589659,-0.37942597,-1.2066132,0.22618596,21.723576,8.413877,0.6939808,0.70104474,0.4297195,-0.037336126,-0.5678744,6.27205,-6.787098,0.30411422,0.19062115,-1.4022038,-0.50678265,1
11.269999999999804,20.999999847310395,-1.6769834638957264,-0.5625033459558889,-0.03451025749323114,18.589659,-0.37942597,-1.2066132,0.22618596,21.78579,8.345488,0.69711614,0.69906753,0.42637047,-0.041556593,-0.572524,6.1711655,-6.8904104,0.32308564,0.10176498,-1.3716698,-0.47081566,1
11.279999999999804,20.999999847310395,-1.6769834638957264,-0.5625033459558889,-0.03451025749323114,18.589659,-0.37942597,-1.2066132,0.22618596,21.846992,8.276076,0.7004459,0.6973339,0.42278624,-0.04551752,-0.5769778,6.069244,-6.991584,0.34302315,0.026761577,-1.3459058,-0.4366136,1
11.289999999999804,20.99999975424421,-2.2515162190680584,-0.25856163064211696,0.09593700172857902,17.858189,-0.8450238,-1.0334382,0.272725,21.907171,8.205664,0.7039801,0.69581264,0.41900095,-0.04926503,-0.5812519,5.9664392,-7.090644,0.3639834,-0.03654874,-1.324166,-0.40408984,1
11.299999999999804,20.99999975424421,-2.2515162190680584,-0.25856163064211696,0.09593700172857902,17.858189,-0.8450238,-1.0334382,0.272725,21.96634,8.13429,0.7077056,0.6945621,0.4149539,-0.052683473,-0.5853368,5.8669715,-7.1837997,0.381292,-0.16259016,-1.2787975,-0.37087834,1
11.309999999999803,20.99999975424421,-2.2515162190680584,-0.25856163064211696,0.09593700172857902,17.858189,-0.8450238,-1.0334382,0.272725,22.02451,8.061995,0.7116097,0.6936266,0.41059896,-0.05568251,-0.5892266,5.7669926,-7.2749996,0.39971554,-0.26898056,-1.2405137,-0.33929652,1
11.319999999999803,20.99999975424421,-2.2515162190680584,-0.25856163064211696,0.09593700172857902,17.858189,-0.8450238,-1.0334382,0.272725,22.081678,7.988797,0.715704,0.6929626,0.405982,-0.058331937,-0.592939,5.666696,-7.3642955,0.41933477,-0.3587835,-1.2082075,-0.30926442,1
11.329999999999803,20.999998907686702,-2.8970250640125625,0.22664776785641416,0.095778027655295,16.031073,-1.4145925,-0.69176257,0.2531601,22.137842,7.9147153,0.7200008,0.69253266,0.40114117,-0.06069051,-0.5964887,5.5662484,-7.451732,0.44021493,-0.43458477,-1.180945,-0.28070602,1
11.339999999999803,20.999998907686702,-2.8970250640125625,0.22664776785641416,0.095778027655295,16.031073,-1.4145925,-0.69176257,0.2531601,22.193052,7.8398123,0.7244515,0.69240266,0.39603263,-0.06257577,-0.599849,5.4760866,-7.528595,0.45010674,-0.5873835,-1.104639,-0.25450903,1
11.349999999999802,20.999998907686702,-2.8970250640125625,0.22664776785641416,0.095778027655295,16.031073,-1.4145925,-0.69176257,0.2531601,22.247362,7.764149,0.7290073,0.6926213,0.39062378,-0.06384451,-0.6030013,5.3861465,-7.603916,0.46126175,-0.71635866,-1.0402411,-0.22959755,1
11.359999999999802,20.999998907686702,-2.8970250640125625,0.22664776785641416,0.095778027655295,16.031073,-1.4145925,-0.69176257,0.2531601,22.300776,7.68774,0.7336814,0.6931354,0.38495868,-0.06459524,-0.60596657,5.2966404,-7.6777873,0.47375512,-0.82522434,-0.9858924,-0.20590852,1
11.369999999999802,20.18281581408548,-3.333719931143024,0.5979662735658825,0.0333051711010265,13.998346,-1.7752607,-0.40826055,0.19951339,22.353296,7.610598,0.7384873,0.69389904,0.37907416,-0.06491103,-0.60876215,5.2077503,-7.7502837,0.48764628,-0.91711587,-0.940024,-0.18338192,1
11.379999999999802,20.18281581408548,-3.333719931143024,0.5979662735658825,0.0333051711010265,13.998346,-1.7752607,-0.40826055,0.19951339,22.40499,7.5327835,0.7433675,0.6949307,0.37297034,-0.06469266,-0.61137325,5.130815,-7.8124475,0.48860043,-1.0509226,-0.8570927,-0.16459313,1
11.389999999999802,20.18281581408548,-3.333719931143024,0.5979662735658825,0.0333051711010265,13.998346,-1.7752607,-0.40826055,0.19951339,22.45592,7.454353,0.74826384,0.6962401,0.36664864,-0.06386412,-0.6137896,5.054741,-7.873558,0.49086586,-1.163866,-0.78709894,-0.14672631,1
11.399999999999801,20.18281581408548,-3.333719931143024,0.5979662735658825,0.0333051711010265,13.998346,-1.7752607,-0.40826055,0.19951339,22.50609,7.3753157,0.7531895,0.69777954,0.36013895,-0.06252136,-0.61602974,4.9796987,-7.933701,0.4944835,-1.2591989,-0.7280241,-0.12973621,1
11.409999999999801,18.96599076102849,-3.5099773319867213,0.8358246085467604,-0.037655191835477005,12.326435,-2.1105227,-0.36513767,-0.033566825,22.555517,7.2956824,0.75815827,0.6995077,0.3534663,-0.06074541,-0.61810875,4.905836,-7.992946,0.4994824,-1.3396673,-0.6781645,-0.113579854,1
11.419999999999801,18.96599076102849,-3.5099773319867213,0.8358246085467604,-0.037655191835477005,12.326435,-2.1105227,-0.36513767,-0.033566825,22.604258,7.215495,0.76312166,0.7014197,0.34656996,-0.058499403,-0.62006074,4.8419533,-8.044374,0.49340403,-1.4598765,-0.6293431,-0.109653585,1
11.4299999999998,18.96599076102849,-3.5099773319867213,0.8358246085467604,-0.037655191835477005,12.326435,-2.1105227,-0.36513767,-0.033566825,22.652363,7.134797,0.76803064,0.7035039,0.3394019,-0.055756,-0.62191445,4.77937,-8.095107,0.48859543,-1.5613399,-0.588137,-0.10591997,1
11.4399999999998,18.96599076102849,-3.5099773319867213,0.8358246085467604,-0.037655191835477005,12.326435,-2.1105227,-0.36513767,-0.033566825,22.699848,7.053595,0.772898,0.7057194,0.33199874,-0.052591324,-0.6236737,4.71822,-8.14518,0.48508492,-1.6469809,-0.55335826,-0.102369584,1
11.4499999999998,18.96599076102849,-3.5099773319867213,0.8358246085467604,-0.037655191835477005,12.329834,-2.0205283,-0.1667323,-0.074371435,22.74673,6.971895,0.77773684,0.70803154,0.3243913,-0.049069874,-0.62534106,4.6586237,-8.194621,0.48288864,-1.7192668,-0.5240042,-0.09899343,1
11.4599999999998,18.96599076102849,-3.5099773319867213,0.8358246085467604,-0.037655191835477005,12.329834,-2.0205283,-0.1667323,-0.074371435,22.793026,6.8897038,0.7825604,0.7104006,0.3166814,-0.045210954,-0.6268952,4.6006694,-8.24347,0.48203665,-1.7662444,-0.46828628,-0.09778522,1
11.4699999999998,18.96599076102849,-3.5099773319867213,0.8358246085467604,-0.037655191835477005,12.329834,-2.0205283,-0.1667323,-0.074371435,22.83875,6.8070273,0.787382,0.71279395,0.3089519,-0.041032612,-0.62832123,4.5444603,-8.291753,0.48248324,-1.8058965,-0.42125794,-0.09663629,1
11.4799999999998,18.96599076102849,-3.5099773319867213,0.8358246085467604,-0.037655191835477005,12.329834,-2.0205283,-0.1667323,-0.074371435,22.883923,6.7238708,0.7922144,0.71519464,0.30120146,-0.036583703,-0.62962973,4.490072,-8.339508,0.48420012,-1.8393655,-0.38156405,-0.09554375,1
11.4899999999998,18.803627537003617,-3.3914272352706583,0.8732823883746962,-0.08513961550951564,12.498827,-2.0411153,-0.14432143,-0.019783651,22.92856,6.6402392,0.79707026,0.7175886,0.29342908,-0.03190567,-0.6308294,4.4375715,-8.386766,0.48715624,-1.8676153,-0.34806043,-0.09450482,1
11.4999999999998,18.803627537003617,-3.3914272352706583,0.8732823883746962,-0.08513961550951564,12.498827,-2.0411153,-0.14432143,-0.019783651,22.97268,6.556134,0.80196875,0.7199708,0.28563347,-0.027024023,-0.63192004,4.3863263,-8.434194,0.49271983,-1.8946698,-0.31629008,-0.09083822,1
11.509999999999799,18.803627537003617,-3.3914272352706583,0.8732823883746962,-0.08513961550951564,12.498827,-2.0411153,-0.14432143,-0.019783651,23.016296,6.471557,0.8069288,0.7223373,0.27781376,-0.021961149,-0.6329011,4.337113,-8.481162,0.49947006,-1.9175059,-0.28947467,-0.08735157,1
11.519999999999799,18.803627537003617,-3.3914272352706583,0.8732823883746962,-0.08513961550951564,12.498827,-2.0411153,-0.14432143,-0.019783651,23.059431,6.386513,0.81196207,0.72467846,0.2699697,-0.016745366,-0.63377815,4.2899837,-8.527687,0.5073693,-1.9367807,-0.2668413,-0.084036,1
11.529999999999799,19.75361933932304,-3.1251074216479537,1.0776408554789565,-0.20932143274213538,13.366674,-1.9988074,0.0015365649,-0.10555402,23.102104,6.3010054,0.81707996,0.7269862,0.26210123,-0.011400724,-0.63455623,4.2449846,-8.573778,0.51637805,-1.9530501,-0.24773759,-0.08088312,1
11.539999999999798,19.75361933932304,-3.1251074216479537,1.0776408554789565,-0.20932143274213538,13.366674,-1.9988074,0.0015365649,-0.10555402,23.144321,6.215023,0.8223308,0.7292434,0.25425807,-0.005913156,-0.635232,4.199184,-8.622615,0.53396505,-1.9601839,-0.20886146,-0.08209373,1
11.549999999999798,19.75361933932304,-3.1251074216479537,1.0776408554789565,-0.20932143274213538,13.366674,-1.9988074,0.0015365649,-0.10555402,23.186094,6.1285543,0.82776296,0.7314353,0.24647982,-0.00027227576,-0.6358048,4.155744,-8.671022,0.5526385,-1.9662056,-0.17604816,-0.08324493,1
11.559999999999798,19.75361933932304,-3.1251074216479537,1.0776408554789565,-0.20932143274213538,13.366674,-1.9988074,0.0015365649,-0.10555402,23.227444,6.0416036,0.8333871,0.7335592,0.23875324,0.0054980135,-0.6362825,4.114699,-8.719023,0.57234126,-1.9712886,-0.14835225,-0.08433963,1
11.569999999999798,19.99365618765118,-2.5433492317531563,1.0283410680812464,-0.35404083448702545,13.567358,-1.6911107,0.024678366,-0.30468762,23.268396,5.954175,0.83921313,0.73561275,0.2310672,0.011377359,-0.6366713,4.0760794,-8.766636,0.5930174,-1.9755789,-0.12497564,-0.08538062,1
11.579999999999798,19.99365618765118,-2.5433492317531563,1.0283410680812464,-0.35404083448702545,13.567358,-1.6911107,0.024678366,-0.30468762,23.30897,5.8662686,0.8452596,0.73755085,0.22350878,0.01728248,-0.6369944,4.0393624,-8.814584,0.6164064,-1.9312155,-0.10162617,-0.09614208,1
11.589999999999797,19.99365618765118,-2.5433492317531563,1.0283410680812464,-0.35404083448702545,13.567358,-1.6911107,0.024678366,-0.30468762,23.34919,5.7778845,0.85154426,0.7393389,0.21614736,0.02314694,-0.63727593,4.0051064,-8.862168,0.640654,-1.8937707,-0.08191859,-0.10637549,1
11.599999999999797,19.99365618765118,-2.5433492317531563,1.0283410680812464,-0.35404083448702545,13.567358,-1.6911107,0.024678366,-0.30468762,23.38908,5.689027,0.8580754,0.7409891,0.20895043,0.02897736,-0.6375212,3.9732802,-8.909406,0.6656903,-1.8621653,-0.065285094,-0.11610673,1
11.609999999999797,19.80218630901862,-1.7011286129861622,0.8535820896336642,-0.620346859652404,13.543331,-1.2184819,-0.12621246,-0.5315966,23.428663,5.599698,0.86486053,0.7425118,0.20189036,0.034779187,-0.63773423,3.9438581,-8.956306,0.691451,-1.8354887,-0.051246352,-0.12536046,1
11.619999999999797,19.80218630901862,-1.7011286129861622,0.8535820896336642,-0.620346859652404,13.543331,-1.2184819,-0.12621246,-0.5315966,23.467966,5.509903,0.8719056,0.7438633,0.19504513,0.040397026,-0.63795847,3.9168558,-9.002795,0.71765465,-1.7392687,-0.06292266,-0.14529458,1
11.629999999999797,19.80218630901862,-1.7011286129861622,0.8535820896336642,-0.620346859652404,13.543331,-1.2184819,-0.12621246,-0.5315966,23.507008,5.419644,0.8792158,0.7450116,0.188476,0.045708444,-0.6382345,3.8921263,-9.048947,0.74445546,-1.6580542,-0.07277991,-0.16425052,1
11.639999999999796,19.80218630901862,-1.7011286129861622,0.8535820896336642,-0.620346859652404,13.543331,-1.2184819,-0.12621246,-0.5315966,23.545815,5.3289247,0.8867966,0.74598056,0.18213888,0.050761912,-0.6385606,3.869566,-9.094752,0.7717938,-1.589505,-0.08110131,-0.1822763,1
11.649999999999796,19.80218630901862,-1.7011286129861622,0.8535820896336642,-0.620346859652404,13.135471,-0.71901697,-0.38257918,-0.65753067,23.584406,5.2377496,0.8946533,0.74679,0.17599638,0.055598237,-0.63893414,3.8490877,-9.140201,0.79961795,-1.5316461,-0.08812609,-0.19941755,1
11.659999999999796,19.80218630901862,-1.7011286129861622,0.8535820896336642,-0.620346859652404,13.135471,-0.71901697,-0.38257918,-0.65753067,23.622805,5.1461287,0.9027715,0.747418,0.17009978,0.06005016,-0.6393938,3.8311615,-9.183924,0.82407665,-1.4049251,-0.13404173,-0.22189729,1
11.669999999999796,19.80218630901862,-1.7011286129861622,0.8535820896336642,-0.620346859652404,13.135471,-0.71901697,-0.38257918,-0.65753067,23.661034,5.0540724,0.91113615,0.747851,0.16448848,0.06398713,-0.63997346,3.8150277,-9.22726,0.84892213,-1.2979659,-0.17279829,-0.24327394,1
11.679999999999795,19.80218630901862,-1.7011286129861622,0.8535820896336642,-0.620346859652404,13.135471,-0.71901697,-0.38257918,-0.65753067,23.69911,4.961585,0.9197511,0.7481144,0.15911701,0.067490235,-0.64066344,3.8005412,-9.27017,0.8741212,-1.2076869,-0.20551182,-0.2636016,1
11.689999999999795,18.38537619467484,-0.7935520168854321,0.5536316521231066,-0.9395582533895359,11.9776745,-0.047872975,-0.74390566,-0.8689067,23.73705,4.868671,0.9286197,0.74822885,0.15394688,0.07062785,-0.6414543,3.787579,-9.312628,0.8996464,-1.1314868,-0.2331241,-0.28293183,1
11.699999999999795,18.38537619467484,-0.7935520168854321,0.5536316521231066,-0.9395582533895359,11.9776745,-0.047872975,-0.74390566,-0.8689067,23.774872,4.7753525,0.93769044,0.74816453,0.14905179,0.07318109,-0.6423986,3.7770395,-9.350902,0.91455203,-0.9625181,-0.31279314,-0.3116858,1
11.709999999999795,18.38537619467484,-0.7935520168854321,0.5536316521231066,-0.9395582533895359,11.9776745,-0.047872975,-0.74390566,-0.8689067,23.812595,4.681654,0.9469116,0.74789983,0.14448829,0.07497973,-0.64354104,3.7675996,-9.388682,0.9297209,-0.81990016,-0.38003907,-0.3390288,1
11.719999999999795,18.38537619467484,-0.7935520168854321,0.5536316521231066,-0.9395582533895359,11.9776745,-0.047872975,-0.74390566,-0.8689067,23.850227,4.5875807,0.9562857,0.74746007,0.140203,0.07614239,-0.644862,3.759076,-9.425914,0.94514394,-0.6995228,-0.4367984,-0.36503005,1
11.729999999999794,16.654454586722633,-0.08276220299330365,0.524117502938564,-1.275423475546642,10.502016,1.0441455,-0.8649188,-1.2842715,23.88778,4.4931383,0.96581537,0.7468654,0.13615072,0.076769084,-0.64634335,3.751316,-9.46255,0.96081525,-0.59791744,-0.48470595,-0.3897554,1
11.739999999999794,16.654454586722633,-0.08276220299330365,0.524117502938564,-1.275423475546642,10.502016,1.0441455,-0.8649188,-1.2842715,23.925262,4.3983545,0.97543275,0.74604404,0.13258429,0.07663218,-0.6480473,3.7450473,-9.494118,0.9626823,-0.3418692,-0.5440547,-0.43364954,1
11.749999999999794,16.654454586722633,-0.08276220299330365,0.524117502938564,-1.275423475546642,10.502016,1.0441455,-0.8649188,-1.2842715,23.962685,4.303258,0.9850697,0.74493706,0.1297012,0.075555615,-0.65002745,3.7390838,-9.525103,0.96475005,-0.12575123,-0.59415054,-0.4753898,1
11.759999999999794,16.654454586722633,-0.08276220299330365,0.524117502938564,-1.275423475546642,10.502016,1.0441455,-0.8649188,-1.2842715,24.000046,4.2078547,0.9947283,0.743575,0.12739158,0.07368652,-0.6522544,3.733191,-9.555482,0.9670072,0.05666389,-0.6364345,-0.5150819,1
11.769999999999794,15.268332772800903,0.5460519604422386,0.49518003414155704,-1.6943495834122706,9.3892765,2.0293956,-0.9650128,-1.7174734,24.037346,4.1121507,1.0044105,0.74198145,0.12556264,0.071148954,-0.65470093,3.7271717,-9.585236,0.96944433,0.21063262,-0.67212296,-0.5528262,1
11.779999999999793,15.268332772800903,0.5460519604422386,0.49518003414155704,-1.6943495834122706,9.3892765,2.0293956,-0.9650128,-1.7174734,24.07459,4.0161676,1.0140646,0.7400931,0.12439824,0.06776603,-0.6574139,3.721513,-9.6112585,0.9613809,0.4942246,-0.71791893,-0.60997576,1
11.789999999999793,15.268332772800903,0.5460519604422386,0.49518003414155704,-1.6943495834122706,9.3892765,2.0293956,-0.9650128,-1.7174734,24.111776,3.9199274,1.0236386,0.73785245,0.12403842,0.06340246,-0.660429,3.7153442,-9.636688,0.9534534,0.7335916,-0.7565737,-0.664321,1
11.799999999999793,15.268332772800903,0.5460519604422386,0.49518003414155704,-1.6943495834122706,9.3892765,2.0293956,-0.9650128,-1.7174734,24.148897,3.823436,1.0331341,0.73528266,0.12435202,0.05821104,-0.66370595,3.708437,-9.661505,0.9456427,0.9356309,-0.7891981,-0.7159995,1
11.809999999999793,14.50569617893211,0.8405992535784036,0.5430218027298507,-1.9827074086958547,8.646484,2.4428058,-0.9686656,-2.0068893,24.185944,3.7266998,1.0425519,0.73240185,0.1252285,0.052320972,-0.66720766,3.7006006,-9.685689,0.93792766,1.106164,-0.8167309,-0.7651421,1
11.819999999999792,14.50569617893211,0.8405992535784036,0.5430218027298507,-1.9827074086958547,8.646484,2.4428058,-0.9686656,-2.0068893,24.22291,3.6297338,1.0518578,0.7291795,0.12669261,0.045738854,-0.67093396,3.6923695,-9.707375,0.923195,1.313884,-0.83989626,-0.82601094,1
11.829999999999792,14.50569617893211,0.8405992535784036,0.5430218027298507,-1.9827074086958547,8.646484,2.4428058,-0.9686656,-2.0068893,24.259787,3.5325541,1.061016,0.7255846,0.12875876,0.03846767,-0.67488253,3.6829731,-9.728419,0.9084306,1.4898955,-0.86012834,-0.883957,1
11.839999999999792,14.50569617893211,0.8405992535784036,0.5430218027298507,-1.9827074086958547,8.646484,2.4428058,-0.9686656,-2.0068893,24.296564,3.4351676,1.0700264,0.72163063,0.13132672,0.030615464,-0.67901635,3.6722572,-9.748818,0.89366734,1.6384602,-0.87719864,-0.9390596,1
11.849999999999792,14.50569617893211,0.8405992535784036,0.5430218027298507,-1.9827074086958547,8.435307,2.5514607,-0.7892689,-2.1444428,24.333227,3.3375802,1.0788891,0.7173288,0.13431214,0.022274649,-0.6833019,3.6600993,-9.768546,0.8788679,1.7638582,-0.89159954,-0.99145836,1
11.859999999999792,14.50569617893211,0.8405992535784036,0.5430218027298507,-1.9827074086958547,8.435307,2.5514607,-0.7892689,-2.1444428,24.369762,3.2398016,1.0875933,0.71266985,0.13772394,0.013547739,-0.68771243,3.6467328,-9.787109,0.86195874,1.8866622,-0.87578964,-1.0480357,1
11.869999999999791,14.50569617893211,0.8405992535784036,0.5430218027298507,-1.9827074086958547,8.435307,2.5514607,-0.7892689,-2.1444428,24.406157,3.1418407,1.0961279,0.7076458,0.14156595,0.0045204544,-0.6922241,3.6317723,-9.804977,0.84492713,1.9903159,-0.8624372,-1.1018368,1
11.879999999999791,14.50569617893211,0.8405992535784036,0.5430218027298507,-1.9827074086958547,8.435307,2.5514607,-0.7892689,-2.1444428,24.442392,3.0437047,1.1044914,0.70226777,0.1457658,-0.00475684,-0.6968126,3.615144,-9.822138,0.8277232,2.077806,-0.8511585,-1.1529977,1
11.889999999999791,14.243431795124456,0.8159471727691082,0.547696800500904,-2.188779412275944,8.5366955,2.6839724,-0.62975466,-2.2801611,24.478455,2.9454007,1.1126816,0.6965458,0.15026242,-0.014240916,-0.70145607,3.5967896,-9.838574,0.8102962,2.1516528,-0.8416303,-1.2016484,1
11.89999999999979,14.243431795124456,0.8159471727691082,0.547696800500904,-2.188779412275944,8.5366955,2.6839724,-0.62975466,-2.2801611,24.514322,2.846935,1.1207011,0.69047,0.15508628,-0.023885055,-0.7061354,3.57642,-9.854454,0.79356045,2.2346654,-0.80873024,-1.2545713,1
11.90999999999979,14.243431795124456,0.8159471727691082,0.547696800500904,-2.188779412275944,8.5366955,2.6839724,-0.62975466,-2.2801611,24.549976,2.7483144,1.1285516,0.6840318,0.16025884,-0.03364989,-0.71083295,3.55421,-9.86957,0.77648777,2.3047314,-0.7809518,-1.3048973,1
11.91999999999979,14.243431795124456,0.8159471727691082,0.547696800500904,-2.188779412275944,8.5366955,2.6839724,-0.62975466,-2.2801611,24.5854,2.6495464,1.1362295,0.6772415,0.16572043,-0.043510593,-0.71553177,3.530121,-9.883909,0.7590183,2.3638701,-0.75749654,-1.3527538,1
11.92999999999979,14.479812341240134,0.3359600901468938,0.7246630543330702,-2.3836947240880835,9.258249,2.7273338,-0.4423935,-2.464953,24.620571,2.5506392,1.1437304,0.6701086,0.17142053,-0.05344543,-0.7202161,3.5041273,-9.897455,0.741093,2.4137855,-0.7376908,-1.3982619,1
11.93999999999979,14.479812341240134,0.3359600901468938,0.7246630543330702,-2.3836947240880835,9.258249,2.7273338,-0.4423935,-2.464953,24.65546,2.4515948,1.1510834,0.66262674,0.17738327,-0.06339391,-0.72487265,3.4738507,-9.911264,0.72938573,2.4627013,-0.6917677,-1.4506048,1
11.94999999999979,14.479812341240134,0.3359600901468938,0.7246630543330702,-2.3836947240880835,9.258249,2.7273338,-0.4423935,-2.464953,24.690039,2.3524168,1.1583161,0.6547901,0.18362607,-0.073306456,-0.72949004,3.4414752,-9.924185,0.7170526,2.503986,-0.65299803,-1.5003792,1
11.95999999999979,14.479812341240134,0.3359600901468938,0.7246630543330702,-2.3836947240880835,9.258249,2.7273338,-0.4423935,-2.464953,24.724281,2.2531142,1.1654221,0.64660823,0.19010001,-0.08317971,-0.7340567,3.4069936,-9.936208,0.7040263,2.5388296,-0.6202667,-1.5477111,1
11.96999999999979,14.930790088823096,-0.10109795226290044,0.7285911463835406,-2.4447945760480625,10.108671,2.5199442,-0.22566043,-2.4999337,24.758171,2.1536958,1.172394,0.63808984,0.19676349,-0.09301014,-0.73856145,3.3704076,-9.947317,0.69024175,2.5682368,-0.5926325,-1.5927204,1
11.979999999999789,14.930790088823096,-0.10109795226290044,0.7285911463835406,-2.4447945760480625,10.108671,2.5199442,-0.22566043,-2.4999337,24.791664,2.0541663,1.1792625,0.6292654,0.20359306,-0.1026768,-0.7429877,3.3281755,-9.958429,0.68330604,2.560749,-0.5354701,-1.6372375,1
11.989999999999789,14.930790088823096,-0.10109795226290044,0.7285911463835406,-2.4447945760480625,10.108671,2.5199442,-0.22566043,-2.4999337,24.824724,1.9545307,1.1860569,0.62016386,0.21057004,-0.1120837,-0.74732363,3.2836938,-9.968528,0.6754133,2.5544233,-0.4872191,-1.6795702,1
11.999999999999789,14.930790088823096,-0.10109795226290044,0.7285911463835406,-2.4447945760480625,10.108671,2.5199442,-0.22566043,-2.4999337,24.857328,1.8547992,1.1927673,0.6107904,0.21766746,-0.121260844,-0.7515651,3.2370048,-9.977615,0.66650724,2.549079,-0.44649044,-1.7198256,1
12.009999999999788,15.740787268901762,-0.5488908387813555,0.5787742497515247,-2.4669219755418523,11.010878,2.3317122,-0.071248755,-2.455091,24.889456,1.7549818,1.1993834,0.60115,0.22486188,-0.13023303,-0.7557073,3.1881526,-9.985685,0.6565339,2.5445635,-0.4121106,-1.7581058,1
12.019999999999788,15.740787268901762,-0.5488908387813555,0.5787742497515247,-2.4669219755418523,11.010878,2.3317122,-0.071248755,-2.455091,24.921062,1.6550857,1.2059331,0.59127736,0.23213412,-0.13892813,-0.7597382,3.132635,-9.993362,0.65320843,2.5114224,-0.3589715,-1.7923071,1
12.029999999999788,15.740787268901762,-0.5488908387813555,0.5787742497515247,-2.4669219755418523,11.010878,2.3317122,-0.071248755,-2.455091,24.952103,1.5551183,1.2124434,0.58120465,0.23946898,-0.14729062,-0.7636488,3.074879,-9.999931,0.64861995,2.4834423,-0.3141214,-1.82483,1
12.039999999999788,15.740787268901762,-0.5488908387813555,0.5787742497515247,-2.4669219755418523,11.010878,2.3317122,-0.071248755,-2.455091,24.982555,1.4550909,1.218901,0.57093257,0.24685241,-0.15536156,-0.76743793,3.0149522,-10.005398,0.6427275,2.4598196,-0.27626702,-1.8557572,1
12.049999999999788,15.740787268901762,-0.5488908387813555,0.5787742497515247,-2.4669219755418523,11.540312,2.1030536,-0.04495071,-2.3720036,25.012398,1.3550142,1.2252932,0.5604618,0.25427172,-0.16317527,-0.7711034,2.9529204,-10.009764,0.63549197,2.4398751,-0.24431735,-1.8851666,1
12.059999999999787,15.740787268901762,-0.5488908387813555,0.5787742497515247,-2.4669219755418523,11.540312,2.1030536,-0.04495071,-2.3720036,25.041595,1.2548987,1.2316277,0.5498274,0.26167122,-0.17068654,-0.7746498,2.8857694,-10.013178,0.6311807,2.387383,-0.2131991,-1.9090558,1
12.069999999999787,15.740787268901762,-0.5488908387813555,0.5787742497515247,-2.4669219755418523,11.540312,2.1030536,-0.04495071,-2.3720036,25.070108,1.1547546,1.2379117,0.5390611,0.26900715,-0.1778615,-0.7780821,2.816569,-10.015432,0.62540364,2.343072,-0.18694052,-1.931773,1
12.079999999999787,15.740787268901762,-0.5488908387813555,0.5787742497515247,-2.4669219755418523,11.540312,2.1030536,-0.04495071,-2.3720036,25.09792,1.0545939,1.2441306,0.52816015,0.27628452,-0.18474177,-0.7813977,2.7454073,-10.016523,0.61814487,2.305667,-0.1647828,-1.9533752,1
12.089999999999787,16.598956993816866,-1.0204673941212337,0.2196889993226849,-2.357466335799482,12.418703,1.6593002,-0.033727035,-2.219911,25.125011,0.9544281,1.2502694,0.51712215,0.28350678,-0.19136235,-0.78459364,2.672366,-10.016445,0.60938835,2.2740912,-0.1460854,-1.9739175,1
12.099999999999786,16.598956993816866,-1.0204673941212337,0.2196889993226849,-2.357466335799482,12.418703,1.6593002,-0.033727035,-2.219911,25.151333,0.8542693,1.2563467,0.5060128,0.29058537,-0.19761635,-0.787691,2.5918312,-10.015093,0.6058089,2.1782367,-0.12845714,-1.9859885,1
12.109999999999786,16.598956993816866,-1.0204673941212337,0.2196889993226849,-2.357466335799482,12.418703,1.6593002,-0.033727035,-2.219911,25.176842,0.7541305,1.2623801,0.49489096,0.2974529,-0.20342192,-0.79071003,2.5094843,-10.012484,0.6006283,2.0973272,-0.11359508,-1.9974672,1
12.119999999999786,16.598956993816866,-1.0204673941212337,0.2196889993226849,-2.357466335799482,12.418703,1.6593002,-0.033727035,-2.219911,25.201519,0.65402395,1.2683539,0.48374534,0.304139,-0.20884003,-0.793646,2.425446,-10.008633,0.59387714,2.0290325,-0.10106522,-2.0083828,1
12.129999999999786,17.077628571244276,-1.7766761822224861,0.13545453509972688,-2.103619603221035,13.443661,1.0421762,-0.07096206,-2.009016,25.225346,0.5539621,1.2742524,0.47256622,0.31066778,-0.21392214,-0.79649365,2.3398232,-10.003547,0.5855811,1.9713861,-0.09050198,-2.0187626,1
12.139999999999786,17.077628571244276,-1.7766761822224861,0.13545453509972688,-2.103619603221035,13.443661,1.0421762,-0.07096206,-2.009016,25.248274,0.45395976,1.2800968,0.461441,0.31692627,-0.21853016,-0.79929507,2.245531,-9.996715,0.58305806,1.8264804,-0.08726378,-2.0182843,1
12.149999999999785,17.077628571244276,-1.7766761822224861,0.13545453509972688,-2.103619603221035,13.443661,1.0421762,-0.07096206,-2.009016,25.270252,0.35403225,1.2859081,0.4504463,0.32282948,-0.22255881,-0.8020879,2.149789,-9.988597,0.57898116,1.7041723,-0.084560186,-2.0178294,1
12.159999999999785,17.077628571244276,-1.7766761822224861,0.13545453509972688,-2.103619603221035,13.443661,1.0421762,-0.07096206,-2.009016,25.291265,0.2541921,1.2916714,0.4395589,0.3284321,-0.2260925,-0.8048607,2.0527463,-9.97924,0.5734441,1.6009372,-0.08230355,-2.017397,1
12.169999999999785,18.004137535638534,-2.221864249130889,-0.1723397453983047,-1.8359954052902745,14.365288,0.6492764,-0.14370142,-1.7823333,25.311302,0.15445158,1.2973722,0.42875832,0.33377916,-0.22920264,-0.8076027,1.9545282,-9.968684,0.5665286,1.5138012,-0.08042009,-2.016986,1
12.179999999999785,18.004137535638534,-2.221864249130889,-0.1723397453983047,-1.8359954052902745,14.365288,0.6492764,-0.14370142,-1.7823333,25.330318,0.0548264,1.3030283,0.41809598,0.33881122,-0.23184437,-0.810339,1.8484426,-9.956159,0.56447405,1.3789669,-0.09010144,-2.0054712,1
12.189999999999785,18.004137535638534,-2.221864249130889,-0.1723397453983047,-1.8359954052902745,14.365288,0.6492764,-0.14370142,-1.7823333,25.348267,-0.044667512,1.3086573,0.40761667,0.3434843,-0.23398682,-0.8130902,1.7413608,-9.942442,0.5611432,1.265162,-0.098302655,-1.9945219,1
12.199999999999784,18.004137535638534,-2.221864249130889,-0.1723397453983047,-1.8359954052902745,14.365288,0.6492764,-0.14370142,-1.7823333,25.36514,-0.14401853,1.3142471,0.39729464,0.34785262,-0.23570472,-0.8158414,1.6334113,-9.9275875,0.55664957,1.1691065,-0.10524992,-1.9841096,1
12.209999999999784,18.483704404107225,-2.7118539680533105,-0.46059430310917276,-1.4798189198867167,14.845669,0.44910327,-0.2301483,-1.6502874,25.380932,-0.24321552,1.3197865,0.38710728,0.35196093,-0.23706122,-0.81857914,1.5247017,-9.911643,0.55109096,1.0880322,-0.11113468,-1.9742085,1
12.219999999999784,18.483704404107225,-2.7118539680533105,-0.46059430310917276,-1.4798189198867167,14.845669,0.44910327,-0.2301483,-1.6502874,25.395615,-0.34224495,1.3252808,0.37706858,0.35578352,-0.23806319,-0.821317,1.411669,-9.894079,0.54761803,0.9883692,-0.12955633,-1.9583135,1
12.229999999999784,18.483704404107225,-2.7118539680533105,-0.46059430310917276,-1.4798189198867167,14.845669,0.44910327,-0.2301483,-1.6502874,25.409164,-0.4410935,1.3307358,0.3671908,0.35930204,-0.23871948,-0.8240657,1.298051,-9.875474,0.54324096,0.9042523,-0.14512749,-1.9431986,1
12.239999999999783,18.483704404107225,-2.7118539680533105,-0.46059430310917276,-1.4798189198867167,14.845669,0.44910327,-0.2301483,-1.6502874,25.421576,-0.539751,1.3361429,0.35745323,0.36256027,-0.23908223,-0.8268103,1.183941,-9.855867,0.5380588,0.83325684,-0.15828882,-1.9288253,1
12.249999999999783,18.483704404107225,-2.7118539680533105,-0.46059430310917276,-1.4798189198867167,14.671511,0.19042842,-0.47289523,-1.471832,25.432842,-0.63820755,1.3414944,0.34783775,0.36559457,-0.23919554,-0.829538,1.0694174,-9.835299,0.5321569,0.77333593,-0.16941315,-1.9151573,1
12.259999999999783,18.483704404107225,-2.7118539680533105,-0.46059430310917276,-1.4798189198867167,14.671511,0.19042842,-0.47289523,-1.471832,25.44297,-0.73645496,1.3467785,0.3383619,0.36831382,-0.23905228,-0.83229107,0.9559003,-9.81405,0.52454203,0.682376,-0.21661791,-1.8934033,1
12.269999999999783,18.483704404107225,-2.7118539680533105,-0.46059430310917276,-1.4798189198867167,14.671511,0.19042842,-0.47289523,-1.471832,25.45196,-0.8344855,1.3519838,0.3290418,0.37064752,-0.23864894,-0.8351029,0.8421409,-9.791905,0.5164065,0.60561144,-0.2564816,-1.8727167,1
12.279999999999783,18.483704404107225,-2.7118539680533105,-0.46059430310917276,-1.4798189198867167,14.671511,0.19042842,-0.47289523,-1.471832,25.459812,-0.9322901,1.3571054,0.31986058,0.37265122,-0.23802502,-0.8379514,0.7282303,-9.768888,0.50786,0.54082644,-0.2901452,-1.8530451,1
12.289999999999782,18.378335265006434,-3.2354531752320956,-0.8382944163642547,-1.0720386652748877,14.575466,-0.18547912,-0.63495195,-1.1526605,25.466524,-1.0298603,1.3621399,0.31080338,0.3743714,-0.23721409,-0.8408181,0.6142457,-9.745025,0.49899703,0.48615155,-0.31857312,-1.8343389,1
12.299999999999782,18.378335265006434,-3.2354531752320956,-0.8382944163642547,-1.0720386652748877,14.575466,-0.18547912,-0.63495195,-1.1526605,25.4721,-1.1271884,1.3670816,0.30193162,0.3757371,-0.23615271,-0.84373516,0.5010046,-9.720501,0.48932418,0.38136017,-0.36777854,-1.8008888,1
12.309999999999782,18.378335265006434,-3.2354531752320956,-0.8382944163642547,-1.0720386652748877,14.575466,-0.18547912,-0.63495195,-1.1526605,25.476543,-1.2242675,1.3719261,0.29329845,0.37669453,-0.23479356,-0.8467275,0.3878526,-9.695209,0.47954905,0.29292157,-0.40933424,-1.76908,1
12.319999999999782,18.378335265006434,-3.2354531752320956,-0.8382944163642547,-1.0720386652748877,14.575466,-0.18547912,-0.63495195,-1.1526605,25.479858,-1.3210901,1.3766727,0.28488013,0.37730235,-0.2331847,-0.8497702,0.2748776,-9.669202,0.4697929,0.21828371,-0.44442886,-1.7388321,1
12.329999999999782,19.942560577245047,-3.129681806311973,-0.833428774555186,-0.8680869966232952,16.459286,-0.10227747,-0.28827354,-0.9886802,25.482044,-1.4176494,1.3813224,0.27665567,0.37760985,-0.23136675,-0.85284233,0.16215344,-9.642529,0.4601586,0.15529236,-0.4740666,-1.7100685,1
12.339999999999781,19.942560577245047,-3.129681806311973,-0.833428774555186,-0.8680869966232952,16.459286,-0.10227747,-0.28827354,-0.9886802,25.48303,-1.5139211,1.3859339,0.26864353,0.37778145,-0.22937237,-0.8558611,0.035207156,-9.611713,0.4621873,0.11516714,-0.4450449,-1.6746696,1
12.349999999999781,19.942560577245047,-3.129681806311973,-0.833428774555186,-0.8680869966232952,16.459286,-0.10227747,-0.28827354,-0.9886802,25.482748,-1.6098815,1.3905671,0.26085916,0.37794957,-0.22723207,-0.8587609,-0.09137587,-9.58028,0.46448368,0.081292674,-0.4205577,-1.641008,1
12.359999999999781,19.942560577245047,-3.129681806311973,-0.833428774555186,-0.8680869966232952,16.459286,-0.10227747,-0.28827354,-0.9886802,25.481203,-1.7055249,1.3952246,0.25328147,0.3781092,-0.22497423,-0.8615489,-0.2175956,-9.548306,0.46706635,0.05269537,-0.39989638,-1.6089982,1
12.36999999999978,20.63014362299387,-3.0995023539702853,-0.9115610700926131,-0.6168175069127858,17.076292,-0.32356843,-0.11957489,-0.6258704,25.478397,-1.8008461,1.3999094,0.24589196,0.3782562,-0.22262251,-0.8642318,-0.34345275,-9.515859,0.4699507,0.028553415,-0.38246304,-1.578559,1
12.37999999999978,20.63014362299387,-3.0995023539702853,-0.9115610700926131,-0.6168175069127858,17.076292,-0.32356843,-0.11957489,-0.6258704,25.47431,-1.8958346,1.4046438,0.23876171,0.37841427,-0.22012058,-0.866799,-0.47365436,-9.48177,0.47694764,-0.026307095,-0.34141013,-1.5318103,1
12.38999999999978,20.63014362299387,-3.0995023539702853,-0.9115610700926131,-0.6168175069127858,17.076292,-0.32356843,-0.11957489,-0.6258704,25.468924,-1.9904804,1.4094497,0.2319514,0.37860215,-0.21742749,-0.86924237,-0.60349363,-9.447362,0.48428857,-0.07262131,-0.30677077,-1.4873555,1
12.39999999999978,20.63014362299387,-3.0995023539702853,-0.9115610700926131,-0.6168175069127858,17.076292,-0.32356843,-0.11957489,-0.6258704,25.46224,-2.084781,1.4143307,0.2254314,0.37880996,-0.21458173,-0.87157124,-0.7329842,-9.412742,0.49198824,-0.111720555,-0.27754274,-1.4450822,1
12.40999999999978,20.99999316199545,-2.9810924363245745,-0.9746218973784664,-0.3499953705876772,17.669638,-0.39233515,-0.13473724,-0.33463895,25.454264,-2.1787345,1.4192907,0.21917577,0.3790295,-0.21161528,-0.8737938,-0.86213934,-9.378001,0.5000576,-0.14472821,-0.25288045,-1.4048833,1
12.41999999999978,20.99999316199545,-2.9810924363245745,-0.9746218973784664,-0.3499953705876772,17.669638,-0.39233515,-0.13473724,-0.33463895,25.444975,-2.2723346,1.4243517,0.21320237,0.37923506,-0.20854561,-0.8759179,-0.99544734,-9.34201,0.512208,-0.18331751,-0.23442689,-1.3523662,1
12.42999999999978,20.99999316199545,-2.9810924363245745,-0.9746218973784664,-0.3499953705876772,17.669638,-0.39233515,-0.13473724,-0.33463895,25.434355,-2.3655748,1.4295362,0.20752807,0.3794054,-0.20538948,-0.87795025,-1.1284275,-9.306053,0.52476513,-0.21589307,-0.21885848,-1.3024262,1
12.43999999999978,20.99999316199545,-2.9810924363245745,-0.9746218973784664,-0.3499953705876772,17.669638,-0.39233515,-0.13473724,-0.33463895,25.422407,-2.458456,1.4348484,0.20212983,0.37954047,-0.20217012,-0.8798964,-1.2610853,-9.270203,0.53774285,-0.24339163,-0.20572399,-1.2549366,1
12.449999999999779,20.99999316199545,-2.9810924363245745,-0.9746218973784664,-0.3499953705876772,17.979055,-0.3564771,-0.15098868,-0.24517535,25.409134,-2.5509796,1.4402926,0.19698709,0.3796404,-0.19890666,-0.8817615,-1.3934264,-9.23452,0.55115134,-0.26660454,-0.19464263,-1.2097772,1
12.459999999999779,20.99999316199545,-2.9810924363245745,-0.9746218973784664,-0.3499953705876772,17.979055,-0.3564771,-0.15098868,-0.24517535,25.394531,-2.6431444,1.4458828,0.19208449,0.37970036,-0.19563292,-0.8835479,-1.527768,-9.198435,0.566958,-0.28060895,-0.18783247,-1.1624439,1
12.469999999999779,20.99999316199545,-2.9810924363245745,-0.9746218973784664,-0.3499953705876772,17.979055,-0.3564771,-0.15098868,-0.24517535,25.378586,-2.734949,1.4516333,0.18740937,0.37971652,-0.1923767,-0.8852583,-1.6617973,-9.162609,0.5832135,-0.2924309,-0.18208623,-1.1174332,1
12.479999999999778,20.99999316199545,-2.9810924363245745,-0.9746218973784664,-0.3499953705876772,17.979055,-0.3564771,-0.15098868,-0.24517535,25.361298,-2.8263974,1.4575486,0.18294787,0.37969065,-0.18914416,-0.88689774,-1.7955185,-9.127072,0.59991926,-0.30241042,-0.17723778,-1.0746311,1
12.489999999999778,20.999997108053716,-2.75560778343478,-1.0703945332067681,-0.09023729921210445,17.928152,-0.11504479,-0.16546808,-0.08813908,25.342676,-2.9174917,1.4636333,0.17868729,0.37962455,-0.18594003,-0.8884708,-1.9289355,-9.091852,0.61707544,-0.31083462,-0.17314649,-1.0339293,1
12.499999999999778,20.999997108053716,-2.75560778343478,-1.0703945332067681,-0.09023729921210445,17.928152,-0.11504479,-0.16546808,-0.08813908,25.322721,-3.0082362,1.4698901,0.17459543,0.37952834,-0.18286222,-0.889963,-2.0616758,-9.057063,0.6343506,-0.28029543,-0.17197798,-0.98751915,1
12.509999999999778,20.999997108053716,-2.75560778343478,-1.0703945332067681,-0.09023729921210445,17.928152,-0.11504479,-0.16546808,-0.08813908,25.301443,-3.0986342,1.4763218,0.17064792,0.3794098,-0.17998941,-0.89136374,-2.1941273,-9.022579,0.6520484,-0.25451902,-0.17098682,-0.94338626,1
12.519999999999778,20.999997108053716,-2.75560778343478,-1.0703945332067681,-0.09023729921210445,17.928152,-0.11504479,-0.16546808,-0.08813908,25.278841,-3.188689,1.4829324,0.16684386,0.37926748,-0.17729871,-0.8926828,-2.326301,-8.988364,0.6701434,-0.23276287,-0.1701459,-0.9014191,1
12.529999999999777,20.99999528423218,-2.446146255937391,-1.2144770944740793,0.09374585246322416,17.706755,0.21730177,-0.2357677,0.057207964,25.25492,-3.2784026,1.489726,0.16318147,0.37910056,-0.17477031,-0.8939284,-2.458205,-8.954389,0.6886146,-0.21440004,-0.16943283,-0.86151123,1
12.539999999999777,20.99999528423218,-2.446146255937391,-1.2144770944740793,0.09374585246322416,17.706755,0.21730177,-0.2357677,0.057207964,25.229687,-3.3677795,1.4966987,0.15961905,0.3789018,-0.17251745,-0.8950927,-2.588221,-8.921035,0.70599705,-0.14707686,-0.17982003,-0.81642944,1
12.549999999999777,20.99999528423218,-2.446146255937391,-1.2144770944740793,0.09374585246322416,17.706755,0.21730177,-0.2357677,0.057207964,25.203156,-3.4568236,1.5038469,0.15612492,0.37866503,-0.17062956,-0.8961704,-2.7179854,-8.8877945,0.7236952,-0.09025152,-0.18857779,-0.7735598,1
12.559999999999777,20.99999528423218,-2.446146255937391,-1.2144770944740793,0.09374585246322416,17.706755,0.21730177,-0.2357677,0.057207964,25.175327,-3.5455356,1.5111736,0.15270977,0.37839124,-0.1690586,-0.8971717,-2.847503,-8.854572,0.7416744,-0.04228729,-0.19596241,-0.73279375,1
12.569999999999776,20.99999203591665,-1.973353865078331,-1.336242620459711,0.22663661651715478,17.428972,0.50911325,-0.41567108,0.20799324,25.146206,-3.633915,1.5186813,0.14938152,0.3780816,-0.16776358,-0.8981052,-2.9767773,-8.821287,0.7599063,-0.0018024147,-0.20218953,-0.6940282,1
12.579999999999776,20.99999203591665,-1.973353865078331,-1.336242620459711,0.22663661651715478,17.428972,0.50911325,-0.41567108,0.20799324,25.115803,-3.7219636,1.5263634,0.14610645,0.3776869,-0.16683197,-0.8989832,-3.1037846,-8.788386,0.7765387,0.07786646,-0.23551577,-0.6497658,1
12.589999999999776,20.99999203591665,-1.973353865078331,-1.336242620459711,0.22663661651715478,17.428972,0.50911325,-0.41567108,0.20799324,25.08413,-3.8096821,1.5342127,0.14285965,0.37716737,-0.1663317,-0.8998154,-3.2305372,-8.755222,0.79337674,0.14511453,-0.26363543,-0.60767525,1
12.599999999999776,20.99999203591665,-1.973353865078331,-1.336242620459711,0.22663661651715478,17.428972,0.50911325,-0.41567108,0.20799324,25.051191,-3.897067,1.5422316,0.13965768,0.37653723,-0.16620374,-0.90060526,-3.3570156,-8.72167,0.810404,0.201878,-0.28736246,-0.5676502,1
12.609999999999776,19.916787247218302,-1.8238766994598252,-1.533619149261487,0.3286789500673205,16.675478,0.7530796,-0.60106075,0.27695197,25.016989,-3.984114,1.5504214,0.13651349,0.37580866,-0.16639781,-0.9013555,-3.4832015,-8.687623,0.827607,0.24979147,-0.30738387,-0.5295892,1
12.619999999999775,19.916787247218302,-1.8238766994598252,-1.533619149261487,0.3286789500673205,16.675478,0.7530796,-0.60106075,0.27695197,24.981554,-4.0708246,1.5587591,0.13339557,0.37493703,-0.16697228,-0.90207887,-3.6036332,-8.654483,0.83998334,0.32827228,-0.35320136,-0.49001193,1
12.629999999999775,19.916787247218302,-1.8238766994598252,-1.533619149261487,0.3286789500673205,16.675478,0.7530796,-0.60106075,0.27695197,24.944918,-4.1572003,1.5672214,0.13027963,0.37388682,-0.16797091,-0.90278447,-3.7237306,-8.620648,0.8525127,0.39451817,-0.3918665,-0.45237678,1
12.639999999999775,19.916787247218302,-1.8238766994598252,-1.533619149261487,0.3286789500673205,16.675478,0.7530796,-0.60106075,0.27695197,24.907082,-4.243234,1.5758098,0.12718387,0.37268016,-0.16933428,-0.90346986,-3.8434565,-8.585995,0.86519146,0.45043594,-0.42449626,-0.41658843,1
12.649999999999775,19.916787247218302,-1.8238766994598252,-1.533619149261487,0.3286789500673205,15.979387,1.0244272,-0.68899786,0.2660988,24.86805,-4.3289165,1.5845258,0.12412274,0.37133592,-0.17101182,-0.90413284,-3.9627762,-8.55042,0.8780159,0.4976355,-0.45203325,-0.3825562,1
12.659999999999775,19.916787247218302,-1.8238766994598252,-1.533619149261487,0.3286789500673205,15.979387,1.0244272,-0.68899786,0.2660988,24.827852,-4.414246,1.5933475,0.12105996,0.36985186,-0.17306244,-0.904766,-4.0766945,-8.515354,0.88634396,0.57978916,-0.48899612,-0.35072654,1
12.669999999999774,19.916787247218302,-1.8238766994598252,-1.533619149261487,0.3286789500673205,15.979387,1.0244272,-0.68899786,0.2660988,24.786518,-4.49922,1.6022531,0.11796631,0.36822644,-0.17552993,-0.90536207,-4.1901574,-8.479191,0.8947915,0.6491333,-0.5201892,-0.32045874,1
12.679999999999774,19.916787247218302,-1.8238766994598252,-1.533619149261487,0.3286789500673205,15.979387,1.0244272,-0.68899786,0.2660988,24.74405,-4.583826,1.6112436,0.114861295,0.36647555,-0.17835401,-0.9059196,-4.303129,-8.4418125,0.9033411,0.70766515,-0.54651386,-0.2916762,1
12.689999999999774,18.399882622975724,-1.9492064114555652,-1.6774580126365257,0.3362148234897266,14.898876,0.9452009,-0.75916815,0.26511365,24.700455,-4.6680512,1.6203201,0.11176063,0.36461282,-0.1814834,-0.9064374,-4.415577,-8.403123,0.9119763,0.7570698,-0.5687301,-0.264306,1
12.699999999999774,18.399882622975724,-1.9492064114555652,-1.6774580126365257,0.3362148234897266,14.898876,0.9452009,-0.75916815,0.26511365,24.655777,-4.7518964,1.6294472,0.10868314,0.36262092,-0.18484882,-0.9069305,-4.5199018,-8.36575,0.9134608,0.7864138,-0.5984206,-0.23832723,1
12.709999999999773,18.399882622975724,-1.9492064114555652,-1.6774580126365257,0.3362148234897266,14.898876,0.9452009,-0.75916815,0.26511365,24.610062,-4.8353615,1.6385896,0.105643556,0.36048707,-0.18839267,-0.907411,-4.6236696,-8.327025,0.9150103,0.8111825,-0.6234799,-0.21362326,1
12.719999999999773,18.399882622975724,-1.9492064114555652,-1.6774580126365257,0.3362148234897266,14.898876,0.9452009,-0.75916815,0.26511365,24.563309,-4.9184327,1.6477478,0.10264761,0.35822815,-0.19209036,-0.90787405,-4.726843,-8.286905,0.9166252,0.8320896,-0.64463073,-0.19013149,1
12.729999999999773,16.788005202051195,-2.2968660040025783,-1.739789393361384,0.2986588354158664,13.519566,0.87214553,-0.5943568,0.105773486,24.515528,-5.001095,1.6569223,0.099699594,0.35585853,-0.19592093,-0.9083158,-4.829387,-8.245357,0.9183036,0.84973687,-0.66248256,-0.16779247,1
12.739999999999773,16.788005202051195,-2.2968660040025783,-1.739789393361384,0.2986588354158664,13.519566,0.87214553,-0.5943568,0.105773486,24.46677,-5.083354,1.6660677,0.096808106,0.35345152,-0.19982632,-0.9087175,-4.921841,-8.206335,0.9107971,0.8532384,-0.65185124,-0.15436852,1
12.749999999999773,16.788005202051195,-2.2968660040025783,-1.739789393361384,0.2986588354158664,13.519566,0.87214553,-0.5943568,0.105773486,24.417093,-5.1652164,1.6751384,0.093977325,0.351067,-0.20375888,-0.9090657,-5.0136914,-8.165994,0.9033273,0.85619336,-0.642878,-0.14160328,1
12.759999999999772,16.788005202051195,-2.2968660040025783,-1.739789393361384,0.2986588354158664,13.519566,0.87214553,-0.5943568,0.105773486,24.3665,-5.2466693,1.6841344,0.091204025,0.34869844,-0.20771581,-0.9093643,-5.1049347,-8.124337,0.89587593,0.8586869,-0.6353048,-0.12946442,1
12.769999999999772,15.823543496800145,-2.2836603983649493,-1.833830738021157,-0.13127137735384434,12.983967,0.86594117,-0.3964989,-0.090939276,24.314999,-5.3276987,1.6930557,0.088485144,0.34634015,-0.21169463,-0.90961653,-5.195567,-8.081372,0.8884264,0.8607909,-0.6289127,-0.11792121,1
12.779999999999772,15.823543496800145,-2.2836603983649493,-1.833830738021157,-0.13127137735384434,12.983967,0.86594117,-0.3964989,-0.090939276,24.26261,-5.408301,1.7018849,0.085813396,0.34406462,-0.21567549,-0.90980095,-5.282021,-8.038859,0.87736994,0.8615974,-0.59266704,-0.1165972,1
12.789999999999772,15.823543496800145,-2.2836603983649493,-1.833830738021157,-0.13127137735384434,12.983967,0.86594117,-0.3964989,-0.090939276,24.209358,-5.488471,1.7106031,0.08317981,0.34193018,-0.21964167,-0.9099014,-5.367904,-7.995111,0.86626637,0.86227745,-0.5620742,-0.11533815,1
12.799999999999772,15.823543496800145,-2.2836603983649493,-1.833830738021157,-0.13127137735384434,12.983967,0.86594117,-0.3964989,-0.090939276,24.15525,-5.568198,1.71921,0.0805794,0.33991355,-0.22359516,-0.9099281,-5.453237,-7.950145,0.8550831,0.8628512,-0.5362521,-0.11414089,1
12.809999999999771,15.548439509475505,-2.2709077412353365,-1.8794195982348985,-0.711651198859492,12.7515545,1.0291672,-0.1474651,-0.27351418,24.100294,-5.64747,1.7277045,0.07800784,0.337995,-0.2275376,-0.9098896,-5.5380354,-7.903975,0.84379184,0.86333513,-0.514457,-0.11300239,1
12.819999999999771,15.548439509475505,-2.2709077412353365,-1.8794195982348985,-0.711651198859492,12.7515545,1.0291672,-0.1474651,-0.27351418,24.044498,-5.726278,1.7360778,0.07544161,0.33625877,-0.23151442,-0.9097461,-5.620807,-7.857461,0.8308111,0.88919854,-0.4572313,-0.12087875,1
12.829999999999771,15.548439509475505,-2.2709077412353365,-1.8794195982348985,-0.711651198859492,12.7515545,1.0291672,-0.1474651,-0.27351418,23.987877,-5.804615,1.7443202,0.072859414,0.33477136,-0.2355608,-0.9094664,-5.703108,-7.8097773,0.81763995,0.9110284,-0.40892956,-0.12836862,1
12.83999999999977,15.548439509475505,-2.2709077412353365,-1.8794195982348985,-0.711651198859492,12.7515545,1.0291672,-0.1474651,-0.27351418,23.930437,-5.882469,1.7524296,0.07026086,0.33349347,-0.23966411,-0.9090682,-5.7849755,-7.7609215,0.8042213,0.9294536,-0.36816004,-0.13549095,1
12.84999999999977,15.548439509475505,-2.2709077412353365,-1.8794195982348985,-0.711651198859492,12.4940815,0.90380615,-0.12894939,-0.34102494,23.872179,-5.959829,1.7604035,0.067645594,0.33239183,-0.24381359,-0.90856653,-5.8664403,-7.710894,0.7905057,0.9450054,-0.3337483,-0.1422638,1
12.85999999999977,15.548439509475505,-2.2709077412353365,-1.8794195982348985,-0.711651198859492,12.4940815,0.90380615,-0.12894939,-0.34102494,23.81312,-6.036688,1.76823,0.06502429,0.33144388,-0.24795133,-0.9079843,-5.945891,-7.6607304,0.7747546,0.9385814,-0.3018154,-0.15201707,1
12.86999999999977,15.548439509475505,-2.2709077412353365,-1.8794195982348985,-0.711651198859492,12.4940815,0.90380615,-0.12894939,-0.34102494,23.753267,-6.1130395,1.7758973,0.06240437,0.33063093,-0.25203073,-0.9073411,-6.024993,-7.6094384,0.758643,0.9331591,-0.27486217,-0.16129173,1
12.87999999999977,15.548439509475505,-2.2709077412353365,-1.8794195982348985,-0.711651198859492,12.4940815,0.90380615,-0.12894939,-0.34102494,23.692623,-6.1888723,1.7834016,0.059781384,0.32993227,-0.2560587,-0.90664405,-6.103765,-7.5570397,0.74214816,0.9285825,-0.2521119,-0.1701113,1
12.88999999999977,15.885638494535057,-2.1972501536437585,-1.8725377876024396,-1.373535348698559,12.936941,0.8815827,0.14989163,-0.5375555,23.631193,-6.2641764,1.7907388,0.057151705,0.32933033,-0.260041,-0.9058987,-6.1822214,-7.5035515,0.7252502,0.92471945,-0.23290947,-0.17849807,1
12.89999999999977,15.885638494535057,-2.1972501536437585,-1.8725377876024396,-1.373535348698559,12.936941,0.8815827,0.14989163,-0.5375555,23.568968,-6.33893,1.7979194,0.054522526,0.3289172,-0.2639602,-0.905077,-6.263147,-7.4470577,0.7107915,0.9179973,-0.17322153,-0.19611715,1
12.90999999999977,15.885638494535057,-2.1972501536437585,-1.8725377876024396,-1.373535348698559,12.936941,0.8815827,0.14989163,-0.5375555,23.505934,-6.4131136,1.8049531,0.051896952,0.32876608,-0.26780224,-0.9041571,-6.3438025,-7.3894835,0.6958557,0.91232365,-0.1228414,-0.21287163,1
12.919999999999769,15.885638494535057,-2.1972501536437585,-1.8725377876024396,-1.373535348698559,12.936941,0.8815827,0.14989163,-0.5375555,23.442093,-6.4867163,1.8118348,0.049266964,0.32883766,-0.27157572,-0.9031521,-6.4242315,-7.330858,0.6804031,0.9075346,-0.080317624,-0.22880396,1
12.929999999999769,16.78201704462033,-1.987412788315196,-1.6579882273593134,-1.5586940377603586,14.019957,0.8925014,0.28550282,-0.75452155,23.377449,-6.559727,1.8185594,0.046626065,0.32909867,-0.27528813,-0.90207267,-6.50447,-7.271207,0.6643998,0.90349233,-0.044424884,-0.24395448,1
12.939999999999769,16.78201704462033,-1.987412788315196,-1.6579882273593134,-1.5586940377603586,14.019957,0.8925014,0.28550282,-0.75452155,23.31197,-6.632111,1.8251551,0.043958418,0.3295774,-0.27893832,-0.9009097,-6.5912523,-7.205474,0.65463847,0.9017864,0.0070126895,-0.26900816,1
12.949999999999768,16.78201704462033,-1.987412788315196,-1.6579882273593134,-1.5586940377603586,14.019957,0.8925014,0.28550282,-0.75452155,23.245625,-6.7038326,1.8316499,0.041248288,0.33029568,-0.2825246,-0.8996565,-6.6779046,-7.1386776,0.6442053,0.9003468,0.050429318,-0.29283243,1
12.959999999999768,16.78201704462033,-1.987412788315196,-1.6579882273593134,-1.5586940377603586,14.019957,0.8925014,0.28550282,-0.75452155,23.178413,-6.774881,1.8380368,0.038491305,0.33121878,-0.28605193,-0.89832366,-6.764465,-7.0708404,0.63306063,0.89913154,0.08707602,-0.31548765,1
12.969999999999768,17.49715686401291,-1.7787606237168785,-1.521517103267245,-1.3233580449044786,14.989431,1.1477091,0.23273672,-1.0851984,23.110336,-6.8452463,1.8443085,0.035684247,0.3323171,-0.2895246,-0.8969203,-6.850964,-7.0019817,0.62117034,0.8981055,0.11800818,-0.33703116,1
12.979999999999768,17.49715686401291,-1.7787606237168785,-1.521517103267245,-1.3233580449044786,14.989431,1.1477091,0.23273672,-1.0851984,23.041365,-6.914893,1.8504871,0.03274809,0.33356187,-0.29302484,-0.89543235,-6.9434037,-6.927281,0.6144097,0.9370383,0.13586912,-0.37374392,1
12.989999999999768,17.49715686401291,-1.7787606237168785,-1.521517103267245,-1.3233580449044786,14.989431,1.1477091,0.23273672,-1.0851984,22.971468,-6.9837875,1.8565937,0.029615114,0.3349299,-0.29661545,-0.8938472,-7.035809,-6.851477,0.6067703,0.96989954,0.1509456,-0.4086552,1
12.999999999999767,17.49715686401291,-1.7787606237168785,-1.521517103267245,-1.3233580449044786,14.989431,1.1477091,0.23273672,-1.0851984,22.900648,-7.0519185,1.8626194,0.026299076,0.3364055,-0.30027375,-0.8921738,-7.128177,-6.7745385,0.59820557,0.9976357,0.16367187,-0.44185337,1
13.009999999999767,17.555756115656752,-1.6701780514002817,-1.680004692320576,-1.1584518662182834,15.143894,1.301954,-0.08255492,-1.324089,22.828905,-7.119274,1.8685546,0.022812467,0.337975,-0.30398074,-0.8904196,-7.2205043,-6.6964407,0.58867484,1.0210464,0.17441471,-0.47342253,1
13.019999999999767,17.555756115656752,-1.6701780514002817,-1.680004692320576,-1.1584518662182834,15.143894,1.301954,-0.08255492,-1.324089,22.756235,-7.1858387,1.874394,0.019080987,0.33952478,-0.30776814,-0.8886149,-7.3137245,-6.616341,0.57904786,1.0648452,0.13429819,-0.515165,1
13.029999999999767,17.555756115656752,-1.6701780514002817,-1.680004692320576,-1.1584518662182834,15.143894,1.301954,-0.08255492,-1.324089,22.68263,-7.2515965,1.8801321,0.015042785,0.34096506,-0.3116581,-0.88678324,-7.4068284,-6.5349927,0.5683985,1.1018134,0.100439124,-0.5548591,1
13.039999999999766,17.555756115656752,-1.6701780514002817,-1.680004692320576,-1.1584518662182834,15.143894,1.301954,-0.08255492,-1.324089,22.608097,-7.3165336,1.8857585,0.010725865,0.34231707,-0.3156233,-0.8849207,-7.4997478,-6.452344,0.55671996,1.1330168,0.07186211,-0.5926054,1
13.049999999999766,17.555756115656752,-1.6701780514002817,-1.680004692320576,-1.1584518662182834,15.050058,1.2836505,-0.18856119,-1.524117,22.532637,-7.380638,1.891263,0.0061550257,0.3435984,-0.31964105,-0.88302356,-7.59242,-6.3683524,0.544006,1.1593543,0.047743708,-0.6284995,1
13.059999999999766,17.555756115656752,-1.6701780514002817,-1.680004692320576,-1.1584518662182834,15.050058,1.2836505,-0.18856119,-1.524117,22.456251,-7.4438987,1.8966326,0.0013193742,0.34479398,-0.3236776,-0.88110554,-7.6842136,-6.2835135,0.52972996,1.1787233,0.010850404,-0.67244774,1
13.069999999999766,17.555756115656752,-1.6701780514002817,-1.680004692320576,-1.1584518662182834,15.050058,1.2836505,-0.18856119,-1.524117,22.37895,-7.506304,1.901854,-0.0037907893,0.34589362,-0.3277041,-0.879177,-7.775637,-6.19728,0.514429,1.1950725,-0.020287352,-0.7142394,1
13.079999999999766,17.555756115656752,-1.6701780514002817,-1.680004692320576,-1.1584518662182834,15.050058,1.2836505,-0.18856119,-1.524117,22.30074,-7.5678396,1.9069176,-0.009152866,0.34691706,-0.33170983,-0.8772299,-7.8666263,-6.10963,0.4981137,1.2088728,-0.04656725,-0.7539804,1
13.089999999999765,17.802581981032482,-1.2039576253786215,-1.97104356918564,-1.340950666068712,15.62631,1.4635041,-0.40443406,-1.5364785,22.22162,-7.628492,1.9118128,-0.014746579,0.34788054,-0.3356861,-0.8752574,-7.957121,-6.0205483,0.48079303,1.2205218,-0.068746895,-0.7917712,1
13.099999999999765,17.802581981032482,-1.2039576253786215,-1.97104356918564,-1.340950666068712,15.62631,1.4635041,-0.40443406,-1.5364785,22.14158,-7.6882286,1.9165452,-0.02060918,0.34872097,-0.33968666,-0.87325877,-8.050506,-5.9265532,0.4655305,1.2583851,-0.12114657,-0.8283142,1
13.109999999999765,17.802581981032482,-1.2039576253786215,-1.97104356918564,-1.340950666068712,15.62631,1.4635041,-0.40443406,-1.5364785,22.060612,-7.7470174,1.9211198,-0.026768787,0.34938794,-0.3437529,-0.87123156,-8.143224,-5.831016,0.44924572,1.2903455,-0.16537161,-0.863064,1
13.119999999999765,17.802581981032482,-1.2039576253786215,-1.97104356918564,-1.340950666068712,15.62631,1.4635041,-0.40443406,-1.5364785,21.978718,-7.804843,1.9255266,-0.033195656,0.34991077,-0.34786168,-0.8691672,-8.23518,-5.7338967,0.4319514,1.3173242,-0.20269689,-0.8961086,1
13.129999999999765,17.38651763153886,-1.0436214239482566,-2.3242151909782107,-1.3303629651906335,15.40567,1.5641326,-0.5360855,-1.6064938,21.895908,-7.86169,1.9297554,-0.03986356,0.35031375,-0.35199386,-0.86705846,-8.326289,-5.635167,0.41365874,1.3400977,-0.23419823,-0.9275318,1
13.139999999999764,17.38651763153886,-1.0436214239482566,-2.3242151909782107,-1.3303629651906335,15.40567,1.5641326,-0.5360855,-1.6064938,21.812202,-7.917548,1.9337909,-0.046789523,0.35057274,-0.35616308,-0.86490244,-8.415196,-5.53622,0.39326543,1.3750014,-0.28132835,-0.9608487,1
13.149999999999764,17.38651763153886,-1.0436214239482566,-2.3242151909782107,-1.3303629651906335,15.40567,1.5641326,-0.5360855,-1.6064938,21.727612,-7.972409,1.9376175,-0.05398608,0.35066923,-0.36037838,-0.86269516,-8.50309,-5.4356327,0.37191188,1.4044648,-0.32110488,-0.9925307,1
13.159999999999764,17.38651763153886,-1.0436214239482566,-2.3242151909782107,-1.3303629651906335,15.40567,1.5641326,-0.5360855,-1.6064938,21.642147,-8.026256,1.9412258,-0.061425224,0.35062945,-0.36461908,-0.86042887,-8.589877,-5.333381,0.34961176,1.4293363,-0.35467505,-1.0226581,1
13.169999999999764,16.12326609651487,-1.1845564974497536,-2.75288832862399,-1.2432142352560485,14.510435,1.5873628,-0.82669353,-1.5378386,21.55582,-8.07907,1.9446063,-0.06908223,0.35047516,-0.3688679,-0.8580969,-8.675471,-5.2294497,0.32637745,1.4503318,-0.38300687,-1.0513071,1
13.179999999999763,16.12326609651487,-1.1845564974497536,-2.75288832862399,-1.2432142352560485,14.510435,1.5873628,-0.82669353,-1.5378386,21.46867,-8.130868,1.9477285,-0.07697423,0.35012096,-0.37311324,-0.8557311,-8.754888,-5.129967,0.29792807,1.4716473,-0.45223683,-1.0751814,1
13.189999999999763,16.12326609651487,-1.1845564974497536,-2.75288832862399,-1.2432142352560485,14.510435,1.5873628,-0.82669353,-1.5378386,21.38073,-8.1816635,1.9505621,-0.08511217,0.34949932,-0.37734443,-0.8533559,-8.832992,-5.0288854,0.26865467,1.4896445,-0.5106678,-1.0978842,1
13.199999999999763,16.12326609651487,-1.1845564974497536,-2.75288832862399,-1.2432142352560485,14.510435,1.5873628,-0.82669353,-1.5378386,21.292015,-8.23144,1.9530989,-0.09346706,0.34865084,-0.38154998,-0.85095537,-8.909677,-4.926202,0.23860176,1.5048406,-0.55998385,-1.1194729,1
13.209999999999763,14.84515698479744,-1.2964025708045388,-3.1988532990122516,-1.1596789550121303,13.926243,1.6106565,-0.9138839,-1.5326159,21.202541,-8.280182,1.9553314,-0.10201346,0.3476096,-0.38572067,-0.8485159,-8.984845,-4.8219213,0.2078084,1.5176716,-0.60160685,-1.1400021,1
13.219999999999763,14.84515698479744,-1.2964025708045388,-3.1988532990122516,-1.1596789550121303,13.926243,1.6106565,-0.9138839,-1.5326159,21.112337,-8.327894,1.9572393,-0.11074523,0.3463732,-0.38985333,-0.8460345,-9.055446,-4.720317,0.17362876,1.5321282,-0.65033627,-1.1592678,1
13.229999999999762,14.84515698479744,-1.2964025708045388,-3.1988532990122516,-1.1596789550121303,13.926243,1.6106565,-0.9138839,-1.5326159,21.021437,-8.374583,1.958802,-0.11965547,0.3449408,-0.39394486,-0.8435074,-9.124416,-4.617203,0.13880935,1.5443354,-0.69146395,-1.1775881,1
13.239999999999762,14.84515698479744,-1.2964025708045388,-3.1988532990122516,-1.1596789550121303,13.926243,1.6106565,-0.9138839,-1.5326159,20.929853,-8.420234,1.9600135,-0.12872224,0.34334067,-0.39798853,-0.84092325,-9.191672,-4.5125995,0.10338493,1.5546433,-0.72617596,-1.1950094,1
13.249999999999762,14.84515698479744,-1.2964025708045388,-3.1988532990122516,-1.1596789550121303,13.752293,1.5940465,-0.9495213,-1.4649159,20.837606,-8.46483,1.9608678,-0.13792618,0.34159645,-0.4019789,-0.8382721,-9.257137,-4.4065275,0.06738638,1.5633477,-0.7554725,-1.2115759,1
13.259999999999762,14.84515698479744,-1.2964025708045388,-3.1988532990122516,-1.1596789550121303,13.752293,1.5940465,-0.9495213,-1.4649159,20.744719,-8.508366,1.9613554,-0.14724669,0.3397136,-0.40590695,-0.83555466,-9.319948,-4.300359,0.03007339,1.5681049,-0.7857508,-1.2240075,1
13.269999999999762,14.84515698479744,-1.2964025708045388,-3.1988532990122516,-1.1596789550121303,13.752293,1.5940465,-0.9495213,-1.4649159,20.651213,-8.550833,1.9614674,-0.15666497,0.3376969,-0.40976584,-0.8327712,-9.380858,-4.1928015,-0.0077481046,1.5721238,-0.8113061,-1.2358289,1
13.279999999999761,14.84515698479744,-1.2964025708045388,-3.1988532990122516,-1.1596789550121303,13.752293,1.5940465,-0.9495213,-1.4649159,20.55711,-8.592217,1.9611988,-0.16616741,0.33556375,-0.41355455,-0.82991385,-9.439807,-4.0838923,-0.046049226,1.5755193,-0.8328751,-1.2470702,1
13.289999999999761,14.219781692056452,-1.5559619356170558,-3.4614083033294194,-0.972968131160441,13.564289,1.4120232,-1.018621,-1.3261882,20.462427,-8.632506,1.960545,-0.17574194,0.3333286,-0.41727248,-0.8269761,-9.496739,-3.9736702,-0.084803894,1.5783881,-0.8510796,-1.2577599,1
13.299999999999761,14.219781692056452,-1.5559619356170558,-3.4614083033294194,-0.972968131160441,13.564289,1.4120232,-1.018621,-1.3261882,20.367188,-8.671695,1.9594972,-0.18535106,0.33098695,-0.42085996,-0.8239955,-9.550856,-3.8637037,-0.12479011,1.5524203,-0.8771896,-1.2611177,1
13.30999999999976,14.219781692056452,-1.5559619356170558,-3.4614083033294194,-0.972968131160441,13.564289,1.4120232,-1.018621,-1.3261882,20.27142,-8.709778,1.9580479,-0.19496258,0.32853577,-0.42427117,-0.82100356,-9.6029,-3.7525454,-0.16515069,1.5305054,-0.89923096,-1.2643107,1
13.31999999999976,14.219781692056452,-1.5559619356170558,-3.4614083033294194,-0.972968131160441,13.564289,1.4120232,-1.018621,-1.3261882,20.175138,-8.746742,1.9561931,-0.20457362,0.32598856,-0.4275244,-0.8179872,-9.65284,-3.640259,-0.20583785,1.5120112,-0.91783756,-1.267347,1
13.32999999999976,14.722688232652995,-1.7442289512655236,-3.5226235510010406,-0.7375707793584191,13.8635235,1.0622349,-1.0399992,-1.1108688,20.07837,-8.782579,1.9539301,-0.21418138,0.32335645,-0.43063506,-0.81493527,-9.700649,-3.5269053,-0.24680948,1.4964035,-0.93354464,-1.2702343,1
13.33999999999976,14.722688232652995,-1.7442289512655236,-3.5226235510010406,-0.7375707793584191,13.8635235,1.0622349,-1.0399992,-1.1108688,19.981129,-8.817265,1.9512625,-0.2237202,0.32066098,-0.43350956,-0.8119079,-9.747314,-3.4100242,-0.28676832,1.4286866,-0.9500829,-1.2624141,1
13.34999999999976,14.722688232652995,-1.7442289512655236,-3.5226235510010406,-0.7375707793584191,13.8635235,1.0622349,-1.0399992,-1.1108688,19.883432,-8.850777,1.9481943,-0.23313574,0.31792042,-0.43607712,-0.80895627,-9.791793,-3.292205,-0.32690609,1.3715317,-0.9640517,-1.2549777,1
13.35999999999976,14.722688232652995,-1.7442289512655236,-3.5226235510010406,-0.7375707793584191,13.8635235,1.0622349,-1.0399992,-1.1108688,19.785303,-8.883106,1.9447241,-0.24244082,0.3151384,-0.43838075,-0.80605936,-9.834104,-3.173537,-0.36715314,1.3232919,-0.9758501,-1.2479062,1
13.36999999999976,15.434321572715987,-2.155731076417989,-3.5260045850629127,-0.4622265639490453,14.31086,0.50287825,-1.0799766,-0.7757794,19.68676,-8.914245,1.9408511,-0.25164613,0.31231767,-0.44045654,-0.8031993,-9.874263,-3.0540998,-0.4074491,1.2825763,-0.9858154,-1.2411819,1
13.37999999999976,15.434321572715987,-2.155731076417989,-3.5260045850629127,-0.4622265639490453,14.31086,0.50287825,-1.0799766,-0.7757794,19.587818,-8.944166,1.9365844,-0.2606649,0.30948663,-0.4421645,-0.80047584,-9.913522,-2.9300976,-0.44586778,1.1609858,-1.0003841,-1.2183443,1
13.389999999999759,15.434321572715987,-2.155731076417989,-3.5260045850629127,-0.4622265639490453,14.31086,0.50287825,-1.0799766,-0.7757794,19.488495,-8.972844,1.931934,-0.26942605,0.30666858,-0.44339934,-0.7979726,-9.950657,-2.8054984,-0.48417085,1.0583588,-1.0127001,-1.1966276,1
13.399999999999759,15.434321572715987,-2.155731076417989,-3.5260045850629127,-0.4622265639490453,14.31086,0.50287825,-1.0799766,-0.7757794,19.388811,-9.000276,1.9269016,-0.2779589,0.30385792,-0.44423497,-0.7956531,-9.985753,-2.680415,-0.52225316,0.97173756,-1.0231111,-1.1759764,1
13.409999999999759,16.408763092793617,-2.5908809950036904,-3.4579835523717666,-0.19121565826323678,15.123682,-0.02224119,-1.1661125,-0.47038418,19.288786,-9.026452,1.92149,-0.28628832,0.30104938,-0.4447333,-0.7934859,-10.018882,-2.5549445,-0.56002533,0.89862555,-1.0319117,-1.1563386,1
13.419999999999758,16.408763092793617,-2.5908809950036904,-3.4579835523717666,-0.19121565826323678,15.123682,-0.02224119,-1.1661125,-0.47038418,19.188433,-9.051337,1.9157197,-0.294358,0.29825512,-0.44478136,-0.79155934,-10.051888,-2.4220357,-0.5939539,0.755024,-1.0527153,-1.1226785,1
13.429999999999758,16.408763092793617,-2.5908809950036904,-3.4579835523717666,-0.19121565826323678,15.123682,-0.02224119,-1.1661125,-0.47038418,19.087757,-9.074892,1.9096129,-0.30212155,0.2954843,-0.4442946,-0.78994507,-10.08301,-2.2889366,-0.62733644,0.63381946,-1.0702975,-1.0906702,1
13.439999999999758,16.408763092793617,-2.5908809950036904,-3.4579835523717666,-0.19121565826323678,15.123682,-0.02224119,-1.1661125,-0.47038418,18.986778,-9.0971155,1.9031754,-0.30961227,0.29272828,-0.44335863,-0.78859544,-10.112367,-2.155765,-0.6600464,0.5315181,-1.0851563,-1.0602325,1
13.449999999999758,16.408763092793617,-2.5908809950036904,-3.4579835523717666,-0.19121565826323678,15.165283,-0.31455573,-1.1148419,-0.31232432,18.885517,-9.118008,1.8964145,-0.31685847,0.28997916,-0.4420452,-0.7874694,-10.140064,-2.0226223,-0.6919779,0.44517154,-1.0977132,-1.0312885,1
13.459999999999757,16.408763092793617,-2.5908809950036904,-3.4579835523717666,-0.19121565826323678,15.165283,-0.31455573,-1.1148419,-0.31232432,18.783985,-9.137567,1.8893396,-0.3238261,0.28727502,-0.44033465,-0.78658396,-10.166271,-1.8892337,-0.722855,0.32671577,-1.1002975,-0.99600875,1
13.469999999999757,16.408763092793617,-2.5908809950036904,-3.4579835523717666,-0.19121565826323678,15.165283,-0.31455573,-1.1148419,-0.31232432,18.682196,-9.155793,1.8819606,-0.3304884,0.28464544,-0.43821555,-0.78595215,-10.19104,-1.7560605,-0.75276595,0.22673249,-1.1024959,-0.96246016,1
13.479999999999757,16.408763092793617,-2.5908809950036904,-3.4579835523717666,-0.19121565826323678,15.165283,-0.31455573,-1.1148419,-0.31232432,18.580166,-9.17269,1.874288,-0.33687747,0.28207248,-0.43575418,-0.78553563,-10.214493,-1.623191,-0.78162724,0.14234051,-1.1043652,-0.93055785,1
13.489999999999757,17.696745295682057,-2.8795368097934633,-3.2335343773926697,0.025166978417464316,15.768892,-0.62558967,-0.8976947,-0.117009215,18.47791,-9.18826,1.866332,-0.3430208,0.27954078,-0.43300587,-0.78530174,-10.236736,-1.4907018,-0.8093701,0.07110874,-1.1059545,-0.900221,1
13.499999999999757,17.696745295682057,-2.8795368097934633,-3.2335343773926697,0.025166978417464316,15.768892,-0.62558967,-0.8976947,-0.117009215,18.375431,-9.202481,1.8581188,-0.34885097,0.27713823,-0.4299562,-0.7852607,-10.258716,-1.3534056,-0.8330912,-0.03749489,-1.0734138,-0.8617886,1
13.509999999999756,17.696745295682057,-2.8795368097934633,-3.2335343773926697,0.025166978417464316,15.768892,-0.62558967,-0.8976947,-0.117009215,18.272738,-9.215331,1.8496747,-0.35431457,0.27493364,-0.42659795,-0.78542095,-10.279698,-1.2166468,-0.85554516,-0.12916768,-1.0459621,-0.82524204,1
13.519999999999756,17.696745295682057,-2.8795368097934633,-3.2335343773926697,0.025166978417464316,15.768892,-0.62558967,-0.8976947,-0.117009215,18.16984,-9.226816,1.8410125,-0.35945246,0.27288917,-0.42298308,-0.7857544,-10.299836,-1.0804894,-0.87669593,-0.20654893,-1.0228028,-0.79048884,1
13.529999999999756,18.50368703037055,-3.1167004973776002,-3.140662785592659,0.253546443151442,16.289133,-0.9150618,-0.7472124,0.08335463,18.066744,-9.236943,1.8321452,-0.36429954,0.27097288,-0.4191549,-0.7862365,-10.319262,-0.94498885,-0.8965155,-0.27186644,-1.0032643,-0.75744104,1
13.539999999999756,18.50368703037055,-3.1167004973776002,-3.140662785592659,0.253546443151442,16.289133,-0.9150618,-0.7472124,0.08335463,17.963453,-9.245697,1.8230999,-0.36880982,0.26923734,-0.41508728,-0.78688765,-10.3387165,-0.805748,-0.91235477,-0.3721266,-0.9632936,-0.7161829,1
13.549999999999756,18.50368703037055,-3.1167004973776002,-3.140662785592659,0.253546443151442,16.289133,-0.9150618,-0.7472124,0.08335463,17.85997,-9.253062,1.8139031,-0.3729467,0.2677223,-0.41076228,-0.7877239,-10.357719,-0.667292,-0.92677593,-0.45675758,-0.92956793,-0.6769493,1
13.559999999999755,18.50368703037055,-3.1167004973776002,-3.140662785592659,0.253546443151442,16.289133,-0.9150618,-0.7472124,0.08335463,17.7563,-9.259047,1.8045694,-0.37675062,0.26638576,-0.40622395,-0.7887197,-10.376429,-0.52967227,-0.9397636,-0.52819544,-0.90111077,-0.63964105,1
13.569999999999755,19.318366947923924,-3.211957397422346,-3.0327080423932697,0.4466658488822422,16.776031,-1.172323,-0.7769557,0.31444052,17.652441,-9.2636595,1.7951128,-0.38025618,0.2651923,-0.40150896,-0.7898531,-10.394976,-0.39293367,-0.95130783,-0.5884968,-0.8770987,-0.60416347,1
13.579999999999755,19.318366947923924,-3.211957397422346,-3.0327080423932697,0.4466658488822422,16.776031,-1.172323,-0.7769557,0.31444052,17.548395,-9.266889,1.7855612,-0.38344792,0.2641306,-0.39656946,-0.7911602,-10.414033,-0.25305995,-0.95876884,-0.6795127,-0.86146545,-0.55908734,1
13.589999999999755,19.318366947923924,-3.211957397422346,-3.0327080423932697,0.4466658488822422,16.776031,-1.172323,-0.7769557,0.31444052,17.444159,-9.268725,1.7759427,-0.3863121,0.26318908,-0.3913693,-0.7926687,-10.433183,-0.114198044,-0.9647066,-0.7563375,-0.84827936,-0.5162231,1
13.599999999999755,19.318366947923924,-3.211957397422346,-3.0327080423932697,0.4466658488822422,16.776031,-1.172323,-0.7769557,0.31444052,17.339731,-9.269177,1.7662727,-0.3888788,0.26234004,-0.38595226,-0.7943494,-10.452553,0.023591675,-0.9690944,-0.8211842,-0.83715653,-0.47546214,1
13.609999999999754,19.98319679261878,-3.135568181278945,-3.037845153441787,0.5912513975916978,16.865017,-1.1722145,-0.807042,0.5405922,17.235107,-9.268257,1.7565664,-0.39117402,0.2615604,-0.3803549,-0.7961773,-10.472253,0.16025448,-0.97191405,-0.8759203,-0.8277734,-0.43670136,1
13.619999999999754,19.98319679261878,-3.135568181278945,-3.037845153441787,0.5912513975916978,16.865017,-1.1722145,-0.807042,0.5405922,17.130285,-9.265972,1.7468424,-0.3932027,0.2608107,-0.37461042,-0.7981452,-10.492482,0.29645863,-0.9726398,-0.9221005,-0.82455593,-0.38874528,1
13.629999999999754,19.98319679261878,-3.135568181278945,-3.037845153441787,0.5912513975916978,16.865017,-1.1722145,-0.807042,0.5405922,17.025257,-9.262331,1.7371191,-0.39496726,0.26005778,-0.3687474,-0.80024713,-10.513211,0.43143016,-0.9717674,-0.9610806,-0.8218432,-0.34314242,1
13.639999999999754,19.98319679261878,-3.135568181278945,-3.037845153441787,0.5912513975916978,16.865017,-1.1722145,-0.807042,0.5405922,16.920021,-9.257347,1.7274123,-0.39648572,0.25929245,-0.36278787,-0.8024655,-10.5345,0.56512284,-0.9692915,-0.9939833,-0.81955564,-0.29977733,1
13.649999999999753,19.98319679261878,-3.135568181278945,-3.037845153441787,0.5912513975916978,16.993248,-1.0716997,-0.7489557,0.64875525,16.814568,-9.251033,1.7177386,-0.39777404,0.2585075,-0.35675,-0.8047848,-10.556404,0.69749343,-0.96521145,-1.0217563,-0.81762624,-0.25854015,1
13.659999999999753,19.98319679261878,-3.135568181278945,-3.037845153441787,0.5912513975916978,16.993248,-1.0716997,-0.7489557,0.64875525,16.708889,-9.243397,1.7081175,-0.3988381,0.25769526,-0.3506942,-0.80717677,-10.579134,0.82949954,-0.95874405,-1.0295198,-0.8069456,-0.2140189,1
13.669999999999753,19.98319679261878,-3.135568181278945,-3.037845153441787,0.5912513975916978,16.993248,-1.0716997,-0.7489557,0.64875525,16.602982,-9.234448,1.698569,-0.399683,0.25684944,-0.3446697,-0.8096197,-10.6025505,0.9601105,-0.95068824,-1.0360743,-0.7979298,-0.17168233,1
13.679999999999753,19.98319679261878,-3.135568181278945,-3.037845153441787,0.5912513975916978,16.993248,-1.0716997,-0.7489557,0.64875525,16.496834,-9.224201,1.6891091,-0.4003213,0.2559669,-0.33867538,-0.8121097,-10.626674,1.0893066,-0.9410705,-1.0416083,-0.7903191,-0.13142322,1
13.689999999999753,20.307097768803054,-2.864100942503166,-3.06547118023195,0.6699341988443718,16.787628,-0.82610184,-0.7024454,0.74276775,16.390442,-9.212667,1.6797531,-0.4007645,0.25504544,-0.33271006,-0.8146429,-10.651516,1.2170681,-0.92991614,-1.0462809,-0.7838942,-0.093139626,1
13.699999999999752,20.307097768803054,-2.864100942503166,-3.06547118023195,0.6699341988443718,16.787628,-0.82610184,-0.7024454,0.74276775,16.283802,-9.199871,1.6705093,-0.40103266,0.25405562,-0.32686308,-0.81718326,-10.676773,1.3418509,-0.9185934,-1.0119227,-0.7712216,-0.05212141,1
13.709999999999752,20.307097768803054,-2.864100942503166,-3.06547118023195,0.6699341988443718,16.787628,-0.82610184,-0.7024454,0.74276775,16.176907,-9.185835,1.6613863,-0.40114218,0.25297436,-0.32120618,-0.81970423,-10.702721,1.4652086,-0.90582544,-0.9829242,-0.76052207,-0.01311596,1
13.719999999999752,20.307097768803054,-2.864100942503166,-3.06547118023195,0.6699341988443718,16.787628,-0.82610184,-0.7024454,0.74276775,16.069746,-9.170572,1.6523978,-0.40109822,0.25180903,-0.31571403,-0.8222144,-10.729323,1.587154,-0.89165914,-0.9584496,-0.75148845,0.023975465,1
13.729999999999752,20.530702243302564,-2.363717838346768,-3.1533493177954464,0.7009384564214015,16.619703,-0.39449343,-0.8259622,0.8307075,15.9623165,-9.154097,1.6435578,-0.40090588,0.2505662,-0.31036496,-0.8247207,-10.756551,1.7076962,-0.8761354,-0.937793,-0.74386144,0.0592468,1
13.739999999999752,20.530702243302564,-2.363717838346768,-3.1533493177954464,0.7009384564214015,16.619703,-0.39449343,-0.8259622,0.8307075,15.854612,-9.13643,1.634874,-0.40061986,0.2491386,-0.30526584,-0.82719165,-10.784086,1.8256537,-0.86044186,-0.8530466,-0.75668293,0.0971026,1
13.749999999999751,20.530702243302564,-2.363717838346768,-3.1533493177954464,0.7009384564214015,16.619703,-0.39449343,-0.8259622,0.8307075,15.746632,-9.11759,1.6263534,-0.40028313,0.2474415,-0.3005015,-0.8296051,-10.812096,1.9422652,-0.8434837,-0.78151673,-0.7675008,0.1331008,1
13.759999999999751,20.530702243302564,-2.363717838346768,-3.1533493177954464,0.7009384564214015,16.619703,-0.39449343,-0.8259622,0.8307075,15.638369,-9.09759,1.6180084,-0.39988494,0.24551113,-0.29602444,-0.83197683,-10.840466,2.0575664,-0.82529974,-0.7211425,-0.7766288,0.16733254,1
13.76999999999975,20.65210813790858,-1.8085325407321065,-3.257290427540265,0.6868766849795959,16.277939,-0.0019526044,-1.0409656,0.82350904,15.529821,-9.076445,1.6098514,-0.39941695,0.24337828,-0.29179406,-0.8343194,-10.869096,2.1715875,-0.8059237,-0.67018443,-0.7843309,0.19988453,1
13.77999999999975,20.65210813790858,-1.8085325407321065,-3.257290427540265,0.6868766849795959,16.277939,-0.0019526044,-1.0409656,0.82350904,15.42099,-9.054175,1.6018817,-0.39893684,0.24093492,-0.2878723,-0.8366175,-10.8973,2.2820368,-0.7878239,-0.56595236,-0.8243506,0.23048596,1
13.78999999999975,20.65210813790858,-1.8085325407321065,-3.257290427540265,0.6868766849795959,16.277939,-0.0019526044,-1.0409656,0.82350904,15.311876,-9.0308075,1.5940987,-0.3984899,0.23809698,-0.28430656,-0.8388593,-10.925511,2.391296,-0.7686059,-0.4779757,-0.85812753,0.25958577,1
13.79999999999975,20.65210813790858,-1.8085325407321065,-3.257290427540265,0.6868766849795959,16.277939,-0.0019526044,-1.0409656,0.82350904,15.20248,-9.006353,1.5865133,-0.39805415,0.23492092,-0.28104478,-0.84105784,-10.953574,2.4994001,-0.7482876,-0.4037193,-0.8866357,0.28725764,1
13.80999999999975,20.487730604611873,-1.3788081686611962,-3.52682152680001,0.6310916134359742,16.091806,0.40382162,-1.2316262,0.74700564,15.092805,-8.980823,1.5791365,-0.3976118,0.23145466,-0.2780425,-0.8432232,-10.981353,2.6063797,-0.7268862,-0.34104383,-0.91069746,0.31357163,1
13.81999999999975,20.487730604611873,-1.3788081686611962,-3.52682152680001,0.6310916134359742,16.091806,0.40382162,-1.2316262,0.74700564,14.982856,-8.954234,1.5719723,-0.39721486,0.22761239,-0.27536625,-0.8453318,-11.008409,2.7110517,-0.70579684,-0.2248591,-0.9607257,0.33484036,1
13.82999999999975,20.487730604611873,-1.3788081686611962,-3.52682152680001,0.6310916134359742,16.091806,0.40382162,-1.2316262,0.74700564,14.872639,-8.926604,1.565024,-0.39690456,0.22332858,-0.27306646,-0.84736377,-11.034882,2.8146803,-0.68366927,-0.12679447,-1.0029529,0.35506544,1
13.83999999999975,20.487730604611873,-1.3788081686611962,-3.52682152680001,0.6310916134359742,16.091806,0.40382162,-1.2316262,0.74700564,14.76216,-8.8979435,1.5583023,-0.39665312,0.21866779,-0.27108592,-0.8493307,-11.060595,2.9173057,-0.6605207,-0.044023912,-1.0385959,0.3742981,1
13.84999999999975,20.487730604611873,-1.3788081686611962,-3.52682152680001,0.6310916134359742,15.929539,0.7890083,-1.4238887,0.62089074,14.651429,-8.868261,1.551817,-0.39643767,0.21368465,-0.26937595,-0.8512415,-11.085398,3.018961,-0.6363693,0.02583742,-1.0686817,0.39258695,1
13.859999999999749,20.487730604611873,-1.3788081686611962,-3.52682152680001,0.6310916134359742,15.929539,0.7890083,-1.4238887,0.62089074,14.540456,-8.837572,1.545572,-0.396306,0.20830287,-0.2679924,-0.8530716,-11.108911,3.1186597,-0.6124773,0.14487574,-1.1240447,0.40378988,1
13.869999999999749,20.487730604611873,-1.3788081686611962,-3.52682152680001,0.6310916134359742,15.929539,0.7890083,-1.4238887,0.62089074,14.429254,-8.80589,1.5395708,-0.39629573,0.2024647,-0.26697665,-0.8547987,-11.131196,3.2174673,-0.58763343,0.24534833,-1.1707772,0.4144431,1
13.879999999999749,20.487730604611873,-1.3788081686611962,-3.52682152680001,0.6310916134359742,15.929539,0.7890083,-1.4238887,0.62089074,14.317836,-8.773225,1.5338225,-0.39637622,0.19623764,-0.26627058,-0.8564323,-11.152071,3.3154204,-0.56186205,0.33015057,-1.2102249,0.42457354,1
13.889999999999748,20.086237328772242,-0.9660078496176412,-3.709019286310201,0.5372839646529283,15.385437,1.216715,-1.6285481,0.41859093,14.206217,-8.739584,1.5283365,-0.396522,0.1896788,-0.26582462,-0.8579797,-11.17138,3.4125483,-0.5351903,0.4017261,-1.2435234,0.4342069,1
13.899999999999748,20.086237328772242,-0.9660078496176412,-3.709019286310201,0.5372839646529283,15.385437,1.216715,-1.6285481,0.41859093,14.094418,-8.704994,1.5231001,-0.39678696,0.18270493,-0.26570633,-0.85940605,-11.188376,3.5055864,-0.5119403,0.52883947,-1.3035321,0.43344063,1
13.909999999999748,20.086237328772242,-0.9660078496176412,-3.709019286310201,0.5372839646529283,15.385437,1.216715,-1.6285481,0.41859093,13.982456,-8.6694765,1.5181003,-0.39721394,0.17525294,-0.26596594,-0.86067957,-11.2035265,3.5978887,-0.48788664,0.6361271,-1.3541882,0.43271193,1
13.919999999999748,20.086237328772242,-0.9660078496176412,-3.709019286310201,0.5372839646529283,15.385437,1.216715,-1.6285481,0.41859093,13.870354,-8.6330385,1.513345,-0.39776847,0.16739473,-0.2665409,-0.8618091,-11.216642,3.689488,-0.46307084,0.7266808,-1.3969493,0.432019,1
13.929999999999747,18.979989553650796,-0.8136041295306692,-3.987243514773439,0.4663492724630477,14.170486,1.521311,-1.7624451,0.16386417,13.758131,-8.595689,1.5088415,-0.39842165,0.15919109,-0.26737827,-0.8628018,-11.227564,3.7804077,-0.43753827,0.80311084,-1.4330457,0.4313601,1
13.939999999999747,18.979989553650796,-0.8136041295306692,-3.987243514773439,0.4663492724630477,14.170486,1.521311,-1.7624451,0.16386417,13.645814,-8.557469,1.5045477,-0.3992097,0.15060703,-0.26851183,-0.86362624,-11.235468,3.8635387,-0.4211543,0.9151155,-1.4843917,0.41823402,1
13.949999999999747,18.979989553650796,-0.8136041295306692,-3.987243514773439,0.4663492724630477,14.170486,1.521311,-1.7624451,0.16386417,13.53343,-8.518422,1.5004206,-0.40016204,0.14161846,-0.26996475,-0.86425304,-11.241058,3.9460824,-0.4042106,1.0096506,-1.5277363,0.40575203,1
13.959999999999747,18.979989553650796,-0.8136041295306692,-3.987243514773439,0.4663492724630477,14.170486,1.521311,-1.7624451,0.16386417,13.421001,-8.478551,1.4964653,-0.40124735,0.13228756,-0.27168134,-0.8646904,-11.244183,4.028056,-0.38676718,1.0894413,-1.5643263,0.39388254,1
13.969999999999747,17.991799644816517,-0.845550577537804,-4.102993992297836,0.42211410685789924,13.010008,1.8327906,-2.0992906,-0.072665446,13.308555,-8.437863,1.4926867,-0.4024391,0.122667074,-0.27361438,-0.8649453,-11.244717,4.1094685,-0.3688869,1.1567874,-1.5952141,0.38259545,1
13.979999999999746,17.991799644816517,-0.845550577537804,-4.102993992297836,0.42211410685789924,13.010008,1.8327906,-2.0992906,-0.072665446,13.1961155,-8.396398,1.4890413,-0.40379155,0.11264284,-0.27577353,-0.8649928,-11.24272,4.1836987,-0.36016294,1.2622051,-1.6738167,0.36025566,1
13.989999999999746,17.991799644816517,-0.845550577537804,-4.102993992297836,0.42211410685789924,13.010008,1.8327906,-2.0992906,-0.072665446,13.08371,-8.354192,1.4854845,-0.40534702,0.1021274,-0.27816272,-0.8648057,-11.238084,4.257402,-0.35115656,1.3511792,-1.7401668,0.3390121,1
13.999999999999746,17.991799644816517,-0.845550577537804,-4.102993992297836,0.42211410685789924,13.010008,1.8327906,-2.0992906,-0.072665446,12.971364,-8.311251,1.482019,-0.40706855,0.09119831,-0.280737,-0.8643867,-11.230661,4.3305573,-0.34193197,1.426275,-1.7961739,0.31881094,1
14.009999999999746,17.37476410598894,-1.2056034648519702,-4.197350521016885,0.4337021412755214,12.724569,1.8529824,-2.3319337,-0.1302852,12.859108,-8.267582,1.4786465,-0.4089246,0.079921395,-0.28345838,-0.8637384,-11.22033,4.4031396,-0.3325589,1.4896578,-1.8434503,0.29960108,1
14.019999999999746,17.37476410598894,-1.2056034648519702,-4.197350521016885,0.4337021412755214,12.724569,1.8529824,-2.3319337,-0.1302852,12.746967,-8.223198,1.4753563,-0.41092128,0.06827088,-0.28626293,-0.8628649,-11.207278,4.473535,-0.32546964,1.5463065,-1.9196393,0.27850643,1
14.029999999999745,17.37476410598894,-1.2056034648519702,-4.197350521016885,0.4337021412755214,12.724569,1.8529824,-2.3319337,-0.1302852,12.634973,-8.178113,1.4721372,-0.41306168,0.056229874,-0.28909725,-0.8617659,-11.191173,4.543282,-0.31837192,1.5941182,-1.9839486,0.2584469,1
14.039999999999745,17.37476410598894,-1.2056034648519702,-4.197350521016885,0.4337021412755214,12.724569,1.8529824,-2.3319337,-0.1302852,12.523155,-8.132335,1.4689888,-0.41531676,0.043862224,-0.2919461,-0.8604388,-11.171923,4.6123195,-0.31133452,1.6344717,-2.0382304,0.23937172,1
14.049999999999745,17.37476410598894,-1.2056034648519702,-4.197350521016885,0.4337021412755214,12.526207,1.718884,-2.3840287,-0.12631895,12.411546,-8.08587,1.4659102,-0.41766152,0.031222276,-0.29479674,-0.858882,-11.149454,4.680585,-0.30443218,1.6685308,-2.0840478,0.22123255,1
14.059999999999745,17.37476410598894,-1.2056034648519702,-4.197350521016885,0.4337021412755214,12.526207,1.718884,-2.3840287,-0.12631895,12.300175,-8.038732,1.4628913,-0.4200788,0.018360794,-0.29758355,-0.85711145,-11.12411,4.746964,-0.29937613,1.6763664,-2.1308475,0.2041781,1
14.069999999999744,17.37476410598894,-1.2056034648519702,-4.197350521016885,0.4337021412755214,12.526207,1.718884,-2.3840287,-0.12631895,12.1890745,-7.9909344,1.4599217,-0.42255446,0.0053210254,-0.30025432,-0.855141,-11.0955105,4.8124475,-0.29459935,1.6829796,-2.170348,0.18796052,1
14.079999999999744,17.37476410598894,-1.2056034648519702,-4.197350521016885,0.4337021412755214,12.526207,1.718884,-2.3840287,-0.12631895,12.078276,-7.942487,1.4569981,-0.42507243,-0.007864228,-0.30281702,-0.8529671,-11.063636,4.87696,-0.29017234,1.6885608,-2.2036877,0.17253876,1
14.089999999999744,16.81717640389483,-1.637878641040368,-3.9458233801832505,0.4545239666892642,12.313671,1.3478527,-2.4296248,-0.15368085,11.967813,-7.893399,1.4541168,-0.4276186,-0.021166906,-0.3052785,-0.85058725,-11.028476,4.940429,-0.28616923,1.6932715,-2.2318275,0.15787372,1
14.099999999999744,16.81717640389483,-1.637878641040368,-3.9458233801832505,0.4545239666892642,12.313671,1.3478527,-2.4296248,-0.15368085,11.857715,-7.8436866,1.4512645,-0.430193,-0.03451383,-0.30751082,-0.8480443,-10.990687,5.0017247,-0.28438643,1.6393843,-2.2626958,0.14258564,1
14.109999999999744,16.81717640389483,-1.637878641040368,-3.9458233801832505,0.4545239666892642,12.313671,1.3478527,-2.4296248,-0.15368085,11.748011,-7.7933683,1.4484273,-0.43279856,-0.047844887,-0.3094142,-0.84537464,-10.949714,5.061831,-0.28313795,1.5939008,-2.2887475,0.12804776,1
14.119999999999743,16.81717640389483,-1.637878641040368,-3.9458233801832505,0.4545239666892642,12.313671,1.3478527,-2.4296248,-0.15368085,11.638731,-7.742455,1.4455998,-0.43542668,-0.06115546,-0.31103197,-0.84256864,-10.905605,5.1206546,-0.28246552,1.5555108,-2.3107345,0.11422326,1
14.129999999999743,16.02133042531205,-2.3230807738625554,-3.285313767712563,0.41905275369530076,11.322386,0.67385393,-1.8020816,-0.14279054,11.529908,-7.69096,1.4427758,-0.4380692,-0.07444152,-0.31240058,-0.8396183,-10.858414,5.178111,-0.28241578,1.523108,-2.3292909,0.10107712,1
14.139999999999743,16.02133042531205,-2.3230807738625554,-3.285313767712563,0.41905275369530076,11.322386,0.67385393,-1.8020816,-0.14279054,11.421553,-7.6389203,1.4399099,-0.44066128,-0.087371215,-0.31343576,-0.83662486,-10.812248,5.229619,-0.29088014,1.3906443,-2.2470925,0.08911046,1
14.149999999999743,16.02133042531205,-2.3230807738625554,-3.285313767712563,0.41905275369530076,11.322386,0.67385393,-1.8020816,-0.14279054,11.313673,-7.5863724,1.4369563,-0.44315955,-0.09968255,-0.31407794,-0.833683,-10.763466,5.2797685,-0.2999619,1.2788411,-2.177709,0.077731006,1
14.159999999999743,16.02133042531205,-2.3230807738625554,-3.285313767712563,0.41905275369530076,11.322386,0.67385393,-1.8020816,-0.14279054,11.206292,-7.53333,1.4339088,-0.4455841,-0.11146659,-0.3143881,-0.83077645,-10.7122345,5.328538,-0.30965424,1.1844758,-2.1191432,0.066909954,1
14.169999999999742,15.416257804054512,-3.0523877981638616,-2.3046917968808907,0.39141091611678414,10.927982,-0.073991254,-0.89079756,-0.19485663,11.099437,-7.4798064,1.4307612,-0.4479502,-0.1228004,-0.31441706,-0.82789004,-10.658699,5.3759084,-0.31995308,1.1048285,-2.0697083,0.0566199,1
14.179999999999742,15.416257804054512,-3.0523877981638616,-2.3046917968808907,0.39141091611678414,10.927982,-0.073991254,-0.89079756,-0.19485663,10.993116,-7.4258246,1.4274925,-0.45019957,-0.13331172,-0.31412536,-0.82515025,-10.604944,5.4202714,-0.33388668,0.9209702,-1.885872,0.044279873,1
14.189999999999742,15.416257804054512,-3.0523877981638616,-2.3046917968808907,0.39141091611678414,10.927982,-0.073991254,-0.89079756,-0.19485663,10.887343,-7.3714056,1.4240817,-0.4522955,-0.1427109,-0.31348965,-0.8226701,-10.549339,5.463322,-0.3483425,0.7657888,-1.7307012,0.032545384,1
14.199999999999742,15.416257804054512,-3.0523877981638616,-2.3046917968808907,0.39141091611678414,10.927982,-0.073991254,-0.89079756,-0.19485663,10.782135,-7.3165627,1.420524,-0.45427573,-0.1511693,-0.31256938,-0.8204153,-10.492116,5.505119,-0.36325422,0.63481104,-1.5997262,0.021386692,1
14.209999999999742,15.302040579132955,-3.759089031339071,-1.6111770897346116,0.4219687540658024,10.739681,-0.75886124,-0.32853827,-0.20903899,10.677506,-7.2613077,1.416815,-0.45616934,-0.15883152,-0.3114134,-0.81835407,-10.43347,5.545713,-0.37856182,0.52426183,-1.4891746,0.010775587,1
14.219999999999741,15.302040579132955,-3.759089031339071,-1.6111770897346116,0.4219687540658024,10.739681,-0.75886124,-0.32853827,-0.20903899,10.573464,-7.205656,1.4129443,-0.45797533,-0.16551006,-0.30994126,-0.81657887,-10.374611,5.5844736,-0.39562425,0.32414895,-1.3081778,-1.0775402e-05,1
14.229999999999741,15.302040579132955,-3.759089031339071,-1.6111770897346116,0.4219687540658024,10.739681,-0.75886124,-0.32853827,-0.20903899,10.4700165,-7.149622,1.4089018,-0.4596973,-0.17106332,-0.30809316,-0.81516504,-10.314755,5.6221647,-0.41291207,0.15524627,-1.1554048,-0.010267853,1
14.23999999999974,15.302040579132955,-3.759089031339071,-1.6111770897346116,0.4219687540658024,10.739681,-0.75886124,-0.32853827,-0.20903899,10.367171,-7.093216,1.4046857,-0.4613605,-0.17566533,-0.3059327,-0.8140596,-10.254122,5.6588516,-0.43031803,0.01268591,-1.0264547,-0.020021606,1
14.24999999999974,15.302040579132955,-3.759089031339071,-1.6111770897346116,0.4219687540658024,10.729504,-1.0911405,0.029842155,-0.11981983,10.2649355,-7.0364485,1.4002954,-0.46298376,-0.17946272,-0.30351222,-0.8132154,-10.19289,5.6945896,-0.44774893,-0.107640706,-0.91761285,-0.029296746,1
14.25999999999974,15.302040579132955,-3.759089031339071,-1.6111770897346116,0.4219687540658024,10.729504,-1.0911405,0.029842155,-0.11981983,10.163314,-6.9793277,1.3957306,-0.46455288,-0.18240431,-0.30083144,-0.812662,-10.13128,5.7293983,-0.4651966,-0.26101643,-0.76985407,-0.033738736,1
14.26999999999974,15.302040579132955,-3.759089031339071,-1.6111770897346116,0.4219687540658024,10.729504,-1.0911405,0.029842155,-0.11981983,10.06231,-6.921863,1.3909922,-0.4660559,-0.18445627,-0.2978919,-0.8124211,-10.069412,5.763375,-0.4824875,-0.39047304,-0.64513797,-0.037962746,1
14.27999999999974,15.302040579132955,-3.759089031339071,-1.6111770897346116,0.4219687540658024,10.729504,-1.0911405,0.029842155,-0.11981983,9.961926,-6.864063,1.3860818,-0.46750775,-0.18575586,-0.29473546,-0.8124421,-10.00745,5.7965803,-0.49953043,-0.49974063,-0.5398711,-0.041979484,1
14.28999999999974,15.349093499249365,-4.0359060182691495,-1.087260391393238,0.4851289126546184,10.596506,-1.2619258,0.5579144,-0.14892145,9.862162,-6.805934,1.3810027,-0.46891972,-0.1864188,-0.29139662,-0.81268096,-9.945532,5.829067,-0.5162484,-0.5919678,-0.45102057,-0.04579912,1
14.29999999999974,15.349093499249365,-4.0359060182691495,-1.087260391393238,0.4851289126546184,10.596506,-1.2619258,0.5579144,-0.14892145,9.76301,-6.747486,1.3757532,-0.47025463,-0.18633778,-0.2879484,-0.81315714,-9.88455,5.8604927,-0.53358823,-0.6964437,-0.2936723,-0.050859354,1
14.30999999999974,15.349093499249365,-4.0359060182691495,-1.087260391393238,0.4851289126546184,10.596506,-1.2619258,0.5579144,-0.14892145,9.664468,-6.6887264,1.3703325,-0.47148383,-0.18543246,-0.28445017,-0.81388324,-9.823881,5.891344,-0.55047256,-0.7846265,-0.16086234,-0.055671293,1
14.31999999999974,15.349093499249365,-4.0359060182691495,-1.087260391393238,0.4851289126546184,10.596506,-1.2619258,0.5579144,-0.14892145,9.56653,-6.6296606,1.3647455,-0.47262585,-0.18382904,-0.2809096,-0.8148138,-9.763662,5.9217086,-0.5668401,-0.8590571,-0.048764333,-0.060247116,1
14.329999999999739,15.895596004446267,-4.174957116672106,-0.19878207719593655,0.42018250495485077,10.829,-1.4643978,1.3438787,-0.28781766,9.4691925,-6.5702934,1.3589977,-0.47369534,-0.18163398,-0.2773326,-0.8159096,-9.704011,5.9516597,-0.5826409,-0.92188036,0.04585191,-0.06459839,1
14.339999999999739,15.895596004446267,-4.174957116672106,-0.19878207719593655,0.42018250495485077,10.829,-1.4643978,1.3438787,-0.28781766,9.372454,-6.5106254,1.3531038,-0.47464532,-0.17863722,-0.27380985,-0.8172079,-9.643743,5.981918,-0.596013,-1.0064753,0.24828932,-0.07555184,1
14.349999999999739,15.895596004446267,-4.174957116672106,-0.19878207719593655,0.42018250495485077,10.829,-1.4643978,1.3438787,-0.28781766,9.276314,-6.450656,1.3470796,-0.47544056,-0.17467538,-0.2704132,-0.81873167,-9.58432,6.0119553,-0.60871124,-1.077877,0.41915682,-0.08596777,1
14.359999999999738,15.895596004446267,-4.174957116672106,-0.19878207719593655,0.42018250495485077,10.829,-1.4643978,1.3438787,-0.28781766,9.180763,-6.3903866,1.340932,-0.4761062,-0.16989432,-0.26712105,-0.82042986,-9.525898,6.0419035,-0.62069136,-1.1381432,0.56337756,-0.09587262,1
14.369999999999738,16.969780068947763,-4.189719552833017,0.7009534751687231,0.31680210056293595,12.025253,-1.8830352,2.0956874,-0.103248246,9.085792,-6.329818,1.3346683,-0.47666198,-0.16441728,-0.26391467,-0.8222588,-9.468609,6.0718718,-0.6319211,-1.1890106,0.6851069,-0.105291404,1
14.379999999999738,16.969780068947763,-4.189719552833017,0.7009534751687231,0.31680210056293595,12.025253,-1.8830352,2.0956874,-0.103248246,8.991418,-6.2689323,1.3283447,-0.47705227,-0.15802673,-0.2607794,-0.8242833,-9.406391,6.105285,-0.6326919,-1.2972285,0.9050935,-0.10519115,1
14.389999999999738,16.969780068947763,-4.189719552833017,0.7009534751687231,0.31680210056293595,12.025253,-1.8830352,2.0956874,-0.103248246,8.897659,-6.2077117,1.3220177,-0.47722694,-0.15055491,-0.2577001,-0.82654613,-9.34578,6.138984,-0.63255215,-1.388572,1.0907722,-0.10509581,1
14.399999999999737,16.969780068947763,-4.189719552833017,0.7009534751687231,0.31680210056293595,12.025253,-1.8830352,2.0956874,-0.103248246,8.804497,-6.1461515,1.3156967,-0.47720706,-0.14216506,-0.25466084,-0.8289816,-9.286985,6.1731133,-0.6314623,-1.4656725,1.2474933,-0.10500515,1
14.409999999999737,18.64451254462718,-3.909205164462779,1.101181581962748,0.293343855098633,13.015772,-1.8932049,2.4508295,-0.042683266,8.711912,-6.0842476,1.3093916,-0.47700942,-0.13299537,-0.25164795,-0.8315334,-9.230191,6.2077923,-0.62940276,-1.5307512,1.3797731,-0.104918934,1
14.419999999999737,18.64451254462718,-3.909205164462779,1.101181581962748,0.293343855098633,13.015772,-1.8932049,2.4508295,-0.042683266,8.619907,-6.021979,1.3031535,-0.47660574,-0.12304452,-0.24871282,-0.8341757,-9.171062,6.2460327,-0.618041,-1.5872673,1.5468044,-0.101865016,1
14.429999999999737,18.64451254462718,-3.909205164462779,1.101181581962748,0.293343855098633,13.015772,-1.8932049,2.4508295,-0.042683266,8.5284815,-5.9593234,1.2970343,-0.47597194,-0.112317525,-0.24589466,-0.836882,-9.114464,6.2851076,-0.6056419,-1.6349717,1.6877868,-0.09896095,1
14.439999999999737,18.64451254462718,-3.909205164462779,1.101181581962748,0.293343855098633,13.015772,-1.8932049,2.4508295,-0.042683266,8.437609,-5.896273,1.2910441,-0.4751257,-0.10093142,-0.24316598,-0.8396064,-9.060567,6.3251324,-0.5922369,-1.6752386,1.8067826,-0.096199386,1
14.449999999999736,18.64451254462718,-3.909205164462779,1.101181581962748,0.293343855098633,13.350349,-1.8097147,2.419061,0.11250397,8.34726,-5.832817,1.285193,-0.47408164,-0.08898576,-0.24050358,-0.8423102,-9.009524,6.3661985,-0.5778715,-1.7092273,1.9072205,-0.09357333,1
14.459999999999736,18.64451254462718,-3.909205164462779,1.101181581962748,0.293343855098633,13.350349,-1.8097147,2.419061,0.11250397,8.257415,-5.76894,1.2795044,-0.47283596,-0.076596566,-0.2379085,-0.8449609,-8.960237,6.409462,-0.5596907,-1.7249067,1.9870313,-0.083461076,1
14.469999999999736,18.64451254462718,-3.909205164462779,1.101181581962748,0.293343855098633,13.350349,-1.8097147,2.419061,0.11250397,8.168046,-5.7046237,1.2740021,-0.4713849,-0.0638616,-0.2353811,-0.84753406,-8.914127,6.453922,-0.540661,-1.7381414,2.054396,-0.073845014,1
14.479999999999736,18.64451254462718,-3.909205164462779,1.101181581962748,0.293343855098633,13.350349,-1.8097147,2.419061,0.11250397,8.079122,-5.6398573,1.2686939,-0.46973976,-0.05083483,-0.23290254,-0.85001004,-8.871291,6.499619,-0.5208668,-1.749313,2.1112554,-0.06470083,1
14.489999999999736,18.76067830679127,-3.5122626086677196,0.7664868493103102,0.31296326496079424,13.136118,-1.4721946,2.191963,0.11850534,7.9906087,-5.5746274,1.2635871,-0.46791008,-0.037562475,-0.23045716,-0.8523726,-8.831814,6.5465794,-0.50039834,-1.7587426,2.159248,-0.056005325,1
14.499999999999735,18.76067830679127,-3.5122626086677196,0.7664868493103102,0.31296326496079424,13.136118,-1.4721946,2.191963,0.11850534,7.9024706,-5.508925,1.2586784,-0.46592075,-0.024225043,-0.22810487,-0.85457563,-8.79634,6.594041,-0.48126462,-1.7140675,2.1643386,-0.04744204,1
14.509999999999735,18.76067830679127,-3.5122626086677196,0.7664868493103102,0.31296326496079424,13.136118,-1.4721946,2.191963,0.11850534,7.8146706,-5.442742,1.2539634,-0.46379647,-0.010968255,-0.2258946,-0.8565889,-8.764243,6.6427593,-0.46167406,-1.6763588,2.1686366,-0.03929896,1
14.519999999999735,18.76067830679127,-3.5122626086677196,0.7664868493103102,0.31296326496079424,13.136118,-1.4721946,2.191963,0.11850534,7.7271748,-5.3760653,1.2494462,-0.4615446,0.0022181098,-0.22379917,-0.8584206,-8.735509,6.692726,-0.4417383,-1.6445303,2.1722653,-0.031555463,1
14.529999999999735,19.17349484808039,-2.928767716412217,0.2685020702484181,0.33288988902558175,13.386602,-0.9869787,1.7972082,0.212613,7.6399493,-5.308883,1.2451295,-0.4591712,0.015342364,-0.22179566,-0.86007756,-8.710128,6.743929,-0.42156398,-1.6176649,2.175329,-0.024191942,1
14.539999999999734,19.17349484808039,-2.928767716412217,0.2685020702484181,0.33288988902558175,13.386602,-0.9869787,1.7972082,0.212613,7.552963,-5.241178,1.2410265,-0.456711,0.028183723,-0.21996005,-0.8615327,-8.687656,6.7973495,-0.39899746,-1.5193268,2.1163483,-0.012571847,1
14.549999999999734,19.17349484808039,-2.928767716412217,0.2685020702484181,0.33288988902558175,13.386602,-0.9869787,1.7972082,0.212613,7.466184,-5.1729326,1.2371496,-0.45419663,0.04056753,-0.2183544,-0.8627754,-8.668476,6.85198,-0.3764046,-1.4363226,2.0665674,-0.0015219674,1
14.559999999999734,19.17349484808039,-2.928767716412217,0.2685020702484181,0.33288988902558175,13.386602,-0.9869787,1.7972082,0.212613,7.379581,-5.104135,1.2334983,-0.45162916,0.052562173,-0.2169417,-0.8638315,-8.652467,6.9077883,-0.35388777,-1.3662616,2.0245516,0.008985691,1
14.569999999999734,19.53412286859692,-2.4633176412831834,-0.18872769377499496,0.34538624639531457,13.871927,-0.5612653,1.3507893,0.41244206,7.293123,-5.034773,1.2300714,-0.44900873,0.06422537,-0.21569037,-0.8647221,-8.639528,6.964742,-0.33153796,-1.3071254,1.9890894,0.018977739,1
14.579999999999734,19.53412286859692,-2.4633176412831834,-0.18872769377499496,0.34538624639531457,13.871927,-0.5612653,1.3507893,0.41244206,7.2067814,-4.9648256,1.2268887,-0.44636458,0.07536969,-0.21464291,-0.86545175,-8.6292,7.0249143,-0.30507946,-1.1908317,1.8895332,0.038285144,1
14.589999999999733,19.53412286859692,-2.4633176412831834,-0.18872769377499496,0.34538624639531457,13.871927,-0.5612653,1.3507893,0.41244206,7.1205287,-4.8942704,1.2239687,-0.44372153,0.0858493,-0.2138342,-0.8660348,-8.621775,7.086192,-0.27895325,-1.0926708,1.8055056,0.056645136,1
14.599999999999733,19.53412286859692,-2.4633176412831834,-0.18872769377499496,0.34538624639531457,13.871927,-0.5612653,1.3507893,0.41244206,7.0343366,-4.823097,1.2213082,-0.44107267,0.0957651,-0.21322878,-0.8664974,-8.617074,7.148529,-0.25322118,-1.0098156,1.7345845,0.074104205,1
14.609999999999733,20.85295128354666,-2.0657680780529937,-1.0543054041887632,0.9415652343761642,14.344257,-0.4226174,0.6037667,0.51977414,6.9481783,-4.751296,1.2189027,-0.43841144,0.10520229,-0.21279624,-0.8668598,-8.614945,7.2118835,-0.2279352,-0.93987966,1.6747249,0.090706535,1
14.619999999999733,20.85295128354666,-2.0657680780529937,-1.0543054041887632,0.9415652343761642,14.344257,-0.4226174,0.6037667,0.51977414,6.862029,-4.678846,1.2167686,-0.4357907,0.1139467,-0.21242976,-0.86716574,-8.615258,7.278399,-0.1989493,-0.8592238,1.5077027,0.11176101,1
14.629999999999733,20.85295128354666,-2.0657680780529937,-1.0543054041887632,0.9415652343761642,14.344257,-0.4226174,0.6037667,0.51977414,6.775865,-4.6057253,1.214922,-0.43325314,0.12183276,-0.2120457,-0.8674592,-8.617877,7.345808,-0.17046171,-0.79114294,1.3667289,0.13178234,1
14.639999999999732,20.85295128354666,-2.0657680780529937,-1.0543054041887632,0.9415652343761642,14.344257,-0.4226174,0.6037667,0.51977414,6.689664,-4.5319266,1.2133578,-0.43077916,0.12899224,-0.21165082,-0.86775255,-8.6226015,7.4139977,-0.14245349,-0.733677,1.247741,0.15082121,1
14.649999999999732,20.85295128354666,-2.0657680780529937,-1.0543054041887632,0.9415652343761642,14.564657,-0.5006142,0.314783,0.6068601,6.6034064,-4.4574423,1.2120713,-0.42835164,0.13553643,-0.21125023,-0.86805433,-8.629257,7.4828715,-0.11490521,-0.6851711,1.1473101,0.16892582,1
14.659999999999732,20.85295128354666,-2.0657680780529937,-1.0543054041887632,0.9415652343761642,14.564657,-0.5006142,0.314783,0.6068601,6.5170727,-4.3822613,1.2110678,-0.42596665,0.14146991,-0.21077275,-0.8683972,-8.637827,7.553412,-0.085870616,-0.6563898,1.0174717,0.19041538,1
14.669999999999732,20.85295128354666,-2.0657680780529937,-1.0543054041887632,0.9415652343761642,14.564657,-0.5006142,0.314783,0.6068601,6.4306445,-4.3063726,1.2103525,-0.4236192,0.14680094,-0.21016267,-0.8688084,-8.648064,7.624452,-0.057237957,-0.6320952,0.9078824,0.21085043,1
14.679999999999731,20.85295128354666,-2.0657680780529937,-1.0543054041887632,0.9415652343761642,14.564657,-0.5006142,0.314783,0.6068601,6.344106,-4.229771,1.2099218,-0.421294,0.15162106,-0.20944405,-0.86928463,-8.6598425,7.695888,-0.028962106,-0.6115883,0.815384,0.23028274,1
14.689999999999731,20.451616416532463,-1.9525528965703705,-1.8732540141933078,0.9148008574061793,14.129044,-0.35995004,-0.12676023,0.48894423,6.2574425,-4.152453,1.2097722,-0.4189783,0.15600759,-0.20863676,-0.86982167,-8.673056,7.7676334,-0.0010033483,-0.59427917,0.737311,0.2487615,1
14.699999999999731,20.451616416532463,-1.9525528965703705,-1.8732540141933078,0.9148008574061793,14.129044,-0.35995004,-0.12676023,0.48894423,6.1706424,-4.074428,1.209882,-0.41672006,0.15985169,-0.20773019,-0.87042534,-8.687167,7.837456,0.02291518,-0.55771863,0.6025612,0.26054734,1
14.70999999999973,20.451616416532463,-1.9525528965703705,-1.8732540141933078,0.9148008574061793,14.129044,-0.35995004,-0.12676023,0.48894423,6.083695,-3.995704,1.2102299,-0.41455966,0.16307124,-0.20671695,-0.8711007,-8.702435,7.9074073,0.046620905,-0.526861,0.48882538,0.27175483,1
14.71999999999973,20.451616416532463,-1.9525528965703705,-1.8732540141933078,0.9148008574061793,14.129044,-0.35995004,-0.12676023,0.48894423,5.99659,-3.91628,1.210814,-0.41247675,0.16576253,-0.20561628,-0.8718417,-8.718723,7.977397,0.07017209,-0.50081724,0.39282623,0.28241238,1
14.72999999999973,19.970362277657415,-1.9429384481964411,-2.5186768267511725,0.8668139804014731,13.323551,-0.46242175,-0.926044,0.5780204,5.9093175,-3.8361561,1.211633,-0.41045415,0.1680067,-0.20444399,-0.87264204,-8.73592,8.047351,0.09361924,-0.4788363,0.31179783,0.29254696,1
14.73999999999973,19.970362277657415,-1.9429384481964411,-2.5186768267511725,0.8668139804014731,13.323551,-0.46242175,-0.926044,0.5780204,5.821874,-3.7553532,1.2126516,-0.40852618,0.16960764,-0.20304815,-0.8735625,-8.75289,8.113209,0.110089265,-0.47624084,0.11875318,0.30655524,1
14.74999999999973,19.970362277657415,-1.9429384481964411,-2.5186768267511725,0.8668139804014731,13.323551,-0.46242175,-0.926044,0.5780204,5.734257,-3.6738927,1.213835,-0.4067174,0.1704127,-0.20130977,-0.87465155,-8.770473,8.178821,0.12660827,-0.47405297,-0.044185903,0.31987613,1
14.75999999999973,19.970362277657415,-1.9429384481964411,-2.5186768267511725,0.8668139804014731,13.323551,-0.46242175,-0.926044,0.5780204,5.646463,-3.591778,1.2151843,-0.405001,0.17054367,-0.1992847,-0.87588537,-8.788529,8.244041,0.14327662,-0.47220904,-0.1817146,0.33254337,1
14.76999999999973,19.965871636641467,-2.007989877844138,-2.8122188535132038,0.8345702281178647,12.945322,-0.5510835,-1.2548339,0.58533937,5.558486,-3.5090137,1.2167015,-0.40335435,0.17010324,-0.1970195,-0.87724227,-8.806944,8.308749,0.16017841,-0.47065532,-0.2977956,0.34458902,1
14.77999999999973,19.965871636641467,-2.007989877844138,-2.8122188535132038,0.8345702281178647,12.945322,-0.5510835,-1.2548339,0.58533937,5.470326,-3.4256146,1.2183727,-0.40177715,0.16907671,-0.19446903,-0.8787323,-8.825079,8.3710165,0.17411412,-0.4831613,-0.4470517,0.35640272,1
14.78999999999973,19.965871636641467,-2.007989877844138,-2.8122188535132038,0.8345702281178647,12.945322,-0.5510835,-1.2548339,0.58533937,5.3819833,-3.3415961,1.2201852,-0.4002675,0.16745646,-0.19159915,-0.8803605,-8.843352,8.432555,0.18842955,-0.49372026,-0.573031,0.3676367,1
14.799999999999729,19.965871636641467,-2.007989877844138,-2.8122188535132038,0.8345702281178647,12.945322,-0.5510835,-1.2548339,0.58533937,5.2934575,-3.2569664,1.2221429,-0.39880553,0.16533206,-0.18846032,-0.88210136,-8.861668,8.493245,0.2031981,-0.50263596,-0.6793634,0.37831947,1
14.809999999999729,21.0,-2.746428936284054,-5.9999977978027115,2.8745075536083453,18.38906,-1.8233492,-5.5560575,3.4094033,5.2047486,-3.1717343,1.2242508,-0.39737448,0.16277926,-0.1850948,-0.8839327,-8.879939,8.552987,0.21847847,-0.51016414,-0.769113,0.38847798,1
14.819999999999729,21.0,-2.746428936284054,-5.9999977978027115,2.8745075536083453,18.38906,-1.8233492,-5.5560575,3.4094033,5.1158094,-3.0857506,1.226823,-0.3959074,0.15868807,-0.18099342,-0.8861814,-8.907781,8.643154,0.29556876,-0.5579092,-1.3589149,0.5226658,1
14.829999999999728,21.0,-2.746428936284054,-5.9999977978027115,2.8745075536083453,18.38906,-1.8233492,-5.5560575,3.4094033,5.0265985,-2.9988854,1.2301542,-0.39428613,0.15209591,-0.17557721,-0.8891449,-8.934281,8.729197,0.37034512,-0.64056885,-1.8991997,0.6540634,1
14.839999999999728,21.0,-2.746428936284054,-5.9999977978027115,2.8745075536083453,18.38906,-1.8233492,-5.5560575,3.4094033,4.937131,-2.911183,1.2342235,-0.39242387,0.14325996,-0.1687853,-0.89274424,-8.958907,8.810467,0.44326124,-0.7516654,-2.3966484,0.78271425,1
14.849999999999728,21.0,-2.746428936284054,-5.9999977978027115,2.8745075536083453,18.106695,-1.9195781,-5.644504,3.1854696,4.8474283,-2.8226945,1.2390141,-0.39024112,0.13239744,-0.16056739,-0.8968844,-8.981231,8.886367,0.51466733,-0.88577515,-2.8569455,0.9086637,1
14.859999999999728,21.0,-2.746428936284054,-5.9999977978027115,2.8745075536083453,18.106695,-1.9195781,-5.644504,3.1854696,4.757517,-2.7334816,1.2444997,-0.38769075,0.11968098,-0.15083182,-0.90145594,-9.000664,8.955481,0.5827852,-1.0465013,-3.2918344,1.0203872,1
14.869999999999727,21.0,-2.746428936284054,-5.9999977978027115,2.8745075536083453,18.106695,-1.9195781,-5.644504,3.1854696,4.6674237,-2.6436024,1.2506778,-0.3847371,0.105327405,-0.13967074,-0.90629804,-9.017541,9.019502,0.6532036,-1.1821616,-3.6589036,1.1266284,1
14.879999999999727,21.0,-2.746428936284054,-5.9999977978027115,2.8745075536083453,18.106695,-1.9195781,-5.644504,3.1854696,4.577176,-2.5531113,1.2575719,-0.3813301,0.08956959,-0.12729327,-0.91124177,-9.031503,9.077759,0.72596145,-1.2966739,-3.9687262,1.2276564,1
14.889999999999727,21.0,-2.8222333749543007,-5.666093120928556,2.684549237433474,17.946138,-1.784029,-5.8662257,3.035072,4.486805,-2.462069,1.2652049,-0.37742832,0.07260941,-0.11387648,-0.91613775,-9.042212,9.12967,0.80098295,-1.3933427,-4.2302275,1.3237268,1
14.899999999999727,21.0,-2.8222333749543007,-5.666093120928556,2.684549237433474,17.946138,-1.784029,-5.8662257,3.035072,4.396344,-2.3705435,1.273591,-0.37302887,0.05452323,-0.0995862,-0.9208473,-9.049278,9.174335,0.8765386,-1.4538053,-4.485492,1.4077028,1
14.909999999999727,21.0,-2.8222333749543007,-5.666093120928556,2.684549237433474,17.946138,-1.784029,-5.8662257,3.035072,4.3058324,-2.278607,1.282742,-0.36812893,0.035386276,-0.08456405,-0.925245,-9.052451,9.211781,0.9539045,-1.5048622,-4.7009416,1.4875584,1
14.919999999999726,21.0,-2.8222333749543007,-5.666093120928556,2.684549237433474,17.946138,-1.784029,-5.8662257,3.035072,4.21531,-2.186334,1.2926742,-0.36270016,0.015362831,-0.06891753,-0.9292273,-9.0513935,9.241646,1.0327423,-1.5479809,-4.8827853,1.5634953,1
14.929999999999726,20.999997615276893,-2.7361079538759143,-4.171524320655544,2.836717273119214,15.567188,-1.4514136,-4.8017616,2.6081727,4.12482,-2.0938015,1.3034006,-0.35672238,-0.005402089,-0.052739717,-0.9327051,-9.045798,9.263639,1.1126438,-1.5843996,-5.036264,1.635706,1
14.939999999999726,20.999997615276893,-2.7361079538759143,-4.171524320655544,2.836717273119214,15.567188,-1.4514136,-4.8017616,2.6081727,4.034404,-2.0010989,1.3148109,-0.35021272,-0.026426585,-0.036387634,-0.9355901,-9.036787,9.2757225,1.1694673,-1.5635437,-4.99972,1.6834252,1
14.949999999999726,20.999997615276893,-2.7361079538759143,-4.171524320655544,2.836717273119214,15.567188,-1.4514136,-4.8017616,2.6081727,3.944099,-1.9083107,1.3267902,-0.3432116,-0.047315966,-0.020150498,-0.9378492,-9.023512,9.280848,1.2263707,-1.5459439,-4.9688745,1.7288029,1
14.959999999999726,20.999997615276893,-2.7361079538759143,-4.171524320655544,2.836717273119214,15.567188,-1.4514136,-4.8017616,2.6081727,3.8539486,-1.8155054,1.3393371,-0.33573827,-0.06806904,-0.0040123938,-0.9394842,-9.005912,9.279127,1.2829183,-1.5310922,-4.94284,1.7719539,1
14.969999999999725,18.363593433752722,-2.1616427729346004,-2.1019836761001267,2.825368040228795,12.318346,-1.2569146,-3.2601683,2.4040647,3.7639961,-1.7227511,1.352446,-0.327811,-0.08868254,0.0120386155,-0.9404949,-8.9839325,9.270686,1.338683,-1.5185599,-4.920865,1.8129874,1
14.979999999999725,18.363593433752722,-2.1616427729346004,-2.1019836761001267,2.825368040228795,12.318346,-1.2569146,-3.2601683,2.4040647,3.6742582,-1.6300995,1.3659471,-0.31947783,-0.10859756,0.0277357,-0.9409418,-8.963061,9.258824,1.3613921,-1.4779737,-4.6618605,1.8419918,1
14.989999999999725,18.363593433752722,-2.1616427729346004,-2.1019836761001267,2.825368040228795,12.318346,-1.2569146,-3.2601683,2.4040647,3.5847461,-1.5375913,1.3796695,-0.31080535,-0.12737343,0.04287272,-0.94092417,-8.938839,9.242057,1.3828894,-1.4436816,-4.443252,1.8695729,1
14.999999999999725,18.363593433752722,-2.1616427729346004,-2.1019836761001267,2.825368040228795,12.318346,-1.2569146,-3.2601683,2.4040647,3.4954927,-1.4452742,1.3936,-0.30183187,-0.14516596,0.057538558,-0.940486,-8.911417,9.220682,1.4029537,-1.4147071,-4.2587395,1.8958005,1
15.009999999999724,21.0,-3.7153176075933647,-3.993993161907931,5.15045427480324,20.252312,-3.4257054,-4.948152,4.8171353,3.4065282,-1.3531928,1.4077231,-0.29258797,-0.16210715,0.07180709,-0.9396582,-8.880928,9.194967,1.4213915,-1.3902246,-4.1030054,1.9207411,1
15.019999999999724,21.0,-3.7153176075933647,-3.993993161907931,5.15045427480324,20.252312,-3.4257054,-4.948152,4.8171353,3.31799,-1.2614833,1.422392,-0.2829069,-0.17866793,0.08679785,-0.93835384,-8.82594,9.1458645,1.5119041,-1.7070997,-4.2353587,2.062868,1
15.029999999999724,21.0,-3.7153176075933647,-3.993993161907931,5.15045427480324,20.252312,-3.4257054,-4.948152,4.8171353,3.2300255,-1.1702998,1.4379493,-0.27260524,-0.1952148,0.10339774,-0.9364223,-8.766222,9.0896845,1.5989696,-1.9745831,-4.34705,2.1980207,1
15.039999999999724,21.0,-3.7153176075933647,-3.993993161907931,5.15045427480324,20.252312,-3.4257054,-4.948152,4.8171353,3.1426816,-1.079715,1.4543577,-0.26168516,-0.21170394,0.12134696,-0.93379736,-8.701872,9.026091,1.6820397,-2.2003784,-4.441299,2.3265417,1
15.049999999999724,21.0,-3.7153176075933647,-3.993993161907931,5.15045427480324,20.327393,-3.480552,-5.080286,5.0161023,3.0560038,-0.9898042,1.4715743,-0.25015098,-0.22809102,0.14042109,-0.93041986,-8.632961,8.954875,1.7605386,-2.3909874,-4.5208206,2.448756,1
15.059999999999723,21.0,-3.7153176075933647,-3.993993161907931,5.15045427480324,20.327393,-3.480552,-5.080286,5.0161023,2.9700391,-0.9006455,1.4895537,-0.23798406,-0.24437171,0.16046433,-0.9262275,-8.559276,8.875654,1.834503,-2.5603867,-4.6085486,2.5747364,1
15.069999999999723,21.0,-3.7153176075933647,-3.993993161907931,5.15045427480324,20.327393,-3.480552,-5.080286,5.0161023,2.884834,-0.8123177,1.5082443,-0.22516917,-0.26053163,0.1813373,-0.9211618,-8.481101,8.788693,1.9026493,-2.7033968,-4.682566,2.694535,1
15.079999999999723,21.0,-3.7153176075933647,-3.993993161907931,5.15045427480324,20.327393,-3.480552,-5.080286,5.0161023,2.8004327,-0.7248979,1.5275846,-0.21172053,-0.2765132,0.20287961,-0.91518015,-8.398462,8.694095,1.9643384,-2.824132,-4.745012,2.808455,1
15.089999999999723,21.0,-3.210283152194972,-2.352028111521843,5.999958969813097,20.387535,-3.2386556,-3.647959,5.693806,2.71688,-0.6384615,1.5475067,-0.19765583,-0.2922619,0.22494993,-0.90824705,-8.311384,8.592063,2.0189376,-2.926066,-4.797691,2.916785,1
15.099999999999723,21.0,-3.210283152194972,-2.352028111521843,5.999958969813097,20.387535,-3.2386556,-3.647959,5.693806,2.6342216,-0.5530828,1.567939,-0.18302639,-0.30720887,0.2472525,-0.90054995,-8.219658,8.482589,2.0662916,-2.974743,-4.6187477,3.0530543,1
15.109999999999722,21.0,-3.210283152194972,-2.352028111521843,5.999958969813097,20.387535,-3.2386556,-3.647959,5.693806,2.552501,-0.46883264,1.5888048,-0.16788936,-0.3209057,0.26956546,-0.892282,-8.123801,8.366458,2.1055987,-3.0158222,-4.46769,3.1826367,1
15.119999999999722,21.0,-3.210283152194972,-2.352028111521843,5.999958969813097,20.387535,-3.2386556,-3.647959,5.693806,2.4717588,-0.3857748,1.6100224,-0.15227138,-0.33346596,0.29186863,-0.8834176,-8.0240965,8.244199,2.1366014,-3.050488,-4.3401704,3.3058608,1
15.129999999999722,21.0,-1.7307627659200007,-0.64422992877391,5.999993619304711,18.811075,-2.074043,-2.072975,5.807462,2.3920317,-0.3039679,1.6315074,-0.13619775,-0.34498256,0.31413817,-0.8739305,-7.920776,8.116344,2.1590593,-3.0797405,-4.232519,3.423038,1
15.139999999999722,21.0,-1.7307627659200007,-0.64422992877391,5.999993619304711,18.811075,-2.074043,-2.072975,5.807462,2.313314,-0.22341412,1.6531297,-0.1197235,-0.35504246,0.33586937,-0.8641777,-7.8223057,7.9937387,2.1641579,-2.9233544,-3.8956141,3.5400426,1
15.149999999999721,21.0,-1.7307627659200007,-0.64422992877391,5.999993619304711,18.811075,-2.074043,-2.072975,5.807462,2.2355957,-0.14410676,1.6747636,-0.102911554,-0.36333558,0.3566901,-0.85449916,-7.7209735,7.867169,2.1614056,-2.7912967,-3.611273,3.6513057,1
15.159999999999721,21.0,-1.7307627659200007,-0.64422992877391,5.999993619304711,18.811075,-2.074043,-2.072975,5.807462,2.1589038,-0.06608216,1.6963319,-0.085792944,-0.37006956,0.3767485,-0.8448366,-7.617037,7.737281,2.1510918,-2.6797783,-3.3712964,3.757109,1
15.169999999999721,19.169955587793186,0.5223532218442468,1.176686399469905,5.607078212709499,12.178022,-0.08910389,-0.6052929,5.2729,2.0832634,0.0106293745,1.7177604,-0.06839364,-0.37541828,0.39616102,-0.8351288,-7.5106993,7.6046357,2.1334803,-2.5856009,-3.1687636,3.8577206,1
