time-since-start [s],throttle_mpc,roll_mpc,pitch_mpc,yaw_mpc,throttle_nw,roll_nw,pitch_nw,yaw_nw,position_x [m],position_y [m],position_z [m],rotation_w [quaternion],rotation_x [quaternion],rotation_y [quaternion],rotation_z [quaternion],velocity_x [m/s],velocity_y [m/s],velocity_z [m/s],omega_x [rad/s],omega_y [rad/s],omega_z [rad/s],network_used
0.0,7.0564685017708735,-0.6460797172250089,-5.9999994775554795,0.2657399770716952,10.561079,-0.45240906,-0.5062791,-0.18148747,13.102188,-12.048917,1.0737401,-0.3050499,0.41923004,-0.1830024,-0.8352849,-2.280919,2.2024465,0.43906522,-0.029207557,0.006608377,-0.047825135,0
0.01,7.0564685017708735,-0.6460797172250089,-5.9999994775554795,0.2657399770716952,10.2667885,-0.5893421,-0.7466012,0.11445227,13.079141,-12.026664,1.0778762,-0.30557293,0.41755956,-0.18217783,-0.8361103,-2.3283577,2.2476883,0.38791257,-0.020982467,-0.82567024,-0.041802447,0
0.02,7.0564685017708735,-0.6460797172250089,-5.9999994775554795,0.2657399770716952,10.2667885,-0.5893421,-0.7466012,0.11445227,13.055628,-12.003968,1.0814937,-0.30675277,0.41261727,-0.18013144,-0.8385716,-2.373733,2.290985,0.33541268,-0.04616938,-1.5602955,-0.033200502,0
0.03,7.0564685017708735,-0.6460797172250089,-5.9999994775554795,0.2657399770716952,10.2667885,-0.5893421,-0.7466012,0.11445227,13.0316725,-11.98085,1.0845817,-0.30841535,0.40480083,-0.17687088,-0.84245646,-2.4169269,2.3322468,0.28209504,-0.09745323,-2.210394,-0.022334,0
0.04,7.0564685017708735,-0.6460797172250089,-5.9999994775554795,0.2657399770716952,9.75563,-0.8300332,-0.82522285,0.010438707,13.007296,-11.95733,1.0871341,-0.31040677,0.39443874,-0.17240763,-0.8475501,-2.457866,2.3713923,0.22837208,-0.16883665,-2.7872214,-0.009486465,0
0.05,7.0564685017708735,-0.6460797172250089,-5.9999994775554795,0.2657399770716952,9.75563,-0.8300332,-0.82522285,0.010438707,12.98252,-11.933427,1.0891513,-0.31259835,0.38181585,-0.16677986,-0.85362947,-2.4971378,2.408949,0.17528613,-0.2432368,-3.288254,0.0040189805,0
0.060000000000000005,7.0564685017708735,-0.6460797172250089,-5.9999994775554795,0.2657399770716952,9.75563,-0.8300332,-0.82522285,0.010438707,12.957356,-11.909154,1.090646,-0.31490266,0.36721838,-0.16011965,-0.86043507,-2.535355,2.4454613,0.123931825,-0.3060279,-3.711152,0.0168617,0
0.07,7.0564685017708735,-0.6460797172250089,-5.9999994775554795,0.2657399770716952,9.75563,-0.8300332,-0.82522285,0.010438707,12.931817,-11.8845215,1.0916365,-0.3172496,0.35090145,-0.15256624,-0.8677236,-2.5723438,2.4807265,0.07448366,-0.35902262,-4.0681,0.029074224,0
0.08,9.195909507210816,-0.6155203091428636,-5.541289805907061,0.28423599040115605,11.203066,-1.2645206,-0.9186685,0.52362156,12.905914,-11.859544,1.0921427,-0.31957787,0.3330825,-0.14423805,-0.8752835,-2.6079347,2.5145519,0.027057238,-0.40375018,-4.3693824,0.040687483,0
0.09,9.195909507210816,-0.6155203091428636,-5.541289805907061,0.28423599040115605,11.203066,-1.2645206,-0.9186685,0.52362156,12.879611,-11.834187,1.0922643,-0.32181135,0.3141063,-0.13530736,-0.8828739,-2.6522849,2.556525,-0.0022933204,-0.4367356,-4.5521455,0.052638482,0
0.09999999999999999,9.195909507210816,-0.6155203091428636,-5.541289805907061,0.28423599040115605,11.203066,-1.2645206,-0.9186685,0.52362156,12.852875,-11.808422,1.0921059,-0.32389146,0.29426503,-0.12591995,-0.89030683,-2.6944256,2.596195,-0.028940503,-0.4645768,-4.706406,0.064003035,0
0.10999999999999999,9.195909507210816,-0.6155203091428636,-5.541289805907061,0.28423599040115605,11.203066,-1.2645206,-0.9186685,0.52362156,12.825729,-11.782273,1.0916944,-0.32579303,0.27366242,-0.11613481,-0.89748544,-2.7341943,2.6333876,-0.052945253,-0.48807696,-4.83661,0.07480991,0
0.11999999999999998,9.195909507210816,-0.6155203091428636,-5.541289805907061,0.28423599040115605,11.203066,-1.2645206,-0.9186685,0.52362156,12.7982,-11.755764,1.0910556,-0.32749498,0.25239003,-0.10600349,-0.904328,-2.7714362,2.667941,-0.074403375,-0.50791335,-4.946509,0.08508652,0
0.12999999999999998,10.99711883896123,-0.27456922208703066,-3.650266360647961,0.12008420939923199,11.658661,-1.1663268,-0.6493329,0.7033391,12.770309,-11.728923,1.0902146,-0.32897982,0.23052932,-0.09557138,-0.9107657,-2.8060048,2.699706,-0.09344129,-0.5246574,-5.039269,0.09485885,0
0.13999999999999999,10.99711883896123,-0.27456922208703066,-3.650266360647961,0.12008420939923199,11.658661,-1.1663268,-0.6493329,0.7033391,12.742057,-11.70175,1.0892739,-0.33021683,0.2088036,-0.085248865,-0.9165643,-2.8440044,2.7342212,-0.09429911,-0.48566574,-4.8226523,0.09609666,0
0.15,10.99711883896123,-0.27456922208703066,-3.650266360647961,0.12008420939923199,11.658661,-1.1663268,-0.6493329,0.7033391,12.713442,-11.674251,1.0883367,-0.33120626,0.18780808,-0.07537066,-0.92160153,-2.8786566,2.7652936,-0.09277373,-0.45275322,-4.6398177,0.09727374,0
0.16,11.7449759839141,0.012536543645309938,-1.6779536109037303,-0.039259452306747177,13.201176,-0.45349744,0.12034772,0.5722774,12.684495,-11.646457,1.0874254,-0.3319751,0.16743453,-0.06587045,-0.92596924,-2.9099991,2.7930026,-0.089180455,-0.42497206,-4.4854965,0.09839305,0
0.17,11.7449759839141,0.012536543645309938,-1.6779536109037303,-0.039259452306747177,13.201176,-0.45349744,0.12034772,0.5722774,12.655241,-11.618394,1.0865942,-0.3325356,0.14828694,-0.05705771,-0.92961025,-2.9400012,2.8191082,-0.07677794,-0.3567888,-4.0476556,0.091638416,0
0.18000000000000002,11.7449759839141,0.012536543645309938,-1.6779536109037303,-0.039259452306747177,13.201176,-0.45349744,0.12034772,0.5722774,12.625705,-11.590087,1.0858951,-0.33291993,0.130847,-0.049177438,-0.93253666,-2.9667413,2.8419895,-0.062832415,-0.29923025,-3.6780972,0.085215226,0
0.19000000000000003,11.7449759839141,0.012536543645309938,-1.6779536109037303,-0.039259452306747177,13.201176,-0.45349744,0.12034772,0.5722774,12.595917,-11.561564,1.0853418,-0.3331703,0.1148605,-0.04208891,-0.9348972,-2.9904594,2.8619354,-0.047650997,-0.25064126,-3.3661723,0.07910721,0
0.20000000000000004,12.256618353373923,0.1874255490252837,0.3012603534711446,-0.06308810292493604,14.155444,-0.766278,1.8792093,0.44447672,12.565906,-11.532858,1.0849456,-0.3333183,0.10010902,-0.035671793,-0.9368053,-3.0113657,2.879197,-0.03147824,-0.20962417,-3.1028929,0.07329893,0
0.21000000000000005,12.256618353373923,0.1874255490252837,0.3012603534711446,-0.06308810292493604,14.155444,-0.766278,1.8792093,0.44447672,12.535694,-11.503986,1.08474,-0.3333727,0.08712558,-0.030153083,-0.9382762,-3.0304694,2.8946645,-0.009506247,-0.14774132,-2.5720134,0.06660638,0
0.22000000000000006,12.256618353373923,0.1874255490252837,0.3012603534711446,-0.06308810292493604,14.155444,-0.766278,1.8792093,0.44447672,12.505304,-11.474971,1.0847573,-0.3333525,0.07632448,-0.025707524,-0.9393559,-3.0472279,2.9079776,0.013073936,-0.09550046,-2.1239252,0.06024223,0
0.23000000000000007,12.256618353373923,0.1874255490252837,0.3012603534711446,-0.06308810292493604,14.155444,-0.766278,1.8792093,0.44447672,12.474757,-11.445832,1.0850028,-0.33328834,0.06737126,-0.02216941,-0.9401533,-3.0620177,2.91953,0.036092896,-0.051400132,-1.7457169,0.05419037,0
0.24000000000000007,12.256618353373923,0.1874255490252837,0.3012603534711446,-0.06308810292493604,14.628429,-0.5810605,2.4425406,0.49232128,12.444071,-11.416585,1.0854802,-0.33320108,0.059981324,-0.0193981,-0.94074583,-3.0751617,2.9296563,0.05942949,-0.014172145,-1.4264908,0.048435476,0
0.25000000000000006,12.256618353373923,0.1874255490252837,0.3012603534711446,-0.06308810292493604,14.628429,-0.5810605,2.4425406,0.49232128,12.4132595,-11.387242,1.0861923,-0.3331047,0.053913083,-0.017274458,-0.9411886,-3.086934,2.9386413,0.08299681,0.017254485,-1.157048,0.042962987,0
0.26000000000000006,12.256618353373923,0.1874255490252837,0.3012603534711446,-0.06308810292493604,14.628429,-0.5810605,2.4425406,0.49232128,12.382336,-11.357815,1.0871408,-0.33300838,0.04896177,-0.015697686,-0.9415208,-3.0975685,2.9467254,0.10673229,0.043782894,-0.929625,0.03775903,0
0.2700000000000001,12.256618353373923,0.1874255490252837,0.3012603534711446,-0.06308810292493604,14.628429,-0.5810605,2.4425406,0.49232128,12.351312,-11.32831,1.0883274,-0.33291814,0.044954043,-0.014582578,-0.9417705,-3.1072626,2.9541128,0.13059059,0.06617682,-0.73766875,0.03281043,0
0.2800000000000001,13.678099629829735,0.3563790723504509,2.550325677092731,-0.0832667367715918,13.582621,-0.5211915,2.543417,0.58703715,12.320194,-11.298735,1.0897529,-0.3328377,0.041743275,-0.013857146,-0.9419577,-3.1161847,2.9609756,0.15453854,0.08508019,-0.5756482,0.028104668,0
0.2900000000000001,13.678099629829735,0.3563790723504509,2.550325677092731,-0.0832667367715918,13.582621,-0.5211915,2.543417,0.58703715,12.288986,-11.269089,1.0914891,-0.3327624,0.040030967,-0.01382374,-0.94205916,-3.1254783,2.9682493,0.19270936,0.12737969,-0.08815401,0.022639638,0
0.3000000000000001,13.678099629829735,0.3563790723504509,2.550325677092731,-0.0832667367715918,13.582621,-0.5211915,2.543417,0.58703715,12.257687,-11.23937,1.0936072,-0.3326884,0.04036665,-0.014718731,-0.94205743,-3.1345067,2.9755232,0.23089805,0.16308704,0.32331535,0.01744277,0
0.3100000000000001,13.678099629829735,0.3563790723504509,2.550325677092731,-0.0832667367715918,13.582621,-0.5211915,2.543417,0.58703715,12.226295,-11.209576,1.096107,-0.33261573,0.042430907,-0.016397052,-0.9419646,-3.1436853,2.9831967,0.26905468,0.19322892,0.6706159,0.01250092,0
0.3200000000000001,15.254055812238754,0.4582260783354505,4.249445962582683,-0.09566851938570686,14.178032,-0.483784,3.0139072,0.7366573,12.194811,-11.179703,1.0989879,-0.33254132,0.045953702,-0.018736105,-0.941782,-3.1533644,2.991607,0.30713296,0.2186726,0.9637551,0.0078015854,0
0.3300000000000001,15.254055812238754,0.4582260783354505,4.249445962582683,-0.09566851938570686,14.178032,-0.483784,3.0139072,0.7366573,12.163219,-11.149735,1.1023275,-0.3324496,0.051333424,-0.021896614,-0.9414683,-3.1650805,3.0021548,0.3607559,0.25603306,1.4761561,0.0027242773,0
0.34000000000000014,15.254055812238754,0.4582260783354505,4.249445962582683,-0.09566851938570686,14.178032,-0.483784,3.0139072,0.7366573,12.131504,-11.119655,1.1062021,-0.3323196,0.05887258,-0.025999947,-0.94096833,-3.1782198,3.0143418,0.41413835,0.28757015,1.9086483,-0.002103874,0
0.35000000000000014,15.254055812238754,0.4582260783354505,4.249445962582683,-0.09566851938570686,14.178032,-0.483784,3.0139072,0.7366573,12.0996475,-11.089442,1.1106089,-0.3321377,0.068230525,-0.03089705,-0.94025224,-3.19327,3.0286245,0.46715862,0.31419128,2.2736936,-0.006695116,0
0.36000000000000015,15.25881460179636,0.4610696600019053,4.824496728404358,-0.10451893927512541,15.981885,0.102253534,3.9473817,0.8344136,12.067631,-11.059074,1.1155435,-0.33188975,0.07911826,-0.03646136,-0.93928695,-3.2106378,3.0453832,0.51967424,0.33666196,2.58181,-0.011061074,1
0.37000000000000016,15.25881460179636,0.4610696600019053,4.824496728404358,-0.10451893927512541,15.981885,0.102253534,3.9473817,0.8344136,12.035422,-11.02852,1.1210359,-0.33144757,0.09121976,-0.042420793,-0.93809474,-3.2316163,3.0658534,0.5786777,0.30003256,2.7947786,0.030426618,1
0.38000000000000017,15.25881460179636,0.4610696600019053,4.824496728404358,-0.10451893927512541,15.981885,0.102253534,3.9473817,0.8344136,12.002989,-10.9977455,1.127114,-0.33069348,0.10426945,-0.04855688,-0.93670255,-3.255667,3.0894191,0.6368039,0.2691092,2.9745328,0.06987849,1
0.3900000000000002,15.25881460179636,0.4610696600019053,4.824496728404358,-0.10451893927512541,15.981885,0.102253534,3.9473817,0.8344136,11.970299,-10.96672,1.1337682,-0.3296307,0.11810805,-0.05484234,-0.93508625,-3.2830274,3.1162007,0.6938631,0.24300505,3.126253,0.10739444,1
0.4000000000000002,13.908859449322943,0.43737275384806434,4.528268237422456,-0.11953267820792511,15.089731,0.8835408,3.6698859,1.031695,11.937316,-10.93541,1.1409868,-0.32826355,0.1325997,-0.061253656,-0.9332247,-3.3138902,3.146288,0.7496537,0.22097053,3.254311,0.14306949,0
0.4100000000000002,13.908859449322943,0.43737275384806434,4.528268237422456,-0.11953267820792511,15.089731,0.8835408,3.6698859,1.031695,11.904029,-10.903803,1.1486571,-0.32671008,0.1478082,-0.067955546,-0.9310184,-3.3439364,3.1754189,0.7841906,0.25472876,3.452985,0.13018352,0
0.4200000000000002,13.908859449322943,0.43737275384806434,4.528268237422456,-0.11953267820792511,15.089731,0.8835408,3.6698859,1.031695,11.870425,-10.87189,1.1566653,-0.3250781,0.16377664,-0.07507092,-0.9283672,-3.3773084,3.207629,0.8172111,0.28322655,3.6206748,0.117929876,0
0.4300000000000002,13.908859449322943,0.43737275384806434,4.528268237422456,-0.11953267820792511,15.089731,0.8835408,3.6698859,1.031695,11.836471,-10.83964,1.1649952,-0.32335812,0.18036897,-0.082524195,-0.92525464,-3.4141197,3.2430446,0.84847194,0.30728313,3.762213,0.10627752,0
0.4400000000000002,13.908859449322943,0.43737275384806434,4.528268237422456,-0.11953267820792511,14.263241,1.1066407,3.3935652,0.6475314,11.80213,-10.807017,1.173628,-0.3215418,0.19746828,-0.09025073,-0.92166793,-3.4544504,3.2817566,0.87772286,0.32759026,3.8816779,0.09519694,0
0.45000000000000023,13.908859449322943,0.43737275384806434,4.528268237422456,-0.11953267820792511,14.263241,1.1066407,3.3935652,0.6475314,11.767367,-10.773993,1.182542,-0.31962228,0.21497396,-0.09819515,-0.91759753,-3.4983497,3.3238227,0.9047092,0.34473178,3.982512,0.0846601,0
0.46000000000000024,13.908859449322943,0.43737275384806434,4.528268237422456,-0.11953267820792511,14.263241,1.1066407,3.3935652,0.6475314,11.73215,-10.740529,1.1917136,-0.3175937,0.23279917,-0.1063099,-0.91303706,-3.5458398,3.3692725,0.92917424,0.35920092,4.0676208,0.074640304,0
0.47000000000000025,13.908859449322943,0.43737275384806434,4.528268237422456,-0.11953267820792511,14.263241,1.1066407,3.3935652,0.6475314,11.696439,-10.706595,1.201116,-0.31545132,0.25086883,-0.11455408,-0.9079826,-3.5969188,3.41811,0.9508613,0.3714141,4.1394567,0.06511218,0
0.48000000000000026,12.693677101334908,0.3981410032659903,3.5678085169087153,-0.1431702912204505,13.731979,1.6523553,2.7598734,0.39344367,11.660198,-10.672155,1.2107203,-0.3131912,0.2691178,-0.122892395,-0.9024323,-3.651562,3.4703171,0.9695155,0.38172257,4.2000904,0.056051604,0
0.49000000000000027,12.693677101334908,0.3981410032659903,3.5678085169087153,-0.1431702912204505,13.731979,1.6523553,2.7598734,0.39344367,11.62342,-10.637202,1.2204453,-0.31085855,0.28715003,-0.13116,-0.89649796,-3.70463,3.520992,0.9749849,0.38431284,4.1014843,0.046275735,0
0.5000000000000002,12.693677101334908,0.3981410032659903,3.5678085169087153,-0.1431702912204505,13.731979,1.6523553,2.7598734,0.39344367,11.586095,-10.601727,1.2302094,-0.30849943,0.3046563,-0.13922794,-0.8902965,-3.7607527,3.574572,0.97733504,0.3864963,4.018255,0.03697957,0
0.5100000000000002,12.693677101334908,0.3981410032659903,3.5678085169087153,-0.1431702912204505,13.731979,1.6523553,2.7598734,0.39344367,11.548194,-10.5657015,1.2399808,-0.30611116,0.32170072,-0.14711615,-0.88383317,-3.819768,3.630917,0.97646344,0.3883367,3.9480062,0.028139574,0
0.5200000000000002,12.02585213828409,0.30573541637827834,2.206827759825273,-0.15507462294704943,12.376308,1.8781964,2.398097,0.21704865,11.509689,-10.5291,1.2497271,-0.30369067,0.33833662,-0.15484115,-0.87711126,-3.8815238,3.6898952,0.9722718,0.38988802,3.8887122,0.019733338,0
0.5300000000000002,12.02585213828409,0.30573541637827834,2.206827759825273,-0.15507462294704943,12.376308,1.8781964,2.398097,0.21704865,11.4705715,-10.491912,1.2593907,-0.30131105,0.3541456,-0.16221987,-0.87033147,-3.9424763,3.7481332,0.95992506,0.3767882,3.626421,0.011155454,0
0.5400000000000003,12.02585213828409,0.30573541637827834,2.206827759825273,-0.15507462294704943,12.376308,1.8781964,2.398097,0.21704865,11.430833,-10.45413,1.2689149,-0.29904157,0.36881134,-0.16911368,-0.86368537,-4.0056477,3.8085337,0.9444194,0.36572745,3.405034,0.0029984927,0
0.5500000000000003,12.02585213828409,0.30573541637827834,2.206827759825273,-0.15507462294704943,12.376308,1.8781964,2.398097,0.21704865,11.390451,-10.415734,1.2782686,-0.29687175,0.38251102,-0.17559464,-0.85715723,-4.0708137,3.8708997,0.9258475,0.35638833,3.2181728,-0.004758205,0
0.5600000000000003,11.95075154613729,0.16920226109650532,0.5763464736126892,-0.15558973964127623,12.631557,0.9418531,2.278654,0.19434747,11.349409,-10.376706,1.2874217,-0.29479071,0.3953928,-0.181723,-0.85072863,-4.137784,3.9350626,0.9042919,0.34850332,3.0604525,-0.012134278,0
0.5700000000000003,11.95075154613729,0.16920226109650532,0.5763464736126892,-0.15558973964127623,12.631557,0.9418531,2.278654,0.19434747,11.307692,-10.33703,1.2963423,-0.29288754,0.40704548,-0.18731207,-0.84465647,-4.2059507,4.0004544,0.87939286,0.3205507,2.6730564,-0.019173676,0
0.5800000000000003,11.95075154613729,0.16920226109650532,0.5763464736126892,-0.15558973964127623,12.631557,0.9418531,2.278654,0.19434747,11.2652855,-10.296693,1.3050007,-0.29124102,0.41716263,-0.19222237,-0.83916867,-4.275491,4.0672617,0.8518772,0.29695418,2.3460746,-0.025867647,0
0.5900000000000003,11.95075154613729,0.16920226109650532,0.5763464736126892,-0.15558973964127623,12.631557,0.9418531,2.278654,0.19434747,11.222178,-10.255681,1.3133718,-0.28982452,0.42599657,-0.1965628,-0.834201,-4.3461833,4.1352835,0.82202125,0.27703536,2.0700858,-0.03223314,0
0.6000000000000003,12.77320122632385,0.026699000942213644,-0.8805992254615775,-0.14550093586545412,12.872313,0.36549202,-0.09714796,0.4840263,11.178359,-10.213984,1.3214338,-0.2886124,0.43375728,-0.200424,-0.82969105,-4.4178424,4.204357,0.7900675,0.26022124,1.8371375,-0.03828628,1
0.6100000000000003,12.77320122632385,0.026699000942213644,-0.8805992254615775,-0.14550093586545412,12.872313,0.36549202,-0.09714796,0.4840263,11.13379,-10.171564,1.3291916,-0.28760436,0.44035828,-0.20390368,-0.8257064,-4.4958997,4.2797475,0.7611951,0.27660468,1.5354909,-0.01265625,1
0.6200000000000003,12.77320122632385,0.026699000942213644,-0.8805992254615775,-0.14550093586545412,12.872313,0.36549202,-0.09714796,0.4840263,11.088438,-10.128386,1.3366517,-0.28679132,0.44573918,-0.20708899,-0.8223022,-4.5746355,4.3560057,0.73058444,0.29044405,1.2808863,0.011716099,1
0.6300000000000003,12.77320122632385,0.026699000942213644,-0.8805992254615775,-0.14550093586545412,12.872313,0.36549202,-0.09714796,0.4840263,11.042295,-10.08444,1.3437982,-0.28613886,0.45009464,-0.21003471,-0.8194049,-4.6538706,4.4330306,0.6985035,0.30213308,1.0659872,0.034892496,1
0.6400000000000003,12.77320122632385,0.026699000942213644,-0.8805992254615775,-0.14550093586545412,14.21648,-0.23784092,-1.1820486,0.75572985,10.995359,-10.039722,1.3506174,-0.2856166,0.4535869,-0.21278597,-0.81694794,-4.7334595,4.5107403,0.66518265,0.3120051,0.88460165,0.05693162,0
0.6500000000000004,12.77320122632385,0.026699000942213644,-0.8805992254615775,-0.14550093586545412,14.21648,-0.23784092,-1.1820486,0.75572985,10.94763,-9.994226,1.3570956,-0.2852674,0.45615137,-0.2151447,-0.8150221,-4.812666,4.588456,0.63034433,0.2675261,0.60931605,0.046998195,0
0.6600000000000004,12.77320122632385,0.026699000942213644,-0.8805992254615775,-0.14550093586545412,14.21648,-0.23784092,-1.1820486,0.75572985,10.899107,-9.947951,1.3632216,-0.2851334,0.4577472,-0.21695082,-0.8136944,-4.891989,4.6666536,0.5947614,0.2299787,0.376962,0.037552208,0
0.6700000000000004,12.77320122632385,0.026699000942213644,-0.8805992254615775,-0.14550093586545412,14.21648,-0.23784092,-1.1820486,0.75572985,10.849791,-9.900892,1.3689892,-0.2851881,0.45853013,-0.2182894,-0.812876,-4.9713316,4.745212,0.5586995,0.19828337,0.18084413,0.028569736,0
0.6800000000000004,14.063012476397578,-0.15980529335365573,-2.0940477019140276,-0.14049944877382164,14.901172,-0.4206734,-1.1819392,0.39087978,10.799681,-9.853046,1.3743949,-0.2854079,0.45862997,-0.21923171,-0.81248885,-5.0506124,4.824033,0.5223844,0.17152813,0.015311182,0.020028032,1
0.6900000000000004,14.063012476397578,-0.15980529335365573,-2.0940477019140276,-0.14049944877382164,14.901172,-0.4206734,-1.1819392,0.39087978,10.748713,-9.804346,1.3794882,-0.28566223,0.45809358,-0.21968792,-0.81257886,-5.142955,4.916181,0.49629834,0.079178765,-0.17139944,0.03822582,1
0.7000000000000004,14.063012476397578,-0.15980529335365573,-2.0940477019140276,-0.14049944877382164,14.901172,-0.4206734,-1.1819392,0.39087978,10.696822,-9.754723,1.3843215,-0.2858382,0.45696068,-0.21959406,-0.81318,-5.235115,5.008373,0.47039017,0.0012345761,-0.3289945,0.055530645,1
0.7100000000000004,14.063012476397578,-0.15980529335365573,-2.0940477019140276,-0.14049944877382164,14.901172,-0.4206734,-1.1819392,0.39087978,10.6440115,-9.704179,1.3888973,-0.28594005,0.45532092,-0.21903937,-0.814213,-5.3270717,5.100455,0.44487986,-0.06455216,-0.46201378,0.071986325,1
0.7200000000000004,15.190639349813932,-0.33440823762080873,-2.9878992514765113,-0.13841934594833147,15.529291,-0.91539705,-1.5366154,0.59212106,10.5902815,-9.652715,1.393221,-0.2859712,0.4532494,-0.21809864,-0.8156092,-5.418804,5.192299,0.4199521,-0.12007806,-0.57428956,0.08763452,0
0.7300000000000004,15.190639349813932,-0.33440823762080873,-2.9878992514765113,-0.13841934594833147,15.529291,-0.91539705,-1.5366154,0.59212106,10.535626,-9.600326,1.3973062,-0.28616035,0.4502228,-0.2166261,-0.8176092,-5.512049,5.28556,0.39723912,-0.15348794,-0.95069134,0.07654201,0
0.7400000000000004,15.190639349813932,-0.33440823762080873,-2.9878992514765113,-0.13841934594833147,15.529291,-0.91539705,-1.5366154,0.59212106,10.4800415,-9.547006,1.4011699,-0.2866928,0.44582567,-0.21450295,-0.8203872,-5.604854,5.3782797,0.37572682,-0.18169504,-1.268393,0.065993786,0
0.7500000000000004,15.190639349813932,-0.33440823762080873,-2.9878992514765113,-0.13841934594833147,15.529291,-0.91539705,-1.5366154,0.59212106,10.423532,-9.492762,1.4048264,-0.2875113,0.4402596,-0.21182261,-0.82379603,-5.6970224,5.4702783,0.3558343,-0.20550914,-1.5365489,0.055963177,0
0.7600000000000005,15.722639300309087,-0.40968605258194607,-3.588940928382864,-0.15152113471417028,17.34111,-1.2215836,-3.131973,1.0126907,10.366105,-9.437602,1.4082935,-0.28856584,0.43369293,-0.20866317,-0.82770765,-5.788376,5.5613947,0.33790547,-0.2256135,-1.7628855,0.046424776,0
0.7700000000000005,15.722639300309087,-0.40968605258194607,-3.588940928382864,-0.15152113471417028,17.34111,-1.2215836,-3.131973,1.0126907,10.307753,-9.38152,1.4116066,-0.28985116,0.42607573,-0.20499463,-0.8321196,-5.8819094,5.6546283,0.3251194,-0.25432378,-2.0476573,0.036711518,0
0.7800000000000005,15.722639300309087,-0.40968605258194607,-3.588940928382864,-0.15152113471417028,17.34111,-1.2215836,-3.131973,1.0126907,10.248471,-9.324513,1.4148049,-0.29135737,0.4173714,-0.2007946,-0.83701473,-5.9742236,5.7465973,0.31499115,-0.27856034,-2.2880185,0.02747488,0
0.7900000000000005,15.722639300309087,-0.40968605258194607,-3.588940928382864,-0.15152113471417028,17.34111,-1.2215836,-3.131973,1.0126907,10.188273,-9.266594,1.4179165,-0.29303816,0.40772796,-0.19613376,-0.8422697,-6.065117,5.837111,0.3078021,-0.29901987,-2.4908953,0.01869149,0
0.8000000000000005,15.761479181764715,-0.40858626677708665,-3.50092528065603,-0.15601370441048715,18.40639,-1.8837641,-2.3995662,1.7707077,10.127174,-9.207777,1.4209719,-0.2948537,0.3972706,-0.19107199,-0.8477789,-6.1543994,5.9259872,0.30376858,-0.31629047,-2.6621332,0.010339113,0
0.8100000000000005,15.761479181764715,-0.40858626677708665,-3.50092528065603,-0.15601370441048715,18.40639,-1.8837641,-2.3995662,1.7707077,10.06519,-9.14808,1.4240044,-0.29676393,0.38613555,-0.18567081,-0.8534384,-6.24211,6.0132694,0.30328888,-0.33069783,-2.7929406,0.0021761418,0
0.8200000000000005,15.761479181764715,-0.40858626677708665,-3.50092528065603,-0.15601370441048715,18.40639,-1.8837641,-2.3995662,1.7707077,10.002339,-9.087519,1.4270494,-0.29873568,0.37443793,-0.17998254,-0.8591623,-6.3278646,6.0985794,0.30622923,-0.342859,-2.9033484,-0.005586283,0
0.8300000000000005,15.761479181764715,-0.40858626677708665,-3.50092528065603,-0.15601370441048715,18.40639,-1.8837641,-2.3995662,1.7707077,9.938641,-9.026115,1.430141,-0.30074668,0.36224765,-0.17404196,-0.86489177,-6.411513,6.1817665,0.312645,-0.35312393,-2.9965382,-0.012967811,0
0.8400000000000005,15.761479181764715,-0.40858626677708665,-3.50092528065603,-0.15601370441048715,18.564655,-2.0798898,-2.768755,1.9813789,9.874118,-8.963892,1.4333143,-0.30277795,0.34962484,-0.16787903,-0.8705774,-6.4929104,6.2626886,0.32255796,-0.36178803,-3.0751953,-0.019987129,0
0.8500000000000005,15.761479181764715,-0.40858626677708665,-3.50092528065603,-0.15601370441048715,18.564655,-2.0798898,-2.768755,1.9813789,9.808792,-8.90087,1.4366041,-0.3048133,0.33662117,-0.16151972,-0.8761773,-6.5719185,6.341208,0.3359609,-0.36910075,-3.1415858,-0.026661994,0
0.8600000000000005,15.761479181764715,-0.40858626677708665,-3.50092528065603,-0.15601370441048715,18.564655,-2.0798898,-2.768755,1.9813789,9.742688,-8.837076,1.4400454,-0.30683902,0.32328138,-0.15498655,-0.8816566,-6.648408,6.417194,0.3528214,-0.3752728,-3.197623,-0.033009324,0
0.8700000000000006,15.761479181764715,-0.40858626677708665,-3.50092528065603,-0.15601370441048715,18.564655,-2.0798898,-2.768755,1.9813789,9.675833,-8.772535,1.4436723,-0.30884334,0.30964413,-0.14829913,-0.88698584,-6.7222548,6.4905224,0.37308517,-0.38048175,-3.2449214,-0.039045166,0
0.8800000000000006,14.57630415040226,-0.37316421902447156,-3.1039899502538106,-0.15012825026488233,15.572816,-0.8402786,-2.7770197,1.4016026,9.608253,-8.707274,1.4475186,-0.31081626,0.29574314,-0.1414746,-0.8921404,-6.793342,6.5610743,0.39667892,-0.38487798,-3.2848437,-0.044784836,0
0.8900000000000006,14.57630415040226,-0.37316421902447156,-3.1039899502538106,-0.15012825026488233,15.572816,-0.8402786,-2.7770197,1.4016026,9.540003,-8.641349,1.4515703,-0.31273112,0.2817457,-0.13459064,-0.89705306,-6.856436,6.623655,0.4141122,-0.3830613,-3.256638,-0.049954064,0
0.9000000000000006,14.57630415040226,-0.37316421902447156,-3.1039899502538106,-0.15012825026488233,15.572816,-0.8402786,-2.7770197,1.4016026,9.471134,-8.574812,1.4558107,-0.31456935,0.26778963,-0.12771142,-0.90167886,-6.916826,6.683509,0.43439996,-0.3815273,-3.2328315,-0.05486965,0
0.9100000000000006,14.57630415040226,-0.37316421902447156,-3.1039899502538106,-0.15012825026488233,15.572816,-0.8402786,-2.7770197,1.4016026,9.401675,-8.507689,1.4602675,-0.3163337,0.25386217,-0.120832734,-0.9060279,-6.97447,6.7405906,0.4573948,-0.38023195,-3.2127376,-0.059544023,0
0.9200000000000006,13.373968689953017,-0.3085740000226176,-2.41602260240174,-0.13678831098815744,14.479292,-0.4894586,-2.7735894,1.4294171,9.331655,-8.44001,1.4649675,-0.31802624,0.23995283,-0.11395125,-0.9101084,-7.0293293,6.794853,0.4829523,-0.3791385,-3.1957777,-0.06398903,0
0.9300000000000006,13.373968689953017,-0.3085740000226176,-2.41602260240174,-0.13678831098815744,14.479292,-0.4894586,-2.7735894,1.4294171,9.26112,-8.371824,1.4698833,-0.31962314,0.22629635,-0.107176416,-0.91386235,-7.077082,6.8420234,0.5005224,-0.36813623,-3.0741746,-0.06756131,0
0.9400000000000006,13.373968689953017,-0.3085740000226176,-2.41602260240174,-0.13678831098815744,14.479292,-0.4894586,-2.7735894,1.4294171,9.190122,-8.303178,1.474985,-0.32111067,0.2130823,-0.100596875,-0.9172591,-7.1222887,6.8866043,0.5201251,-0.3588496,-2.9715357,-0.07095831,0
0.9500000000000006,13.373968689953017,-0.3085740000226176,-2.41602260240174,-0.13678831098815744,14.479292,-0.4894586,-2.7735894,1.4294171,9.118684,-8.234099,1.4802921,-0.32250285,0.20024136,-0.09418197,-0.9203397,-7.164998,6.9286375,0.5415832,-0.35101134,-2.8849034,-0.0741886,0
0.9600000000000006,12.86485579408635,-0.21789481729754825,-1.5789596314398686,-0.11981453170463112,13.664491,-0.6131089,-2.1393492,1.4611442,9.046831,-8.164614,1.4858224,-0.323811,0.1877146,-0.08790565,-0.92313725,-7.2052526,6.9681587,0.56473833,-0.34439534,-2.8117816,-0.077260375,0
0.9700000000000006,12.86485579408635,-0.21789481729754825,-1.5789596314398686,-0.11981453170463112,13.664491,-0.6131089,-2.1393492,1.4611442,8.974595,-8.094751,1.491569,-0.32502097,0.17575017,-0.081888646,-0.9256174,-7.2416587,7.0037975,0.584765,-0.32466152,-2.6195247,-0.07934852,0
0.9800000000000006,12.86485579408635,-0.21789481729754825,-1.5789596314398686,-0.11981453170463112,13.664491,-0.6131089,-2.1393492,1.4611442,8.902006,-8.024546,1.4975224,-0.32612693,0.16454475,-0.076226905,-0.92776924,-7.2758603,7.0371647,0.6061072,-0.30800608,-2.4572496,-0.081334196,0
0.9900000000000007,12.86485579408635,-0.21789481729754825,-1.5789596314398686,-0.11981453170463112,13.664491,-0.6131089,-2.1393492,1.4611442,8.829086,-7.954016,1.503695,-0.3271473,0.15398219,-0.0708663,-0.9296462,-7.307979,7.068376,0.6286053,-0.29394898,-2.3202813,-0.083222434,0
1.0000000000000007,12.987910444574217,-0.10053952490557187,-0.6189077228289374,-0.10322947096761742,13.905441,-0.37983504,-1.2874293,1.4865745,8.755854,-7.8831854,1.510098,-0.32809657,0.14396365,-0.065760724,-0.9312908,-7.3381186,7.0975313,0.65212506,-0.28208455,-2.2046728,-0.085018024,0
1.0100000000000007,12.987910444574217,-0.10053952490557187,-0.6189077228289374,-0.10322947096761742,13.905441,-0.37983504,-1.2874293,1.4865745,8.682328,-7.812071,1.5167465,-0.32896715,0.13474794,-0.061041426,-0.93268293,-7.366652,7.1249895,0.6777176,-0.25376028,-1.9573749,-0.08591167,0
1.0200000000000007,12.987910444574217,-0.10053952490557187,-0.6189077228289374,-0.10322947096761742,13.905441,-0.37983504,-1.2874293,1.4865745,8.608526,-7.7406907,1.5236549,-0.32975745,0.12653723,-0.056811202,-0.9338205,-7.3934674,7.150647,0.70407933,-0.22985487,-1.7486429,-0.08676145,0
1.0300000000000007,12.987910444574217,-0.10053952490557187,-0.6189077228289374,-0.10322947096761742,13.905441,-0.37983504,-1.2874293,1.4865745,8.534464,-7.6690626,1.5308304,-0.33048505,0.119177125,-0.05299524,-0.9347555,-7.4187436,7.1746845,0.73108536,-0.20967917,-1.5724624,-0.08756955,0
1.0400000000000007,12.987910444574217,-0.10053952490557187,-0.6189077228289374,-0.10322947096761742,15.427099,-0.78387,-1.7044477,2.2351186,8.4601555,-7.597202,1.5382786,-0.33116338,0.112536475,-0.049529985,-0.9355282,-7.4426336,7.197255,0.75863606,-0.19265121,-1.4237568,-0.088337995,0
1.0500000000000007,12.987910444574217,-0.10053952490557187,-0.6189077228289374,-0.10322947096761742,15.427099,-0.78387,-1.7044477,2.2351186,8.385615,-7.5251217,1.5460047,-0.33180287,0.1065041,-0.046361506,-0.93617,-7.4652686,7.21849,0.78665143,-0.17827977,-1.2982417,-0.08906874,0
1.0600000000000007,12.987910444574217,-0.10053952490557187,-0.6189077228289374,-0.10322947096761742,15.427099,-0.78387,-1.7044477,2.2351186,8.310855,-7.4528356,1.5540129,-0.3324116,0.10098581,-0.04344407,-0.93670535,-7.4867587,7.2385006,0.81506675,-0.16615061,-1.1923006,-0.0897636,0
1.0700000000000007,12.987910444574217,-0.10053952490557187,-0.6189077228289374,-0.10322947096761742,15.427099,-0.78387,-1.7044477,2.2351186,8.235885,-7.380356,1.5623071,-0.33299574,0.095901884,-0.040738937,-0.9371536,-7.5071983,7.257381,0.84382945,-0.15591395,-1.1028807,-0.09042437,0
1.0800000000000007,12.877360436136675,-0.016325285979330924,0.01528669359037861,-0.0856289470616557,16.703093,-0.7615577,-1.1779697,2.220967,8.160715,-7.3076916,1.5708904,-0.33356026,0.091184855,-0.0382133,-0.93753,-7.5266676,7.275212,0.87289643,-0.14727432,-1.0274059,-0.09105272,0
1.0900000000000007,12.877360436136675,-0.016325285979330924,0.01528669359037861,-0.0856289470616557,16.703093,-0.7615577,-1.1779697,2.220967,8.085356,-7.2348557,1.5797606,-0.33410063,0.08700439,-0.035955936,-0.93782413,-7.545086,7.291928,0.9011446,-0.1268432,-0.86479986,-0.09078658,0
1.1000000000000008,12.877360436136675,-0.016325285979330924,0.01528669359037861,-0.0856289470616557,16.703093,-0.7615577,-1.1779697,2.220967,8.009815,-7.1618567,1.5889143,-0.33461455,0.083492234,-0.034035992,-0.93803185,-7.5627413,7.3078065,0.92960966,-0.109599754,-0.72755194,-0.0905335,0
1.1100000000000008,12.877360436136675,-0.016325285979330924,0.01528669359037861,-0.0856289470616557,16.703093,-0.7615577,-1.1779697,2.220967,7.934102,-7.088702,1.5983534,-0.33510774,0.08054452,-0.03240131,-0.9381714,-7.579756,7.322977,0.9582493,-0.09504666,-0.61170757,-0.09029284,0
1.1200000000000008,12.243754820346199,0.04642470735013095,0.4587811617956646,-0.06697925853677451,15.729177,-0.43291274,-0.57182765,2.0029445,7.858222,-7.0153995,1.6080797,-0.33558464,0.07807344,-0.031007756,-0.938257,-7.5962343,7.3375483,0.98702997,-0.08276425,-0.5139289,-0.09006398,0
1.1300000000000008,12.243754820346199,0.04642470735013095,0.4587811617956646,-0.06697925853677451,15.729177,-0.43291274,-0.57182765,2.0029445,7.7821836,-6.941957,1.6180631,-0.33604297,0.07616286,-0.02990135,-0.9382859,-7.6114826,7.350927,1.0096753,-0.06260812,-0.36223653,-0.0889312,0
1.1400000000000008,12.243754820346199,0.04642470735013095,0.4587811617956646,-0.06697925853677451,15.729177,-0.43291274,-0.57182765,2.0029445,7.7059937,-6.868382,1.6282734,-0.33648103,0.07487537,-0.029116709,-0.93825716,-7.6264253,7.363951,1.0323975,-0.045596994,-0.23420042,-0.087854005,0
1.1500000000000008,12.243754820346199,0.04642470735013095,0.4587811617956646,-0.06697925853677451,15.729177,-0.43291274,-0.57182765,2.0029445,7.6296554,-6.794678,1.6387112,-0.3369023,0.074113846,-0.028603984,-0.9381822,-7.641171,7.3767376,1.0551693,-0.031240031,-0.12613134,-0.08682967,0
1.1600000000000008,11.029341965222578,0.07322589673753198,0.4514131752900877,-0.05067126064765336,14.77769,-0.34640768,-0.19358517,1.7097929,7.55317,-6.7208476,1.6493769,-0.3373093,0.07379625,-0.028321031,-0.9380696,-7.655812,7.389385,1.0779686,-0.019123092,-0.034915254,-0.0858556,0
1.1700000000000008,11.029341965222578,0.07322589673753198,0.4514131752900877,-0.05067126064765336,14.77769,-0.34640768,-0.19358517,1.7097929,7.4765463,-6.646897,1.6602106,-0.337703,0.073846854,-0.028241443,-0.93792635,-7.668975,7.400728,1.0887846,-0.004717092,0.04092651,-0.0841291,0
1.1800000000000008,11.029341965222578,0.07322589673753198,0.4514131752900877,-0.05067126064765336,14.77769,-0.34640768,-0.19358517,1.7097929,7.399791,-6.572833,1.6711526,-0.33808374,0.07420203,-0.028342424,-0.93775815,-7.6821685,7.4120884,1.0995952,0.007441446,0.104940966,-0.082487315,0
1.1900000000000008,11.029341965222578,0.07322589673753198,0.4514131752900877,-0.05067126064765336,14.77769,-0.34640768,-0.19358517,1.7097929,7.3229027,-6.4986553,1.6822025,-0.33845264,0.07481417,-0.028595978,-0.9375687,-7.69544,7.4235196,1.1103889,0.017703377,0.15897264,-0.08092609,0
1.2000000000000008,9.759931094117995,0.07826766877987885,0.13823859583705803,-0.0380453401916873,11.92025,0.023102142,-0.22527124,1.730144,7.245881,-6.4243627,1.6933602,-0.33881053,0.07564308,-0.028978446,-0.9373611,-7.7088265,7.4350705,1.1211559,0.0263643,0.20457815,-0.07944148,0
1.2100000000000009,9.759931094117995,0.07826766877987885,0.13823859583705803,-0.0380453401916873,11.92025,0.023102142,-0.22527124,1.730144,7.168733,-6.3499603,1.7045628,-0.33916056,0.076536626,-0.029429372,-0.937148,-7.7208,7.4454303,1.1193624,0.034457833,0.19423209,-0.07741015,0
1.2200000000000009,9.759931094117995,0.07826766877987885,0.13823859583705803,-0.0380453401916873,11.92025,0.023102142,-0.22527124,1.730144,7.0914645,-6.2754536,1.7157472,-0.33950514,0.07737257,-0.02989977,-0.93693966,-7.732897,7.455935,1.1175375,0.041289248,0.1854997,-0.0754785,0
1.2300000000000009,9.759931094117995,0.07826766877987885,0.13823859583705803,-0.0380453401916873,11.92025,0.023102142,-0.22527124,1.730144,7.014074,-6.2008414,1.7269133,-0.33984417,0.07815986,-0.030386673,-0.9367357,-7.7451067,7.4665847,1.1156826,0.04705549,0.17812914,-0.073641635,0
1.2400000000000009,9.759931094117995,0.07826766877987885,0.13823859583705803,-0.0380453401916873,11.185173,0.16553119,-0.71024394,1.626537,6.936561,-6.1261215,1.7380608,-0.3401776,0.078906015,-0.03088757,-0.93653566,-7.7574196,7.4773793,1.1137984,0.05192248,0.17190808,-0.07189489,0
1.2500000000000009,9.759931094117995,0.07826766877987885,0.13823859583705803,-0.0380453401916873,11.185173,0.16553119,-0.71024394,1.626537,6.858925,-6.0512934,1.7491893,-0.34050536,0.079617426,-0.03140034,-0.9363393,-7.7698283,7.488319,1.1118855,0.056030612,0.16665718,-0.07023389,0
1.260000000000001,9.759931094117995,0.07826766877987885,0.13823859583705803,-0.0380453401916873,11.185173,0.16553119,-0.71024394,1.626537,6.781164,-5.9763546,1.7602985,-0.3408275,0.08029945,-0.0319232,-0.9361462,-7.7823257,7.4994035,1.1099446,0.059498034,0.16222534,-0.06865438,0
1.270000000000001,9.759931094117995,0.07826766877987885,0.13823859583705803,-0.0380453401916873,11.185173,0.16553119,-0.71024394,1.626537,6.7032785,-5.9013047,1.771388,-0.34114406,0.080956645,-0.032454632,-0.93595606,-7.7949057,7.510633,1.107976,0.062424734,0.15848452,-0.06715239,0
1.280000000000001,8.932785819036146,0.047065013081025994,-0.36322594558788585,-0.024159798693758446,11.797996,0.1363909,-1.4205265,0.9865734,6.625266,-5.8261414,1.7824578,-0.34145513,0.08159284,-0.032993358,-0.9357685,-7.8075633,7.5220075,1.1059802,0.06489499,0.15532725,-0.06572411,0
1.290000000000001,8.932785819036146,0.047065013081025994,-0.36322594558788585,-0.024159798693758446,11.797996,0.1363909,-1.4205265,0.9865734,6.547132,-5.750869,1.7934668,-0.34176487,0.0820277,-0.033458207,-0.93560094,-7.81921,7.5325446,1.0958163,0.06211089,0.07445944,-0.06368454,0
1.300000000000001,8.932785819036146,0.047065013081025994,-0.36322594558788585,-0.024159798693758446,11.797996,0.1363909,-1.4205265,0.9865734,6.4688816,-5.6754904,1.8043741,-0.34207657,0.082118556,-0.03378476,-0.9354673,-7.8308783,7.5431724,1.0856386,0.05976175,0.00620283,-0.06174504,0
1.310000000000001,8.932785819036146,0.047065013081025994,-0.36322594558788585,-0.024159798693758446,11.797996,0.1363909,-1.4205265,0.9865734,6.3905144,-5.600005,1.8151796,-0.34238905,0.08191905,-0.033994574,-0.9353629,-7.8425217,7.55385,1.0754583,0.057779472,-0.051409204,-0.059900712,0
1.320000000000001,8.287436898222383,0.012928180953451126,-0.6615514931476922,-0.00909859839477621,10.902313,0.26393077,-1.3957254,0.71178234,6.3120313,-5.524413,1.8258833,-0.3427013,0.081474476,-0.03410586,-0.93528336,-7.854102,7.5645423,1.0652845,0.056106657,-0.10003673,-0.058146898,0
1.330000000000001,8.287436898222383,0.012928180953451126,-0.6615514931476922,-0.00909859839477621,10.902313,0.26393077,-1.3957254,0.71178234,6.233437,-5.448719,1.8364536,-0.3430136,0.08071596,-0.03408042,-0.93523556,-7.864754,7.574445,1.0487726,0.04936997,-0.1876043,-0.05574008,0
1.340000000000001,8.287436898222383,0.012928180953451126,-0.6615514931476922,-0.00909859839477621,10.902313,0.26393077,-1.3957254,0.71178234,6.1547365,-5.3729258,1.8468589,-0.3433258,0.079590894,-0.033888754,-0.93522435,-7.8752704,7.5842867,1.0322858,0.043684542,-0.2615158,-0.053451378,0
1.350000000000001,8.287436898222383,0.012928180953451126,-0.6615514931476922,-0.00909859839477621,10.902313,0.26393077,-1.3957254,0.71178234,6.0759315,-5.2970343,1.8570994,-0.34363636,0.07815632,-0.03355673,-0.93524325,-7.8856053,7.5940237,1.0158346,0.03888631,-0.323901,-0.051274978,0
1.360000000000001,8.008629347317408,-0.01659089136819101,-0.9008593386120939,0.0035559113583563473,10.689215,0.12775448,-1.5734699,0.7515528,5.9970245,-5.2210455,1.8671756,-0.34394398,0.076460384,-0.033106197,-0.93528634,-7.8957224,7.6036186,0.9994275,0.03483691,-0.37655714,-0.049205363,0
1.370000000000001,8.008629347317408,-0.01659089136819101,-0.9008593386120939,0.0035559113583563473,10.689215,0.12775448,-1.5734699,0.7515528,5.9180193,-5.1449633,1.8770742,-0.34424827,0.07445814,-0.032511704,-0.9353568,-7.905256,7.612721,0.9803216,0.026814964,-0.45832148,-0.04661635,0
1.380000000000001,8.008629347317408,-0.01659089136819101,-0.9008593386120939,0.0035559113583563473,10.689215,0.12775448,-1.5734699,0.7515528,5.83892,-5.068792,1.8867822,-0.34454837,0.072115995,-0.031754002,-0.9354558,-7.9145055,7.6216106,0.9612735,0.020044519,-0.52733487,-0.044154394,0
1.390000000000001,8.008629347317408,-0.01659089136819101,-0.9008593386120939,0.0035559113583563473,10.689215,0.12775448,-1.5734699,0.7515528,5.75973,-4.9925323,1.8963,-0.34484267,0.069486745,-0.03085844,-0.9355763,-7.9234314,7.6302476,0.94229066,0.014330423,-0.5855857,-0.04181323,0
1.400000000000001,7.819030505164748,-0.010915873661084137,-0.794749964882589,0.011078093455906882,10.280033,0.24241635,-2.3871903,0.6184327,5.6804523,-4.916188,1.9056282,-0.34512982,0.06661492,-0.029846419,-0.93571216,-7.9320016,7.6385975,0.92337793,0.009507824,-0.63475245,-0.039586958,0
1.410000000000001,7.819030505164748,-0.010915873661084137,-0.794749964882589,0.011078093455906882,10.280033,0.24241635,-2.3871903,0.6184327,5.6010923,-4.8397627,1.9147583,-0.34540662,0.06357707,-0.028752862,-0.93585557,-7.939995,7.646441,0.902662,0.0063231313,-0.65970385,-0.03710081,0
1.420000000000001,7.819030505164748,-0.010915873661084137,-0.794749964882589,0.011078093455906882,10.280033,0.24241635,-2.3871903,0.6184327,5.5216537,-4.763261,1.9236816,-0.3456707,0.060435828,-0.027606413,-0.9360007,-7.9475975,7.653959,0.8820176,0.003635227,-0.6807641,-0.034736652,0
1.430000000000001,7.819030505164748,-0.010915873661084137,-0.794749964882589,0.011078093455906882,10.280033,0.24241635,-2.3871903,0.6184327,5.4421415,-4.6866846,1.9323988,-0.3459219,0.057207167,-0.026415283,-0.9361451,-7.9547997,7.6611376,0.8614437,0.001366563,-0.6985401,-0.032488517,0
1.440000000000001,7.819030505164748,-0.010915873661084137,-0.794749964882589,0.011078093455906882,9.941998,0.22092202,-2.1948457,0.50653106,5.362559,-4.6100388,1.9409106,-0.34616014,0.053904586,-0.025186405,-0.9362869,-7.96159,7.6679664,0.8409385,-0.00054815126,-0.713544,-0.030350698,0
1.450000000000001,7.819030505164748,-0.010915873661084137,-0.794749964882589,0.011078093455906882,9.941998,0.22092202,-2.1948457,0.50653106,5.282911,-4.533326,1.9492178,-0.3463855,0.05053949,-0.02392563,-0.9364243,-7.9679604,7.6744356,0.8204997,-0.002164314,-0.72620803,-0.02831777,0
1.460000000000001,7.819030505164748,-0.010915873661084137,-0.794749964882589,0.011078093455906882,9.941998,0.22092202,-2.1948457,0.50653106,5.2032013,-4.4565516,1.9573209,-0.34659803,0.04712151,-0.022637906,-0.936556,-7.9739046,7.6805377,0.80012447,-0.0035283004,-0.73689693,-0.02638459,0
1.470000000000001,7.819030505164748,-0.010915873661084137,-0.794749964882589,0.011078093455906882,9.941998,0.22092202,-2.1948457,0.50653106,5.123434,-4.379717,1.9652206,-0.34679782,0.043658808,-0.0213274,-0.9366806,-7.979416,7.686266,0.7798094,-0.004679676,-0.74591905,-0.024546282,0
1.480000000000001,7.654489964516565,-0.015083102863170947,-0.5767965702005259,0.020060725881921444,8.977858,0.10260234,-1.5961839,0.52408653,5.0436144,-4.302827,1.9729173,-0.34698504,0.040158268,-0.019997636,-0.93679726,-7.984489,7.691614,0.7595512,-0.0056514894,-0.7535341,-0.0227982,0
1.490000000000001,7.654489964516565,-0.015083102863170947,-0.5767965702005259,0.020060725881921444,8.977858,0.10260234,-1.5961839,0.52408653,4.963746,-4.2258863,1.9804037,-0.34715715,0.036708005,-0.018680347,-0.9369023,-7.9890256,7.6964755,0.73770666,-0.007120988,-0.725972,-0.020695105,0
1.500000000000001,7.654489964516565,-0.015083102863170947,-0.5767965702005259,0.020060725881921444,8.977858,0.10260234,-1.5961839,0.52408653,4.8838353,-4.1488986,1.9876717,-0.34731242,0.033378195,-0.017400865,-0.93699396,-7.9931436,7.7009706,0.7159083,-0.008361446,-0.7027083,-0.0186952,0
1.5100000000000011,7.654489964516565,-0.015083102863170947,-0.5767965702005259,0.020060725881921444,8.977858,0.10260234,-1.5961839,0.52408653,4.803885,-4.071868,1.9947219,-0.34745222,0.030150047,-0.016153311,-0.9370739,-7.9968567,7.7051096,0.69415075,-0.009408496,-0.68307227,-0.016793437,0
1.5200000000000011,7.630056629574193,-0.008343350972272604,-0.028270954295194592,0.028398942443738317,8.828107,0.041574992,-1.4078553,0.4173484,4.7238994,-3.994797,2.0015547,-0.34757763,0.027007708,-0.014932717,-0.9371434,-8.000176,7.7089024,0.6724293,-0.010292519,-0.6664986,-0.014984985,0
1.5300000000000011,7.630056629574193,-0.008343350972272604,-0.028270954295194592,0.028398942443738317,8.828107,0.041574992,-1.4078553,0.4173484,4.6438823,-3.9176905,2.0081694,-0.34768575,0.024142578,-0.0138137555,-0.93719864,-8.003111,7.71235,0.6504953,-0.009986721,-0.56696725,-0.012856122,0
1.5400000000000011,7.630056629574193,-0.008343350972272604,-0.028270954295194592,0.028398942443738317,8.828107,0.041574992,-1.4078553,0.4173484,4.563838,-3.840551,2.0145648,-0.347775,0.021705689,-0.0128554255,-0.93723875,-8.005714,7.715503,0.628586,-0.00972909,-0.48295805,-0.010831726,0
1.5500000000000012,7.630056629574193,-0.008343350972272604,-0.028270954295194592,0.028398942443738317,8.828107,0.041574992,-1.4078553,0.4173484,4.4837685,-3.763381,2.0207412,-0.34784803,0.019630304,-0.012032732,-0.9372683,-8.008038,7.7184057,0.60669583,-0.009512199,-0.41204986,-0.008906656,0
1.5600000000000012,7.904499210061192,0.002920552509260851,0.40569253415649525,0.03245556903056645,8.848516,0.0011031996,-1.4748174,0.20840904,4.4036775,-3.6861835,2.0266988,-0.34790686,0.017860075,-0.011324561,-0.9372907,-8.010123,7.7210937,0.58482045,-0.0093291495,-0.3521997,-0.0070760623,0
1.5700000000000012,7.904499210061192,0.002920552509260851,0.40569253415649525,0.03245556903056645,8.848516,0.0011031996,-1.4748174,0.20840904,4.3235664,-3.6089594,2.0324514,-0.34795082,0.01650864,-0.01077774,-0.9373056,-8.012077,7.723691,0.5656985,-0.007417992,-0.23400687,-0.0051362296,0
1.5800000000000012,7.904499210061192,0.002920552509260851,0.40569253415649525,0.03245556903056645,8.848516,0.0011031996,-1.4748174,0.20840904,4.2434363,-3.5317101,2.038013,-0.3479797,0.015663603,-0.010428466,-0.9373134,-8.013886,7.726155,0.54658437,-0.0058052046,-0.13424616,-0.0032915939,0
1.5900000000000012,7.904499210061192,0.002920552509260851,0.40569253415649525,0.03245556903056645,8.848516,0.0011031996,-1.4748174,0.20840904,4.1632886,-3.4544365,2.0433831,-0.3479953,0.0152459955,-0.010245962,-0.9373165,-8.015611,7.7285395,0.5274745,-0.0044440343,-0.05004286,-0.0015374738,0
1.6000000000000012,8.64467587288604,0.0378766595217143,0.8102521510321944,0.029710410646633597,9.260377,-0.10087266,-0.61851764,0.42396605,4.083124,-3.3771393,2.0485625,-0.34799898,0.015189159,-0.01020424,-0.9373165,-8.0173,7.7308903,0.5083665,-0.003295497,0.02102885,0.00013056962,0
1.6100000000000012,8.64467587288604,0.0378766595217143,0.8102521510321944,0.029710410646633597,9.260377,-0.10087266,-0.61851764,0.42396605,4.002942,-3.2998176,2.0535877,-0.3479906,0.015583713,-0.010350807,-0.93731153,-8.019161,7.73347,0.49665472,0.0031250413,0.14410776,0.0015820517,0
1.6200000000000012,8.64467587288604,0.0378766595217143,0.8102521510321944,0.029710410646633597,9.260377,-0.10087266,-0.61851764,0.42396605,3.9227407,-3.2224693,2.0584955,-0.34797,0.016498556,-0.0107221715,-0.9372994,-8.021106,7.736123,0.48493883,0.008544197,0.24799274,0.0029623106,0
1.6300000000000012,8.64467587288604,0.0378766595217143,0.8102521510321944,0.029710410646633597,9.260377,-0.10087266,-0.61851764,0.42396605,3.8425193,-3.1450942,2.0632863,-0.34793785,0.017852515,-0.011283271,-0.93727994,-8.0232,7.7389135,0.47321513,0.013118184,0.33567673,0.0042748377,0
1.6400000000000012,8.64467587288604,0.0378766595217143,0.8102521510321944,0.029710410646633597,10.043703,-0.30506673,-0.22912027,0.6138393,3.7622762,-3.0676901,2.0679598,-0.34789452,0.019577065,-0.012004507,-0.9372526,-8.025499,7.741895,0.46147978,0.016978705,0.40968665,0.005522978,0
1.6500000000000012,8.64467587288604,0.0378766595217143,0.8102521510321944,0.029710410646633597,10.043703,-0.30506673,-0.22912027,0.6138393,3.6820085,-2.9902554,2.072516,-0.34784028,0.02161435,-0.012860889,-0.9372165,-8.028051,7.745113,0.44972888,0.020237261,0.47215468,0.0067098597,0
1.6600000000000013,8.64467587288604,0.0378766595217143,0.8102521510321944,0.029710410646633597,10.043703,-0.30506673,-0.22912027,0.6138393,3.6017141,-2.912787,2.0769544,-0.34777534,0.023915527,-0.01383132,-0.9371709,-8.030895,7.748605,0.43795812,0.022987401,0.5248809,0.007838506,0
1.6700000000000013,8.64467587288604,0.0378766595217143,0.8102521510321944,0.029710410646633597,10.043703,-0.30506673,-0.22912027,0.6138393,3.5213897,-2.8352818,2.081275,-0.34769976,0.026439356,-0.014897989,-0.9371148,-8.034066,7.7524033,0.42616305,0.025308777,0.56938446,0.00891176,0
1.6800000000000013,9.698324317174787,0.04899418146636344,1.0804536359091905,0.03007708351790698,11.2354765,-0.9184147,-0.4035571,1.2071368,3.4410317,-2.7577372,2.0854774,-0.3476137,0.029151013,-0.016045857,-0.9370473,-8.037591,7.7565355,0.41433886,0.027268026,0.60694766,0.009932344,0
1.6900000000000013,9.698324317174787,0.04899418146636344,1.0804536359091905,0.03007708351790698,11.2354765,-0.9184147,-0.4035571,1.2071368,3.3606343,-2.680147,2.089614,-0.34751552,0.032120865,-0.01730398,-0.9369642,-8.041973,7.7615743,0.4129917,0.030655265,0.6807907,0.010920848,0
1.7000000000000013,9.698324317174787,0.04899418146636344,1.0804536359091905,0.03007708351790698,11.2354765,-0.9184147,-0.4035571,1.2071368,3.2801907,-2.6025043,2.093737,-0.3474034,0.035403095,-0.018694697,-0.93686074,-8.046829,7.7670584,0.4115977,0.03351449,0.74311775,0.011860842,0
1.7100000000000013,9.698324317174787,0.04899418146636344,1.0804536359091905,0.03007708351790698,11.2354765,-0.9184147,-0.4035571,1.2071368,3.1996958,-2.5248044,2.0978456,-0.3472773,0.03894877,-0.020197235,-0.93673563,-8.052203,7.77303,0.41014737,0.035927653,0.79572517,0.012754718,0
1.7200000000000013,11.084898881569051,0.04701347377742158,1.2431790285304691,0.031133706237214984,12.892841,-1.2614334,-0.75775874,1.741251,3.1191444,-2.4470422,2.1019397,-0.34713718,0.04271656,-0.021794058,-0.9365876,-8.058133,7.7795243,0.4086308,0.03796459,0.8401284,0.013604722,0
1.7300000000000013,11.084898881569051,0.04701347377742158,1.2431790285304691,0.031133706237214984,12.892841,-1.2614334,-0.75775874,1.741251,3.0385263,-2.3692074,2.1060872,-0.34698132,0.0467328,-0.023492211,-0.93641245,-8.065584,7.7875805,0.42083484,0.039374653,0.902984,0.014464876,0
1.7400000000000013,11.084898881569051,0.04701347377742158,1.2431790285304691,0.031133706237214984,12.892841,-1.2614334,-0.75775874,1.741251,2.9578304,-2.2912886,2.110356,-0.346808,0.051016472,-0.025296474,-0.93620604,-8.073757,7.796313,0.4329364,0.040564947,0.95603734,0.015282828,0
1.7500000000000013,11.084898881569051,0.04701347377742158,1.2431790285304691,0.031133706237214984,12.892841,-1.2614334,-0.75775874,1.741251,2.8770487,-2.2132788,2.1147454,-0.34661707,0.055525444,-0.02719012,-0.935967,-8.082694,7.805759,0.4449196,0.04156958,1.0008168,0.016060632,0
1.7600000000000013,11.844956688787361,0.04471339423763579,1.0865624454847471,0.02932877758206673,12.530166,-0.94096386,0.1366906,1.2355283,2.7961736,-2.135171,2.1192539,-0.34640864,0.060224105,-0.029159015,-0.93569434,-8.092432,7.815953,0.456768,0.042417612,1.0386131,0.016800271,0
1.7700000000000014,11.844956688787361,0.04471339423763579,1.0865624454847471,0.02932877758206673,12.530166,-0.94096386,0.1366906,1.2355283,2.7151935,-2.0569537,2.1239178,-0.34618476,0.065024056,-0.031168643,-0.93539107,-8.1037245,7.827671,0.47599384,0.0427753,1.0460907,0.01741504,0
1.7800000000000014,11.844956688787361,0.04471339423763579,1.0865624454847471,0.02932877758206673,12.530166,-0.94096386,0.1366906,1.2355283,2.634096,-1.9786149,2.128773,-0.3459476,0.06985374,-0.033191055,-0.935061,-8.115914,7.8402243,0.49504325,0.043077238,1.0524023,0.017999649,0
1.7900000000000014,11.844956688787361,0.04471339423763579,1.0865624454847471,0.02932877758206673,12.530166,-0.94096386,0.1366906,1.2355283,2.5528722,-1.9001464,2.133818,-0.34569728,0.07470805,-0.03522409,-0.9347039,-8.129006,7.853616,0.51390225,0.043331936,1.0577296,0.01855558,0
1.8000000000000014,12.00106493734415,0.05519367757845944,0.650443879540026,0.026881800400158976,12.809083,-0.82147086,0.23014222,1.1920582,2.4715126,-1.8215396,2.1390502,-0.345434,0.07958268,-0.03726591,-0.9343197,-8.143004,7.86785,0.53255683,0.043546863,1.0622262,0.019084213,0
1.8100000000000014,12.00106493734415,0.05519367757845944,0.650443879540026,0.026881800400158976,12.809083,-0.82147086,0.23014222,1.1920582,2.3900075,-1.7427855,2.144476,-0.34516528,0.08430951,-0.039258596,-0.9339227,-8.1581,7.8831205,0.5525304,0.045363706,0.9980091,0.019466843,0
1.8200000000000014,12.00106493734415,0.05519367757845944,0.650443879540026,0.026881800400158976,12.809083,-0.82147086,0.23014222,1.1920582,2.3083472,-1.6638745,2.1501002,-0.34489846,0.0887554,-0.041156296,-0.9335276,-8.174065,7.899203,0.57228196,0.046897303,0.94380665,0.019830694,0
1.8300000000000014,12.00106493734415,0.05519367757845944,0.650443879540026,0.026881800400158976,12.809083,-0.82147086,0.23014222,1.1920582,2.2265234,-1.5847988,2.155921,-0.34463313,0.09296405,-0.042973828,-0.93313396,-8.190844,7.9160547,0.5918126,0.048191506,0.89805704,0.020176694,0
1.8400000000000014,12.00106493734415,0.05519367757845944,0.650443879540026,0.026881800400158976,12.831513,-0.6949264,-0.04148676,1.0402164,2.144528,-1.5055509,2.1619358,-0.34436882,0.09697233,-0.04472368,-0.9327413,-8.208392,7.9336395,0.61112326,0.049283896,0.85944194,0.020505711,0
1.8500000000000014,12.00106493734415,0.05519367757845944,0.650443879540026,0.026881800400158976,12.831513,-0.6949264,-0.04148676,1.0402164,2.0623531,-1.4261235,2.1681423,-0.34410506,0.10081133,-0.04641637,-0.9323488,-8.226676,7.9519267,0.63021445,0.05020576,0.82684886,0.020818584,0
1.8600000000000014,12.00106493734415,0.05519367757845944,0.650443879540026,0.026881800400158976,12.831513,-0.6949264,-0.04148676,1.0402164,1.9799919,-1.3465099,2.174539,-0.34384134,0.10450729,-0.04806078,-0.93195575,-8.245661,7.97089,0.6490865,0.050983693,0.79933876,0.021116104,0
1.8700000000000014,12.00106493734415,0.05519367757845944,0.650443879540026,0.026881800400158976,12.831513,-0.6949264,-0.04148676,1.0402164,1.8974376,-1.2667036,2.1811235,-0.3435772,0.10808233,-0.049664393,-0.9315612,-8.265321,7.9905076,0.66773874,0.051640388,0.7761185,0.021399029,0
1.8800000000000014,11.683970043851874,0.026193818726335253,-0.025298560940390073,0.03446042469661129,12.698389,-0.7000096,-0.8487216,1.1779625,1.8146833,-1.1866977,2.1878932,-0.3433122,0.11155514,-0.051233523,-0.93116444,-8.285633,8.010761,0.6861706,0.052194607,0.7565197,0.021668077,0
1.8900000000000015,11.683970043851874,0.026193818726335253,-0.025298560940390073,0.03446042469661129,12.698389,-0.7000096,-0.8487216,1.1779625,1.7317256,-1.106489,2.1948307,-0.343058,0.11469367,-0.052670002,-0.9307966,-8.306016,8.031073,0.70131123,0.048141304,0.6345956,0.0222958,0
1.9000000000000015,11.683970043851874,0.026193818726335253,-0.025298560940390073,0.03446042469661129,12.698389,-0.7000096,-0.8487216,1.1779625,1.6485612,-1.0260743,2.2019186,-0.3428248,0.11731525,-0.05389654,-0.93048555,-8.326923,8.051904,0.71626186,0.04471993,0.5316854,0.022892715,0
1.9100000000000015,11.683970043851874,0.026193818726335253,-0.025298560940390073,0.03446042469661129,12.698389,-0.7000096,-0.8487216,1.1779625,1.5651857,-0.94544923,2.2091553,-0.34261003,0.11950075,-0.0549461,-0.9302251,-8.348265,8.073174,0.7310495,0.041831795,0.44482413,0.02346034,0
1.9200000000000015,10.839477666100322,-0.03479506857574565,-0.8489846330728671,0.05105840617066562,11.850235,-0.39823297,-1.5030107,0.90043795,1.4815948,-0.8646096,2.2165391,-0.3424113,0.12131837,-0.055846464,-0.93000937,-8.3699665,8.094814,0.74569786,0.039393917,0.37150878,0.024000114,0
1.9300000000000015,10.839477666100322,-0.03479506857574565,-0.8489846330728671,0.05105840617066562,11.850235,-0.39823297,-1.5030107,0.90043795,1.3977933,-0.78355986,2.224028,-0.34224012,0.12252736,-0.05648577,-0.9298753,-8.390365,8.1151705,0.75209165,0.027827073,0.1811732,0.025327876,0
1.9400000000000015,10.839477666100322,-0.03479506857574565,-0.8489846330728671,0.05105840617066562,11.850235,-0.39823297,-1.5030107,0.90043795,1.313787,-0.7023057,2.2315807,-0.34210545,0.12293995,-0.05677669,-0.92985266,-8.410907,8.13569,0.75842553,0.018063797,0.02052053,0.026590483,0
1.9500000000000015,10.839477666100322,-0.03479506857574565,-0.8489846330728671,0.05105840617066562,11.850235,-0.39823297,-1.5030107,0.90043795,1.2295752,-0.620846,2.2391968,-0.34200147,0.1226804,-0.056773797,-0.9299254,-8.431469,8.156252,0.764747,0.009822846,-0.11507839,0.027791126,0
1.9600000000000015,10.040795038222836,-0.08851298201450415,-1.5874330005665456,0.07672530886384374,11.498192,-0.3388795,-2.4567842,0.8711819,1.1451579,-0.5391808,2.246876,-0.3419226,0.12185341,-0.05652302,-0.9300784,-8.451945,8.176758,0.7710964,0.0028669727,-0.22953087,0.028932845,0
1.9700000000000015,10.040795038222836,-0.08851298201450415,-1.5874330005665456,0.07672530886384374,11.498192,-0.3388795,-2.4567842,0.8711819,1.0605444,-0.4573188,2.2545805,-0.341875,0.120279476,-0.055942416,-0.93033576,-8.470742,8.195612,0.7698103,-0.011378897,-0.44129524,0.031278033,0
1.9800000000000015,10.040795038222836,-0.08851298201450415,-1.5874330005665456,0.07672530886384374,11.498192,-0.3388795,-2.4567842,0.8711819,0.9757442,-0.37526953,2.2622724,-0.34186158,0.11782049,-0.05496893,-0.9307133,-8.48924,8.2142,0.76863337,-0.023403365,-0.6200351,0.033508148,0
1.9900000000000015,10.040795038222836,-0.08851298201450415,-1.5874330005665456,0.07672530886384374,11.498192,-0.3388795,-2.4567842,0.8711819,0.8907611,-0.29303616,2.2699533,-0.34187347,0.11461347,-0.053663645,-0.9311854,-8.507307,8.232399,0.767611,-0.033552732,-0.7709004,0.035628833,0
2.0000000000000013,,,,,12.30378,-1.1618234,-3.8407686,1.5691745,0.80559987,-0.21062326,2.2776248,-0.34190246,0.110773966,-0.052078027,-0.9317293,-8.524838,8.250102,0.7667785,-0.042119723,-0.8982384,0.037645455,0
2.010000000000001,,,,,12.30378,-1.1618234,-3.8407686,1.5691745,0.72027063,-0.12804037,2.2852657,-0.34194547,0.10623387,-0.050179046,-0.9323463,-8.540908,8.266377,0.761397,-0.055307657,-1.077028,0.041106187,0
2.020000000000001,,,,,12.30378,-1.1618234,-3.8407686,1.5691745,0.6347841,-0.04529801,2.2928536,-0.34199762,0.10094384,-0.047942635,-0.93303233,-8.556263,8.281982,0.75625134,-0.06643891,-1.2279357,0.044397082,0
2.0300000000000007,,,,,12.30378,-1.1618234,-3.8407686,1.5691745,0.5491481,0.03759662,2.3003914,-0.34205008,0.0950191,-0.045420866,-0.9337612,-8.570797,8.296815,0.7513635,-0.07583448,-1.3553092,0.047526505,0
2.0400000000000005,,,,,12.30378,-1.1618234,-3.8407686,1.5691745,0.46337122,0.12063533,2.3078816,-0.34209502,0.08855701,-0.042657703,-0.93450993,-8.584421,8.310788,0.74674547,-0.08376503,-1.4628191,0.050502375,0
2.0500000000000003,,,,,12.3480015,-1.1160948,-4.2987084,1.4493669,0.37746304,0.20380917,2.315327,-0.34212592,0.08163991,-0.03969028,-0.9352589,-8.597059,8.323827,0.7424004,-0.090459324,-1.5535628,0.05333221,1
2.06,,,,,12.3480015,-1.1160948,-4.2987084,1.4493669,0.2914159,0.28712687,2.322873,-0.34198713,0.07363799,-0.03591778,-0.9361261,-8.612097,8.339435,0.7665206,-0.24385907,-1.9752359,0.12124027,1
2.07,,,,,12.3480015,-1.1160948,-4.2987084,1.4493669,0.20522682,0.37059176,2.3306575,-0.3415188,0.06402665,-0.030808622,-0.9371853,-8.625442,8.353243,0.79039603,-0.37975663,-2.3376067,0.18641184,1
2.0799999999999996,,,,,12.3480015,-1.1160948,-4.2987084,1.4493669,0.11891343,0.45418435,2.338683,-0.3407158,0.053047944,-0.024560481,-0.9383471,-8.63693,8.36491,0.81468254,-0.4944449,-2.6434727,0.2483854,1
2.0899999999999994,,,,,13.162918,-1.1072289,-5.123225,1.4949735,0.032495327,0.5378813,2.346953,-0.33957377,0.040911846,-0.017349616,-0.939529,-8.646351,8.374077,0.83935726,-0.59123826,-2.901644,0.3073179,1
2.099999999999999,,,,,13.162918,-1.1072289,-5.123225,1.4949735,-0.054008286,0.6216584,2.355512,-0.33808765,0.02748574,-0.009216855,-0.9406679,-8.653975,8.380848,0.872486,-0.6715147,-3.2481399,0.3655965,1
2.109999999999999,,,,,13.162918,-1.1072289,-5.123225,1.4949735,-0.14057492,0.7054867,2.3644035,-0.3362449,0.01267519,-0.00020324765,-0.94168913,-8.658908,8.384267,0.9058722,-0.739267,-3.540601,0.42101535,1
2.1199999999999988,,,,,13.162918,-1.1072289,-5.123225,1.4949735,-0.22717628,0.78933114,2.3736296,-0.3340329,-0.0033014175,0.0095527265,-0.9425071,-8.660886,8.384021,0.9393792,-0.79645324,-3.7874534,0.4737148,1
2.1299999999999986,,,,,11.638796,-0.7582098,-4.535867,1.3138775,-0.31378168,0.8731536,2.3831909,-0.33144212,-0.020256434,0.019933052,-0.94304734,-8.659679,8.379855,0.9728289,-0.8447243,-3.9958088,0.52382827,1
2.1399999999999983,,,,,11.638796,-0.7582098,-4.535867,1.3138775,-0.40036058,0.9569184,2.3930094,-0.32849035,-0.03785304,0.030627066,-0.9432513,-8.65563,8.372538,0.9908083,-0.8311008,-4.0800467,0.56259614,1
2.149999999999998,,,,,11.638796,-0.7582098,-4.535867,1.3138775,-0.4868836,1.0405917,2.4030058,-0.32520127,-0.05581317,0.041382886,-0.94308877,-8.648486,8.361535,1.0083464,-0.81960773,-4.1511474,0.59946173,1
2.159999999999998,,,,,11.638796,-0.7582098,-4.535867,1.3138775,-0.5733194,1.1241364,2.4131746,-0.32157788,-0.074065976,0.052186336,-0.9425383,-8.638163,8.346843,1.0252326,-0.8099132,-4.2111588,0.6345183,1
2.1699999999999977,,,,,10.860582,-0.7549423,-4.0910277,1.3564225,-0.65963566,1.2075158,2.4235077,-0.31762475,-0.09254955,0.06302466,-0.94158214,-8.624592,8.328472,1.0412492,-0.8017367,-4.261811,0.66785467,1
2.1799999999999975,,,,,10.860582,-0.7549423,-4.0910277,1.3564225,-0.74580526,1.2907004,2.4339578,-0.3133553,-0.1110424,0.07382951,-0.94022727,-8.608857,8.30793,1.0486193,-0.79435736,-4.2351913,0.7016429,1
2.1899999999999973,,,,,10.860582,-0.7549423,-4.0910277,1.3564225,-0.83180225,1.3736631,2.4444757,-0.30878684,-0.12936571,0.084547155,-0.9384919,-8.590059,8.284059,1.0547801,-0.78813267,-4.212723,0.7337731,1
2.199999999999997,,,,,10.860582,-0.7549423,-4.0910277,1.3564225,-0.9175961,1.4563705,2.4550486,-0.3039304,-0.1475265,0.0951863,-0.936377,-8.568224,8.256944,1.059547,-0.7828822,-4.1937575,0.7643267,1
2.209999999999997,,,,,13.068146,-0.93474317,-4.0582666,1.8386542,-1.0031564,1.538791,2.4656613,-0.29879645,-0.16552952,0.10575358,-0.93388265,-8.543377,8.226677,1.062739,-0.77845365,-4.177749,0.79338104,1
2.2199999999999966,,,,,13.068146,-0.93474317,-4.0582666,1.8386542,-1.0884255,1.6208601,2.4763987,-0.293353,-0.18333748,0.11632717,-0.93102056,-8.509896,8.186572,1.0844133,-0.80269736,-4.1591554,0.8446729,1
2.2299999999999964,,,,,13.068146,-0.93474317,-4.0582666,1.8386542,-1.1733421,1.7025101,2.4873416,-0.28757018,-0.20091848,0.12697105,-0.9278003,-8.472891,8.142879,1.1037726,-0.82316667,-4.1434593,0.8934478,1
2.239999999999996,,,,,13.068146,-0.93474317,-4.0582666,1.8386542,-1.2578714,1.7837056,2.4984655,-0.2814607,-0.21828157,0.13767007,-0.92421854,-8.432425,8.095696,1.1206143,-0.8404497,-4.130209,0.9398293,1
2.249999999999996,,,,,14.210709,-1.3777722,-3.9910989,2.627003,-1.341979,1.8644123,2.5097442,-0.27503663,-0.23543306,0.14841059,-0.92027193,-8.38856,8.045135,1.1347401,-0.85504293,-4.119024,0.9839349,1
2.259999999999996,,,,,14.210709,-1.3777722,-3.9910989,2.627003,-1.4256108,1.9445736,2.521198,-0.26826674,-0.25228915,0.15935889,-0.9159628,-8.337241,7.986596,1.1555146,-0.9363595,-4.099175,1.0645608,1
2.2699999999999956,,,,,14.210709,-1.3777722,-3.9910989,2.627003,-1.5087117,2.0241323,2.5328429,-0.26111928,-0.2687799,0.1706495,-0.9112919,-8.28242,7.9245834,1.1729168,-1.005005,-4.082418,1.1412303,1
2.2799999999999954,,,,,14.210709,-1.3777722,-3.9910989,2.627003,-1.5912476,2.1030536,2.544644,-0.25360507,-0.2849266,0.18222721,-0.9062531,-8.224223,7.8591814,1.186742,-1.0629548,-4.0682697,1.2141377,1
2.289999999999995,,,,,13.923876,-0.8856455,-2.7635772,2.854381,-1.6731849,2.1813045,2.5565648,-0.24573492,-0.3007454,0.19404396,-0.9008405,-8.162764,7.790494,1.1967914,-1.1118764,-4.0563235,1.2834674,1
2.299999999999995,,,,,13.923876,-0.8856455,-2.7635772,2.854381,-1.7544985,2.2588596,2.5685556,-0.23753323,-0.3158511,0.20577161,-0.895251,-8.099466,7.7201114,1.2007928,-1.07657,-3.8547451,1.3605525,1
2.3099999999999947,,,,,13.923876,-0.8856455,-2.7635772,2.854381,-1.8351643,2.335697,2.580567,-0.22902796,-0.32994667,0.21716005,-0.88967586,-8.033283,7.6469026,1.2009034,-1.0467695,-3.6846018,1.433855,1
2.3199999999999945,,,,,13.923876,-0.8856455,-2.7635772,2.854381,-1.9151547,2.411789,2.59256,-0.22023323,-0.34316158,0.22827409,-0.8840977,-7.9644046,7.571137,1.1971458,-1.021615,-3.5409915,1.5035607,1
2.3299999999999943,,,,,13.066421,-0.83273757,-1.363827,3.5749705,-1.9944437,2.4871118,2.6044965,-0.21116155,-0.35560432,0.2391663,-0.8784965,-7.8929906,7.4930573,1.1895391,-1.0003812,-3.4197767,1.5698458,1
2.339999999999994,,,,,13.066421,-0.83273757,-1.363827,3.5749705,-2.0730262,2.5616648,2.6163142,-0.20188111,-0.36687863,0.24980699,-0.8730641,-7.8233676,7.417414,1.1732358,-0.9815493,-3.1063862,1.6675764,1
2.349999999999994,,,,,13.066421,-0.83273757,-1.363827,3.5749705,-2.1509051,2.6354554,2.6279483,-0.19243918,-0.37665004,0.2601425,-0.8680024,-7.7521377,7.3404474,1.153073,-0.95846325,-2.8346684,1.7611729,1
2.3599999999999937,,,,,13.066421,-0.83273757,-1.363827,3.5749705,-2.2280629,2.7084684,2.6393647,-0.18282765,-0.38512442,0.27023822,-0.86326414,-7.679162,7.261953,1.1297073,-0.93896735,-2.6053236,1.8501763,1
2.3699999999999934,,,,,12.146265,-0.039529704,0.869421,3.737451,-2.304483,2.7806897,2.650532,-0.17304084,-0.39248013,0.28015536,-0.85879546,-7.6046376,7.182105,1.103319,-0.92250043,-2.4117439,1.9348125,1
2.3799999999999932,,,,,12.146265,-0.039529704,0.869421,3.737451,-2.3801544,2.8521101,2.6614182,-0.16322562,-0.3983017,0.2897395,-0.8548478,-7.5297217,7.1021004,1.0732179,-0.8632597,-1.9780365,2.0162702,1
2.389999999999993,,,,,12.146265,-0.039529704,0.869421,3.737451,-2.4550793,2.9227343,2.6719835,-0.15349025,-0.40220553,0.29878533,-0.8517038,-7.4553814,7.0228443,1.0392498,-0.78400594,-1.5826843,2.0963457,1
2.399999999999993,,,,,12.146265,-0.039529704,0.869421,3.737451,-2.529265,2.9925704,2.6821918,-0.14377664,-0.40437043,0.3072708,-0.8493516,-7.381873,6.944493,1.0019529,-0.68866956,-1.2205176,2.1750343,1
2.4099999999999926,,,,,9.853556,0.081369855,2.200199,3.248206,-2.6027193,3.0616267,2.6920137,-0.13403681,-0.4049531,0.31518957,-0.8477637,-7.3089485,6.866695,0.9621768,-0.5886223,-0.89525133,2.2516305,1
2.4199999999999924,,,,,9.853556,0.081369855,2.200199,3.248206,-2.675506,3.12997,2.701382,-0.12445323,-0.40375823,0.3225297,-0.8470337,-7.2486305,6.8022175,0.91112447,-0.5001837,-0.42777762,2.2991357,1
2.429999999999992,,,,,9.853556,0.081369855,2.200199,3.248206,-2.747695,3.1976733,2.7102315,-0.115176395,-0.40062132,0.32925636,-0.84724724,-7.189153,6.7383494,0.85876876,-0.41010287,-0.017823547,2.345707,1
2.439999999999992,,,,,9.853556,0.081369855,2.200199,3.248206,-2.8192897,3.2647362,2.7185562,-0.10614512,-0.39580277,0.33545816,-0.84825814,-7.129822,6.6741705,0.80616736,-0.3339951,0.32818252,2.3899927,1
2.4499999999999917,,,,,9.503623,0.29626963,3.434463,2.0450506,-2.8902924,3.3311558,2.7263548,-0.097309805,-0.38954017,0.34122905,-0.8499133,-7.070828,6.609712,0.7536098,-0.26969013,0.62021506,2.4321055,1
2.4599999999999915,,,,,9.503623,0.29626963,3.434463,2.0450506,-2.9607184,3.396941,2.7336214,-0.0888902,-0.38167146,0.346466,-0.8522836,-7.0144315,6.547291,0.699723,-0.182111,1.0592368,2.4131126,1
2.4699999999999913,,,,,9.503623,0.29626963,3.434463,2.0450506,-3.0305839,3.4621005,2.7403517,-0.08107936,-0.37208307,0.3510834,-0.8554071,-6.958771,6.4846253,0.64641994,-0.10807313,1.4297699,2.3950517,1
2.479999999999991,,,,,9.503623,0.29626963,3.434463,2.0450506,-3.0998974,3.5266323,2.7465527,-0.07379928,-0.361023,0.35516945,-0.8591108,-6.904086,6.421717,0.5939696,-0.04548412,1.7424992,2.377877,1
2.489999999999991,,,,,7.694418,0.9763953,5.058741,0.97852665,-3.16867,3.590534,2.7522345,-0.06698175,-0.34869996,0.3587941,-0.8632434,-6.850597,6.3585634,0.5425824,0.0074249525,2.006442,2.361545,1
2.4999999999999907,,,,,7.694418,0.9763953,5.058741,0.97852665,-3.236948,3.6538439,2.7573776,-0.060701154,-0.33493057,0.36157066,-0.8679886,-6.805409,6.3035645,0.48608908,0.21512325,2.4256232,2.2988029,1
2.5099999999999905,,,,,7.694418,0.9763953,5.058741,0.97852665,-3.3047864,3.7166088,2.7619576,-0.055082016,-0.31952038,0.36323354,-0.87346137,-6.762603,6.2495933,0.4299941,0.37213123,2.7977426,2.2374938,1
2.5199999999999902,,,,,7.694418,0.9763953,5.058741,0.97852665,-3.372209,3.7788393,2.7659795,-0.05013152,-0.30261898,0.3639943,-0.8794415,-6.72233,6.196684,0.3744716,0.48676687,3.1297286,2.1775866,1
2.52999999999999,,,,,9.372471,1.6464745,6.576463,0.47318158,-3.4392421,3.8405461,2.7694492,-0.04584831,-0.28435606,0.36402768,-0.88573354,-6.6847,6.1448045,0.3196678,0.5668522,3.4266295,2.1191192,1
2.53999999999999,,,,,9.372471,1.6464745,6.576463,0.47318158,-3.505866,3.901672,2.7724333,-0.04227489,-0.2646282,0.36312827,-0.8923694,-6.6406417,6.0805354,0.2772933,0.7562746,3.806782,2.04028,1
2.5499999999999896,,,,,9.372471,1.6464745,6.576463,0.47318158,-3.5720675,3.9621613,2.7749991,-0.039462086,-0.24334602,0.3611414,-0.8993346,-6.6002145,6.0175166,0.23613249,0.898264,4.14555,1.9636977,1
2.5599999999999894,,,,,9.372471,1.6464745,6.576463,0.47318158,-3.6378815,4.022023,2.7771635,-0.037376743,-0.220678,0.3582296,-0.90640837,-6.5631003,5.9549274,0.19709316,1.0147879,4.4348507,1.8905576,1
2.569999999999989,,,,,10.262443,0.7842401,8.661265,-0.57265383,-3.7033417,4.0812607,2.7789493,-0.03595008,-0.19681849,0.35448623,-0.91340566,-6.529471,5.892653,0.16042404,1.1132101,4.6790056,1.8210065,1
2.579999999999989,,,,,10.262443,0.7842401,8.661265,-0.57265383,-3.7684512,4.1398115,2.7804477,-0.03513832,-0.17221037,0.35005912,-0.92009115,-6.4933705,5.817901,0.1394124,1.1618387,4.785268,1.7134787,1
2.5899999999999888,,,,,10.262443,0.7842401,8.661265,-0.57265383,-3.8332274,4.1976256,2.7817414,-0.03493402,-0.14720748,0.3450999,-0.92629147,-6.462676,5.7452106,0.11960643,1.1919804,4.885848,1.6092495,1
2.5999999999999885,,,,,10.262443,0.7842401,8.661265,-0.57265383,-3.8977232,4.254722,2.782844,-0.03533928,-0.12181422,0.3397182,-0.9319357,-6.4372873,5.674342,0.10110844,1.200774,4.9873695,1.5086471,1
2.6099999999999883,,,,,11.466692,1.3365277,9.816428,-0.7628254,-3.9619918,4.311119,2.783767,-0.03635324,-0.09602625,0.3340181,-0.93695754,-6.417268,5.605413,0.08361651,1.1912516,5.0899887,1.4114668,1
2.619999999999988,,,,,11.466692,1.3365277,9.816428,-0.7628254,-4.0260806,4.3668075,2.7845547,-0.03800584,-0.069791354,0.32794246,-0.9413494,-6.4013615,5.5325794,0.07404999,1.2252337,5.2207637,1.3057795,1
2.629999999999988,,,,,11.466692,1.3365277,9.816428,-0.7628254,-4.0900397,4.4217772,2.785251,-0.040317714,-0.043078333,0.32144317,-0.945089,-6.3913293,5.461658,0.06548428,1.2428963,5.3421617,1.2042776,1
2.6399999999999877,,,,,11.466692,1.3365277,9.816428,-0.7628254,-4.153928,4.476045,2.7858696,-0.04324165,-0.015965981,0.31457016,-0.94811445,-6.3872075,5.392143,0.058466665,1.25776,5.4446836,1.1077514,1
2.6499999999999875,,,,,12.965243,1.7857981,9.504551,-0.60636777,-4.217805,4.5296254,2.7864246,-0.04672398,0.01145521,0.3073492,-0.95037997,-6.3891497,5.324206,0.05270342,1.2703121,5.5312185,1.0159618,1
2.6599999999999873,,,,,12.965243,1.7857981,9.504551,-0.60636777,-4.2817373,4.582492,2.786988,-0.050701093,0.03910213,0.29963306,-0.95190364,-6.398332,5.2493896,0.06007208,1.3509439,5.604308,0.93635356,1
2.669999999999987,,,,,12.965243,1.7857981,9.504551,-0.60636777,-4.3457966,4.634621,2.7876287,-0.055119447,0.066900484,0.29130659,-0.9526945,-6.4145827,5.1768374,0.06816705,1.419001,5.6659875,0.8606518,1
2.679999999999987,,,,,12.965243,1.7857981,9.504551,-0.60636777,-4.4100533,4.6860375,2.7883525,-0.059944794,0.09478594,0.2824372,-0.9527075,-6.4379416,5.1068244,0.07663974,1.4764417,5.71804,0.7886647,1
2.6899999999999866,,,,,15.143656,1.8683615,7.378395,0.053188767,-4.4745793,4.736768,2.7891614,-0.06514384,0.12270035,0.27308443,-0.9519065,-6.468411,5.0396166,0.08512239,1.5249202,5.7619686,0.72021,1
2.6999999999999864,,,,,15.143656,1.8683615,7.378395,0.053188767,-4.5394764,4.786786,2.7901428,-0.07061102,0.15061067,0.26325917,-0.95027643,-6.5122623,4.964693,0.11107957,1.5785859,5.7990813,0.6874791,1
2.709999999999986,,,,,15.143656,1.8683615,7.378395,0.053188767,-4.604853,4.8360744,2.7913797,-0.07624724,0.17848597,0.25297058,-0.94780546,-6.5642886,4.893642,0.1361524,1.6238804,5.8304014,0.65635425,1
2.719999999999986,,,,,15.143656,1.8683615,7.378395,0.053188767,-4.6707897,4.884673,2.7928612,-0.08203013,0.20627816,0.24226631,-0.9444721,-6.624361,4.8267446,0.15988211,1.6621088,5.8568344,0.6267567,1
2.7299999999999858,,,,,13.748767,2.209644,6.2093673,0.31821778,-4.737367,4.932625,2.7945714,-0.08793813,0.23394264,0.23118894,-0.9402603,-6.6923113,4.7642627,0.18180366,1.6943725,5.8791428,0.5986116,1
2.7399999999999856,,,,,13.748767,2.209644,6.2093673,0.31821778,-4.804628,4.980002,2.7964354,-0.09395276,0.2614329,0.21964048,-0.9351918,-6.760966,4.7117715,0.19060823,1.7747744,5.898006,0.5848526,1
2.7499999999999853,,,,,13.748767,2.209644,6.2093673,0.31821778,-4.872609,5.026876,2.7983751,-0.100055695,0.28870463,0.20754541,-0.9292811,-6.8363566,4.6637645,0.1969532,1.8426367,5.913922,0.57176876,1
2.759999999999985,,,,,13.748767,2.209644,6.2093673,0.31821778,-4.941377,5.0732937,2.8003645,-0.106226206,0.31572074,0.19497067,-0.922509,-6.9182253,4.6204786,0.20044582,1.8999144,5.9273515,0.559327,1
2.769999999999985,,,,,13.481134,2.0863707,5.137837,1.0258414,-5.0109954,5.1193023,2.802373,-0.112444006,0.34244582,0.18197513,-0.91486186,-7.0062804,4.5821214,0.200693,1.9482583,5.938684,0.5474957,1
2.7799999999999847,,,,,13.481134,2.0863707,5.137837,1.0258414,-5.0815144,5.1649566,2.8043563,-0.118531756,0.36855522,0.16866614,-0.90645957,-7.098358,4.5495095,0.19547313,1.9697521,5.8138304,0.5709682,1
2.7899999999999845,,,,,13.481134,2.0863707,5.137837,1.0258414,-5.1529803,5.2103095,2.806269,-0.1243424,0.39380136,0.15513295,-0.897437,-7.195743,4.521979,0.18640743,1.9878948,5.7084455,0.59328896,1
2.7999999999999843,,,,,13.481134,2.0863707,5.137837,1.0258414,-5.2254453,5.255413,2.8080704,-0.12989807,0.41825566,0.14139901,-0.8878034,-7.297984,4.4995685,0.17323987,2.0032086,5.619493,0.6145144,1
2.809999999999984,,,,,12.52408,3.160988,1.0458132,0.23666236,-5.2989554,5.3003182,2.8097188,-0.13521646,0.44197604,0.12748511,-0.87756544,-7.4046454,4.4823008,0.15572643,2.016135,5.5444107,0.6346983,1
2.819999999999984,,,,,12.52408,3.160988,1.0458132,0.23666236,-5.3735127,5.3450813,2.8111422,-0.14039285,0.46351835,0.11330438,-0.8675267,-7.507394,4.4710293,0.12831639,2.1950262,4.8429027,0.61516654,1
2.8299999999999836,,,,,12.52408,3.160988,1.0458132,0.23666236,-5.4491134,5.3897552,2.8122718,-0.14556472,0.48180085,0.09882437,-0.85843605,-7.613088,4.4644547,0.09705594,2.3459563,4.250781,0.59659326,1
2.8399999999999834,,,,,12.52408,3.160988,1.0458132,0.23666236,-5.5257826,5.4343863,2.8130715,-0.15079065,0.4973453,0.08412834,-0.85019535,-7.7210407,4.4624853,0.062397756,2.4732976,3.7509892,0.57893133,1
2.849999999999983,,,,,11.033802,3.7534611,-1.7862558,0.45432797,-5.60354,5.4790206,2.8135092,-0.15610877,0.51058316,0.06927987,-0.84269506,-7.830689,4.465038,0.024742557,2.580738,3.329131,0.56213605,1
2.859999999999983,,,,,11.033802,3.7534611,-1.7862558,0.45432797,-5.6823344,5.5236993,2.8135226,-0.16157,0.520888,0.05429387,-0.8364346,-7.9283476,4.4711947,-0.022388875,2.7639241,2.5314467,0.5568459,1
2.869999999999983,,,,,11.033802,3.7534611,-1.7862558,0.45432797,-5.762109,5.568458,2.8130558,-0.16723198,0.52779675,0.039188836,-0.83182216,-8.026557,4.481153,-0.071205705,2.9184923,1.8581498,0.55181533,1
2.8799999999999826,,,,,11.033802,3.7534611,-1.7862558,0.45432797,-5.842866,5.613335,2.8120947,-0.17311496,0.5318458,0.024010524,-0.82860994,-8.124856,4.4948096,-0.121095374,3.0489135,1.2898442,0.5470316,1
2.8899999999999824,,,,,11.660788,3.7570896,-3.268653,0.2379258,-5.924605,5.6583667,2.8106318,-0.17922328,0.5334737,0.008792806,-0.8265635,-8.2228565,4.51208,-0.17154008,3.1589603,0.8101577,0.5424827,1
2.899999999999982,,,,,11.660788,3.7570896,-3.268653,0.2379258,-6.0073485,5.703594,2.8086772,-0.18557121,0.53255045,-0.0063183596,-0.8257803,-8.3257475,4.5340676,-0.21937987,3.2524648,0.17407079,0.527538,1
2.909999999999982,,,,,11.660788,3.7570896,-3.268653,0.2379258,-6.091116,5.7490597,2.8062456,-0.19217469,0.52898586,-0.02120163,-0.82631296,-8.427577,4.559665,-0.26676726,3.331342,-0.36282384,0.51332664,1
2.9199999999999817,,,,,11.660788,3.7570896,-3.268653,0.2379258,-6.175895,5.794799,2.8033447,-0.1990232,0.52315986,-0.03586767,-0.82789296,-8.527976,4.588748,-0.31319243,3.3978817,-0.8159939,0.4998126,1
2.9299999999999815,,,,,11.078012,1.8608307,-4.2241974,0.63023084,-6.261669,5.840846,2.7999864,-0.20609812,0.51538664,-0.05032683,-0.8302814,-8.626609,4.621205,-0.35824257,3.4540145,-1.1984954,0.48696178,1
2.9399999999999813,,,,,11.078012,1.8608307,-4.2241974,0.63023084,-6.348396,5.887225,2.7961721,-0.21296903,0.5057683,-0.06390348,-0.83352196,-8.71834,4.655109,-0.4043146,3.2057154,-1.6704159,0.493992,1
2.949999999999981,,,,,11.078012,1.8608307,-4.2241974,0.63023084,-6.436029,5.933958,2.791907,-0.21930014,0.4944127,-0.076062396,-0.83766216,-8.807871,4.6917315,-0.44843388,2.9961183,-2.0687308,0.5006773,1
2.959999999999981,,,,,11.078012,1.8608307,-4.2241974,0.63023084,-6.524545,5.9810686,2.7872114,-0.22519143,0.4815641,-0.08700274,-0.8425053,-8.895006,4.730694,-0.49031773,2.81919,-2.4049206,0.5070345,1
2.9699999999999807,,,,,11.34078,-0.23840699,-5.202893,1.1838926,-6.61392,6.028579,2.7821093,-0.23071958,0.46742475,-0.09689402,-0.84787613,-8.97956,4.7716684,-0.5297442,2.6698382,-2.6886744,0.5130797,1
2.9799999999999804,,,,,11.34078,-0.23840699,-5.202893,1.1838926,-6.7041388,6.0765142,2.7766345,-0.23554261,0.45202953,-0.10512264,-0.8538957,-9.063547,4.815467,-0.5648998,2.2197118,-3.07765,0.5456969,1
2.9899999999999802,,,,,11.34078,-0.23840699,-5.202893,1.1838926,-6.7951813,6.1248927,2.7708213,-0.23938769,0.4354017,-0.11118047,-0.8606727,-9.144371,4.8603315,-0.59731495,1.8365566,-3.4091785,0.5770133,1
2.99999999999998,,,,,11.34078,-0.23840699,-5.202893,1.1838926,-6.8870173,6.173723,2.7646992,-0.24241048,0.41769928,-0.11538073,-0.8680158,-9.222188,4.9058394,-0.6266161,1.5131435,-3.688999,0.6067931,1
3.00999999999998,,,,,11.933399,-1.4132459,-5.6878057,1.8281759,-6.979615,6.22301,2.7583003,-0.24473478,0.3990537,-0.11799185,-0.87575036,-9.296898,4.9515176,-0.6526638,1.2401557,-3.9251742,0.6351116,1
3.0199999999999796,,,,,11.933399,-1.4132459,-5.6878057,1.8281759,-7.0729704,6.2727685,2.751684,-0.24624641,0.379546,-0.1188736,-0.88384175,-9.373152,4.999957,-0.670363,0.8429494,-4.18386,0.69216835,1
3.0299999999999794,,,,,11.933399,-1.4132459,-5.6878057,1.8281759,-7.1670628,6.323004,2.7449017,-0.24682514,0.35918966,-0.1178365,-0.89228606,-9.444915,5.046956,-0.68551886,0.49136263,-4.418539,0.7479125,1
3.039999999999979,,,,,11.933399,-1.4132459,-5.6878057,1.8281759,-7.2618556,6.373703,2.737986,-0.24658132,0.33805507,-0.1151282,-0.9009226,-9.513111,5.092643,-0.69701517,0.19459563,-4.6166177,0.8009214,1
3.049999999999979,,,,,12.758243,-2.0573347,-5.779873,1.8491558,-7.357312,6.4248505,2.730974,-0.24561179,0.31622106,-0.11098998,-0.9095932,-9.577621,5.136566,-0.7048528,-0.055902164,-4.7838006,0.8513291,1
3.0599999999999787,,,,,12.758243,-2.0573347,-5.779873,1.8491558,-7.453416,6.4764414,2.723934,-0.24391599,0.29378596,-0.10538397,-0.9181985,-9.642506,5.1812057,-0.70259565,-0.36778098,-4.939322,0.90029275,1
3.0699999999999785,,,,,12.758243,-2.0573347,-5.779873,1.8491558,-7.5501475,6.528465,2.7169352,-0.24149963,0.2708331,-0.09829014,-0.9266423,-9.703178,5.2230716,-0.69658023,-0.63103545,-5.0705786,0.94685376,1
3.0799999999999783,,,,,12.758243,-2.0573347,-5.779873,1.8491558,-7.6474648,6.5808916,2.7100148,-0.23844068,0.24740855,-0.08992401,-0.9347985,-9.759507,5.2617435,-0.68695164,-0.8532483,-5.181354,0.99112993,1
3.089999999999978,,,,,12.725058,-2.4674518,-5.7835836,2.2713275,-7.745322,6.633688,2.703208,-0.23480217,0.22355582,-0.08047052,-0.9425576,-9.811339,5.2968616,-0.6739034,-1.04082,-5.274842,1.0332335,1
3.099999999999978,,,,,12.725058,-2.4674518,-5.7835836,2.2713275,-7.843675,6.6868153,2.6965463,-0.23055083,0.19934925,-0.06994465,-0.94984925,-9.858393,5.328028,-0.65797025,-1.263037,-5.354378,1.0939872,1
3.1099999999999777,,,,,12.725058,-2.4674518,-5.7835836,2.2713275,-7.942474,6.740234,2.6900587,-0.22565812,0.17485376,-0.058367994,-0.9566072,-9.900663,5.355022,-0.63913745,-1.450613,-5.4215007,1.1517596,1
3.1199999999999775,,,,,12.725058,-2.4674518,-5.7835836,2.2713275,-8.041671,6.7939005,2.6837728,-0.22017758,0.15009806,-0.045897994,-0.9627488,-9.938013,5.3775682,-0.61771595,-1.60895,-5.4781437,1.2066972,1
3.1299999999999772,,,,,12.782032,-2.9988387,-5.5433936,2.451119,-8.141216,6.8477693,2.6777124,-0.21415403,0.12511213,-0.032670863,-0.96820307,-9.970295,5.395443,-0.59405035,-1.7426072,-5.5259414,1.2589389,1
3.139999999999977,,,,,12.782032,-2.9988387,-5.5433936,2.451119,-8.24106,6.9017925,2.671901,-0.2075766,0.10006455,-0.018621527,-0.972909,-9.997498,5.4085217,-0.56796235,-1.9383028,-5.528897,1.3174394,1
3.149999999999977,,,,,12.782032,-2.9988387,-5.5433936,2.451119,-8.341149,6.9559216,2.6663582,-0.20044416,0.07509533,-0.0037056853,-0.9768156,-10.019401,5.4165363,-0.5404055,-2.1034899,-5.5313754,1.3730695,1
3.1599999999999766,,,,,12.782032,-2.9988387,-5.5433936,2.451119,-8.44143,7.0101047,2.6610963,-0.19280435,0.050197244,0.011937425,-0.9798795,-10.035943,5.4193335,-0.5118088,-2.2429268,-5.5334516,1.4259697,1
3.1699999999999764,,,,,12.606596,-3.2709956,-3.6683495,2.2348018,-8.541849,7.06429,2.6561239,-0.18469752,0.025369458,0.02818643,-0.9820633,-10.047063,5.41681,-0.48261604,-2.3606277,-5.5351887,1.4762741,1
3.179999999999976,,,,,12.606596,-3.2709956,-3.6683495,2.2348018,-8.642351,7.118423,2.6514359,-0.17621017,0.0013729818,0.04490731,-0.9833265,-10.05266,5.4090285,-0.45503247,-2.5027509,-5.244253,1.5134952,1
3.189999999999976,,,,,12.606596,-3.2709956,-3.6683495,2.2348018,-8.742884,7.172452,2.6470222,-0.16744334,-0.021185732,0.061994072,-0.9837023,-10.05311,5.3960004,-0.4277587,-2.6226845,-4.9986706,1.5488899,1
3.1999999999999758,,,,,12.606596,-3.2709956,-3.6683495,2.2348018,-8.843397,7.226325,2.6428783,-0.15844393,-0.042512156,0.07938455,-0.98325276,-10.048681,5.3778067,-0.4012067,-2.7238922,-4.79137,1.5825478,1
3.2099999999999755,,,,,12.988047,-3.167199,-1.3566363,1.7300748,-8.943842,7.2799907,2.6389945,-0.14924747,-0.06277934,0.09702308,-0.9820235,-10.039601,5.3545423,-0.37575412,-2.8092966,-4.6163816,1.6145542,1
3.2199999999999753,,,,,12.988047,-3.167199,-1.3566363,1.7300748,-9.044172,7.3333945,2.6353767,-0.1400367,-0.08123771,0.114681825,-0.9801213,-10.025704,5.3254747,-0.34804764,-2.8656301,-4.1080956,1.6202228,1
3.229999999999975,,,,,12.988047,-3.167199,-1.3566363,1.7300748,-9.144341,7.386483,2.6320276,-0.13098915,-0.09730892,0.1321891,-0.9777006,-10.007765,5.291531,-0.32208413,-2.913099,-3.6790671,1.6256133,1
3.239999999999975,,,,,12.988047,-3.167199,-1.3566363,1.7300748,-9.244315,7.4392095,2.6289287,-0.1221158,-0.11135858,0.14957169,-0.97484094,-9.986302,5.2529364,-0.29805335,-2.953098,-3.3169374,1.6307393,1
3.2499999999999747,,,,,13.024689,-2.8760061,0.069008335,1.6508542,-9.344058,7.4915266,2.6260595,-0.11341821,-0.12369583,0.1668487,-0.9715949,-9.961753,5.209885,-0.2761103,-2.9868019,-3.0112748,1.6356137,1
3.2599999999999745,,,,,13.024689,-2.8760061,0.069008335,1.6508542,-9.443541,7.5433917,2.6234004,-0.10498559,-0.13404302,0.18385738,-0.9680942,-9.934432,5.162427,-0.25604352,-2.9700336,-2.5308897,1.6363615,1
3.2699999999999743,,,,,13.024689,-2.8760061,0.069008335,1.6508542,-9.542739,7.5947614,2.6209311,-0.09689699,-0.1421983,0.20047669,-0.96446836,-9.904912,5.110908,-0.23822686,-2.955801,-2.1254232,1.6370727,1
3.279999999999974,,,,,13.024689,-2.8760061,0.069008335,1.6508542,-9.641633,7.645597,2.6186287,-0.08912994,-0.14850356,0.21677202,-0.9607351,-9.873666,5.055535,-0.2226601,-2.943721,-1.783191,1.637749,1
3.289999999999974,,,,,12.65696,-2.9968715,0.64172316,1.6760206,-9.740209,7.6958604,2.6164706,-0.08165947,-0.15324655,0.23279482,-0.9568977,-9.841091,4.996479,-0.20934181,-2.9334683,-1.4943315,1.638392,1
3.2999999999999736,,,,,12.65696,-2.9968715,0.64172316,1.6760206,-9.838457,7.745524,2.6144187,-0.07451887,-0.1564458,0.24861413,-0.95297533,-9.808476,4.9356503,-0.20135383,-2.94371,-1.1612294,1.6402385,1
3.3099999999999734,,,,,12.65696,-2.9968715,0.64172316,1.6760206,-9.936377,7.7945623,2.6124358,-0.0677335,-0.15812925,0.26428604,-0.9489782,-9.77525,4.87149,-0.19553971,-2.9522998,-0.8800722,1.6419944,1
3.319999999999973,,,,,12.65696,-2.9968715,0.64172316,1.6760206,-10.03396,7.8429427,2.6105,-0.061266754,-0.15853211,0.27982822,-0.9448859,-9.741728,4.8040886,-0.19189489,-2.9595037,-0.6427598,1.643664,1
3.329999999999973,,,,,12.075492,-2.5167408,1.1427894,1.6116453,-10.131208,7.890633,2.6085901,-0.055084307,-0.15785205,0.29525268,-0.94067717,-9.708173,4.7335243,-0.19042878,-2.9655452,-0.44245481,1.6452518,1
3.3399999999999728,,,,,12.075492,-2.5167408,1.1427894,1.6116453,-10.22813,7.9376197,2.6066616,-0.04919208,-0.15607958,0.31037557,-0.93642163,-9.676342,4.663261,-0.19562788,-2.8958197,-0.19515896,1.6436027,1
3.3499999999999726,,,,,12.075492,-2.5167408,1.1427894,1.6116453,-10.324737,7.983889,2.6046703,-0.043596126,-0.15321669,0.32505417,-0.93218184,-9.644918,4.5901747,-0.20288861,-2.8369255,0.013559364,1.6420345,1
3.3599999999999723,,,,,12.075492,-2.5167408,1.1427894,1.6116453,-10.421031,8.029413,2.6025963,-0.038265675,-0.14943193,0.33934957,-0.9279261,-9.614104,4.5143847,-0.2121787,-2.7871811,0.18971816,1.6405432,1
3.369999999999972,,,,,12.200834,-1.9072559,1.7254219,1.6966223,-10.517021,8.074167,2.6004193,-0.033172324,-0.14486723,0.35331118,-0.9236252,-9.584067,4.435994,-0.22348262,-2.7451646,0.33839655,1.6391252,1
3.379999999999972,,,,,12.200834,-1.9072559,1.7254219,1.6966223,-10.612714,8.11812,2.5981238,-0.028329048,-0.13943118,0.36674917,-0.9193751,-9.554653,4.3542647,-0.23590711,-2.614725,0.55483675,1.6419467,1
3.3899999999999717,,,,,12.200834,-1.9072559,1.7254219,1.6966223,-10.708118,8.161243,2.595694,-0.023747094,-0.13305745,0.37951863,-0.91525763,-9.526356,4.2701535,-0.25028273,-2.5045922,0.7375022,1.6446296,1
3.3999999999999715,,,,,12.200834,-1.9072559,1.7254219,1.6966223,-10.8032465,8.203515,2.5931113,-0.019398546,-0.12589008,0.39171556,-0.91122633,-9.499344,4.183801,-0.26653606,-2.4116044,0.89166325,1.6471809,1
3.4099999999999713,,,,,12.429825,-1.3305972,1.5007746,1.4638352,-10.89811,8.244912,2.5903568,-0.015257696,-0.11805062,0.40341896,-0.90723956,-9.473762,4.0953274,-0.28461596,-2.3330925,1.021768,1.649607,1
3.419999999999971,,,,,12.429825,-1.3305972,1.5007746,1.4638352,-10.992724,8.285406,2.58742,-0.011264056,-0.109738186,0.4144836,-0.9033455,-9.449267,4.003148,-0.3030145,-2.176828,1.0966496,1.640491,1
3.429999999999971,,,,,12.429825,-1.3305972,1.5007746,1.4638352,-11.087102,8.324967,2.5842905,-0.0073717046,-0.10111749,0.4248005,-0.8995914,-9.426399,3.9090753,-0.32316115,-2.0449197,1.1598252,1.6318225,1
3.4399999999999706,,,,,12.429825,-1.3305972,1.5007746,1.4638352,-11.181259,8.363581,2.580951,-0.003577693,-0.09223716,0.43447796,-0.8959395,-9.40519,3.8132553,-0.34498456,-1.9335715,1.2131249,1.6235793,1
3.4499999999999704,,,,,13.091529,-0.71087027,1.0560559,1.2961081,-11.275212,8.401227,2.5773852,0.0001219539,-0.08313842,0.44360662,-0.89235663,-9.38567,3.7158122,-0.36843053,-1.8395789,1.2580925,1.6157407,1
3.45999999999997,,,,,13.091529,-0.71087027,1.0560559,1.2961081,-11.368975,8.437865,2.5735967,0.0038126048,-0.07402379,0.45204008,-0.8889122,-9.366896,3.6115947,-0.38955995,-1.6635119,1.2267873,1.6000562,1
3.46999999999997,,,,,13.091529,-0.71087027,1.0560559,1.2961081,-11.462557,8.4734535,2.569589,0.007559874,-0.0650561,0.45967,-0.885671,-9.349852,3.5059483,-0.4122502,-1.5149086,1.2003314,1.5851414,1
3.47999999999997,,,,,13.091529,-0.71087027,1.0560559,1.2961081,-11.555977,8.50798,2.5653467,0.011342134,-0.056214392,0.46661693,-0.88259786,-9.334468,3.3990233,-0.43639994,-1.3894851,1.177974,1.5709586,1
3.4899999999999696,,,,,12.866995,-0.006785654,0.47203705,1.2869915,-11.649252,8.541431,2.5608559,0.015142282,-0.047481127,0.472982,-0.87966096,-9.320682,3.2909439,-0.4619244,-1.2836261,1.1590804,1.5574716,1
3.4999999999999694,,,,,12.866995,-0.006785654,0.47203705,1.2869915,-11.742396,8.573806,2.5560975,0.019069398,-0.039042827,0.47859946,-0.87695706,-9.30864,3.1836965,-0.48996317,-1.084386,1.0521479,1.5441991,1
3.509999999999969,,,,,12.866995,-0.006785654,0.47203705,1.2869915,-11.835427,8.6051035,2.5510528,0.023208894,-0.031044986,0.48334527,-0.8745708,-9.297973,3.0755765,-0.51912904,-0.9162361,0.9618565,1.531578,1
3.519999999999969,,,,,12.866995,-0.006785654,0.47203705,1.2869915,-11.928358,8.635316,2.5457113,0.027517082,-0.023419123,0.4873533,-0.87245643,-9.288545,2.9667246,-0.5492728,-0.77432483,0.8856171,1.519576,1
3.5299999999999687,,,,,12.964767,0.6161566,0.26614818,1.1781007,-12.021201,8.664436,2.5400639,0.03195799,-0.016107747,0.4907357,-0.8705727,-9.280241,2.8572557,-0.5802654,-0.6545576,0.8212427,1.5081631,1
3.5399999999999685,,,,,12.964767,0.6161566,0.26614818,1.1781007,-12.113966,8.692455,2.5341055,0.036534194,-0.009132388,0.49336714,-0.8690051,-9.272911,2.7464364,-0.6114794,-0.45629773,0.73487544,1.4919667,1
3.5499999999999683,,,,,12.964767,0.6161566,0.26614818,1.1781007,-12.206663,8.719364,2.5278325,0.041243553,-0.0025074189,0.49515405,-0.8678216,-9.266514,2.6352274,-0.64324653,-0.28897157,0.66194314,1.4765652,1
3.559999999999968,,,,,12.964767,0.6161566,0.26614818,1.1781007,-12.2993,8.74516,2.5212395,0.04605315,0.0038209818,0.49622548,-0.8669625,-9.260958,2.5237498,-0.6753896,-0.14775229,0.6003564,1.4619195,1
3.569999999999968,,,,,12.428552,1.5516169,0.11238836,0.7873383,-12.391885,8.769839,2.514324,0.05093615,0.009897879,0.49668968,-0.86637527,-9.256169,2.412104,-0.7077573,-0.028566498,0.54835063,1.4479924,1
3.5799999999999677,,,,,12.428552,1.5516169,0.11238836,0.7873383,-12.484426,8.793426,2.5070705,0.055854898,0.01570366,0.4963107,-0.86620355,-9.252259,2.305005,-0.74291784,0.2179364,0.4805905,1.4155738,1
3.5899999999999674,,,,,12.428552,1.5516169,0.11238836,0.7873383,-12.576932,8.81594,2.4994662,0.06077063,0.021223182,0.49490625,-0.86655843,-9.24898,2.197973,-0.77792907,0.42598444,0.42335302,1.3847461,1
3.5999999999999672,,,,,12.428552,1.5516169,0.11238836,0.7873383,-12.669408,8.837386,2.4915133,0.065662816,0.026496893,0.49263147,-0.8673521,-9.246293,2.0911453,-0.812567,0.601577,0.37500522,1.3554311,1
3.609999999999967,,,,,12.759212,2.2018535,-0.44714835,0.26949126,-12.76186,8.857764,2.483217,0.07051549,0.031558603,0.4896165,-0.86850816,-9.244176,1.98464,-0.84664387,0.74977726,0.3341674,1.3275546,1
3.619999999999967,,,,,12.759212,2.2018535,-0.44714835,0.26949126,-12.854292,8.877066,2.4745917,0.07536141,0.03622967,0.4857303,-0.87009954,-9.242561,1.8757463,-0.87826705,0.9763404,0.2124849,1.2756351,1
3.6299999999999666,,,,,12.759212,2.2018535,-0.44714835,0.26949126,-12.946712,8.895283,2.465655,0.08021644,0.040366694,0.4808725,-0.8721792,-9.241435,1.7674484,-0.9089139,1.1675477,0.109736934,1.2262633,1
3.6399999999999664,,,,,12.759212,2.2018535,-0.44714835,0.26949126,-13.039123,8.912418,2.4564176,0.085047685,0.044043206,0.47518492,-0.8746574,-9.240722,1.659899,-0.9383688,1.3289174,0.022979463,1.1793143,1
3.649999999999966,,,,,12.302834,2.4537947,-0.9703438,0.12076551,-13.131528,8.928483,2.4468923,0.08982908,0.04732139,0.4687868,-0.8774563,-9.240367,1.5532345,-0.9664542,1.4651061,-0.050274715,1.134669,1
3.659999999999966,,,,,12.302834,2.4537947,-0.9703438,0.12076551,-13.223931,8.943505,2.4370809,0.09461678,0.050070688,0.46167174,-0.88056743,-9.240323,1.4513627,-0.99557734,1.6193914,-0.19369729,1.0849165,1
3.6699999999999657,,,,,12.302834,2.4537947,-0.9703438,0.12076551,-13.316335,8.957514,2.4269862,0.099451005,0.052189294,0.4538374,-0.88397765,-9.240484,1.3506082,-1.0230792,1.7495923,-0.3147767,1.0376052,1
3.6799999999999655,,,,,12.302834,2.4537947,-0.9703438,0.12076551,-13.408741,8.970521,2.4166253,0.10429245,0.053764824,0.44538242,-0.8876182,-9.240761,1.251109,-1.0488229,1.859469,-0.41699213,0.9926155,1
3.6899999999999653,,,,,12.356428,2.1616914,-1.3666313,0.15426588,-13.50115,8.98254,2.406016,0.10910951,0.054871757,0.43639034,-0.8914296,-9.241081,1.1529944,-1.0727007,1.9521956,-0.5032815,0.9498336,1
3.699999999999965,,,,,12.356428,2.1616914,-1.3666313,0.15426588,-13.593562,8.993585,2.3951797,0.11395595,0.05542077,0.42701888,-0.8953192,-9.241381,1.0559617,-1.0943011,1.9849337,-0.6379506,0.9107948,1
3.709999999999965,,,,,12.356428,2.1616914,-1.3666313,0.15426588,-13.685977,9.003666,2.3841374,0.11887355,0.05534391,0.4173974,-0.8992133,-9.24155,0.9605356,-1.1139064,2.0125484,-0.7516203,0.8736717,1
3.7199999999999647,,,,,12.356428,2.1616914,-1.3666313,0.15426588,-13.778392,9.012801,2.3729086,0.12382373,0.05472902,0.40755358,-0.90309,-9.241484,0.8668041,-1.1314957,2.0358422,-0.8475644,0.8383703,1
3.7299999999999645,,,,,11.981526,1.8638804,-1.4114592,0.13114893,-13.870805,9.021008,2.3615143,0.12877534,0.053651094,0.39751118,-0.9069302,-9.241095,0.7748522,-1.1470594,2.0554922,-0.92854685,0.8048011,1
3.7399999999999642,,,,,11.981526,1.8638804,-1.4114592,0.13114893,-13.963212,9.028318,2.3499615,0.13371433,0.052141264,0.38739708,-0.9106724,-9.240334,0.6874914,-1.163168,2.0256283,-1.0039163,0.77174485,1
3.749999999999964,,,,,11.981526,1.8638804,-1.4114592,0.13114893,-14.05561,9.034765,2.3382573,0.13862902,0.050227527,0.3773149,-0.9142712,-9.239119,0.60198164,-1.1773531,2.0004141,-1.0675259,0.7403106,1
3.759999999999964,,,,,11.981526,1.8638804,-1.4114592,0.13114893,-14.147992,9.040365,2.326421,0.14350015,0.047965266,0.36725226,-0.91773194,-9.237386,0.51836455,-1.189661,1.979126,-1.1212108,0.7104189,1
3.7699999999999636,,,,,11.806343,1.7165298,-1.3483471,0.0443567,-14.2403555,9.045138,2.3144705,0.1483126,0.04540202,0.35719895,-0.9210592,-9.235086,0.43668267,-1.2001376,1.9611529,-1.1665194,0.6819939,1
3.7799999999999634,,,,,11.806343,1.7165298,-1.3483471,0.0443567,-14.332693,9.04911,2.3024178,0.1530385,0.042589284,0.3472054,-0.9242364,-9.232222,0.35814157,-1.2101384,1.9229925,-1.1949316,0.65070486,1
3.789999999999963,,,,,11.806343,1.7165298,-1.3483471,0.0443567,-14.424998,9.052308,2.2902734,0.15765505,0.039570045,0.33731234,-0.92725325,-9.22873,0.28157204,-1.2184423,1.890781,-1.218907,0.62095124,1
3.799999999999963,,,,,11.806343,1.7165298,-1.3483471,0.0443567,-14.517265,9.054749,2.2780545,0.16215868,0.03637089,0.3274991,-0.93012106,-9.224591,0.20699556,-1.2251112,1.8635921,-1.2391382,0.5926575,1
3.8099999999999627,,,,,12.470536,1.5044943,-1.5683469,0.057032492,-14.609488,9.056455,2.2657766,0.16654733,0.033014856,0.31774822,-0.93284893,-9.219789,0.13443519,-1.230204,1.8406422,-1.2562107,0.5657522,1
3.8199999999999625,,,,,12.470536,1.5044943,-1.5683469,0.057032492,-14.701657,9.0574255,2.253482,0.17085195,0.029425973,0.30810952,-0.9354204,-9.213996,0.05994594,-1.2284609,1.7882171,-1.3049366,0.5407892,1
3.8299999999999623,,,,,12.470536,1.5044943,-1.5683469,0.057032492,-14.793765,9.057661,2.2412126,0.17509674,0.025544958,0.29862165,-0.9378234,-9.207435,-0.01237721,-1.2251847,1.7439643,-1.346058,0.5170511,1
3.839999999999962,,,,,12.470536,1.5044943,-1.5683469,0.057032492,-14.885803,9.057184,2.2289834,0.17927232,0.021413118,0.2892563,-0.94007057,-9.200054,-0.08252254,-1.220445,1.7066106,-1.3807615,0.49447787,1
3.849999999999962,,,,,13.270008,0.9727665,-1.4799219,0.06190833,-14.977764,9.056018,2.2168083,0.18337165,0.017065896,0.2799896,-0.9421722,-9.191813,-0.15047532,-1.2143081,1.6750804,-1.410049,0.47301233,1
3.8599999999999617,,,,,13.270008,0.9727665,-1.4799219,0.06190833,-15.069635,9.054161,2.2047353,0.18738395,0.01252792,0.27100903,-0.94407815,-9.182092,-0.2204438,-1.2000757,1.5655395,-1.421,0.45283931,1
3.8699999999999615,,,,,13.270008,0.9727665,-1.4799219,0.06190833,-15.161404,9.051618,2.1928113,0.19130148,0.007819916,0.2624642,-0.9457559,-9.171372,-0.288122,-1.1845385,1.4730816,-1.4302344,0.43365622,1
3.8799999999999613,,,,,13.270008,0.9727665,-1.4799219,0.06190833,-15.253058,9.048408,2.1810489,0.19512402,0.0029650233,0.25428522,-0.94723594,-9.159615,-0.35357106,-1.1678042,1.3950429,-1.4380219,0.41541445,1
3.889999999999961,,,,,14.381389,0.2698343,-0.62173367,0.0017002486,-15.344591,9.044554,2.1694593,0.19885208,-0.0020167276,0.24641289,-0.9485429,-9.146785,-0.41684046,-1.1499684,1.3291746,-1.4445891,0.39806777,1
3.899999999999961,,,,,14.381389,0.2698343,-0.62173367,0.0017002486,-15.435984,9.040051,2.158102,0.20239556,-0.006840271,0.23913339,-0.94963336,-9.131704,-0.48311222,-1.1213304,1.1639212,-1.3163229,0.37861794,1
3.9099999999999606,,,,,14.381389,0.2698343,-0.62173367,0.0017002486,-15.527221,9.034898,2.1470358,0.20568623,-0.01127944,0.23267494,-0.9504879,-9.115512,-0.54727435,-1.0917474,1.0244473,-1.2080488,0.36012247,1
3.9199999999999604,,,,,14.381389,0.2698343,-0.62173367,0.0017002486,-15.61829,9.029113,2.13627,0.2087544,-0.01539737,0.2269122,-0.95115423,-9.098288,-0.6095329,-1.0613593,0.9067314,-1.1166513,0.3425346,1
3.92999999999996,,,,,15.409475,-0.4872878,0.022249918,0.07282916,-15.709183,9.022714,2.1258113,0.2116258,-0.019247029,0.2217384,-0.9516697,-9.080098,-0.67006403,-1.0302802,0.8073791,-1.0395002,0.32580978,1
3.93999999999996,,,,,15.409475,-0.4872878,0.022249918,0.07282916,-15.799882,9.015696,2.1157126,0.21426812,-0.022690086,0.21740645,-0.952002,-9.059642,-0.733257,-0.98933667,0.60543436,-0.87396884,0.31339598,1
3.9499999999999598,,,,,15.409475,-0.4872878,0.022249918,0.07282916,-15.890373,9.008053,2.106026,0.21665949,-0.025619688,0.21411373,-0.95213264,-9.038321,-0.79508317,-0.94790924,0.4349905,-0.7342423,0.30159134,1
3.9599999999999596,,,,,15.409475,-0.4872878,0.022249918,0.07282916,-15.980646,8.999798,2.0967555,0.21883383,-0.028118927,0.21170074,-0.95210445,-9.016232,-0.85584587,-0.90613407,0.29113382,-0.6162982,0.29036587,1
3.9699999999999593,,,,,15.937696,-1.1910989,0.19049774,0.28941378,-16.070696,8.990939,2.087904,0.22081956,-0.030257579,0.21003194,-0.95195,-8.993457,-0.9158033,-0.86412156,0.16971703,-0.51674104,0.2796913,1
3.979999999999959,,,,,15.937696,-1.1910989,0.19049774,0.28941378,-16.16051,8.981474,2.0794978,0.22264327,-0.03208693,0.20927618,-0.9516317,-8.969258,-0.97722876,-0.817162,-0.042521473,-0.40648618,0.2801684,1
3.989999999999959,,,,,15.937696,-1.1910989,0.19049774,0.28941378,-16.250078,8.9713955,2.0715609,0.22433034,-0.033650257,0.20956108,-0.9511187,-8.944446,-1.0383809,-0.7701904,-0.22165823,-0.31341952,0.2806221,1
3.9999999999999587,,,,,15.937696,-1.1910989,0.19049774,0.28941378,-16.339397,8.960707,2.064093,0.22590078,-0.034990545,0.21072458,-0.9504413,-8.919038,-1.0995613,-0.72333395,-0.3728565,-0.23486166,0.28105348,1
4.009999999999959,,,,,15.78569,-1.7186314,0.9434866,0.47130504,-16.42846,8.949404,2.0570931,0.22737123,-0.03614377,0.21262932,-0.949623,-8.893046,-1.1610241,-0.6767006,-0.5004729,-0.16855058,0.28146374,1
4.019999999999959,,,,,15.78569,-1.7186314,0.9434866,0.47130504,-16.517258,8.937487,2.050551,0.22870477,-0.036897283,0.21542886,-0.9486424,-8.866748,-1.2224131,-0.6317675,-0.6904759,0.004831977,0.29077932,1
4.0299999999999585,,,,,15.78569,-1.7186314,0.9434866,0.47130504,-16.605791,8.9249525,2.0444562,0.22987413,-0.037083734,0.21923846,-0.94747895,-8.839985,-1.2846336,-0.5872806,-0.85084486,0.1511795,0.29963776,1
4.039999999999958,,,,,15.78569,-1.7186314,0.9434866,0.47130504,-16.694056,8.91179,2.0388033,0.23090473,-0.03679164,0.2238987,-0.94614893,-8.812859,-1.3479949,-0.54336596,-0.98620135,0.27470753,0.3080615,1
4.049999999999958,,,,,15.950142,-1.971266,1.159291,0.6318154,-16.78205,8.897987,2.0335863,0.23181754,-0.03609541,0.22927432,-0.944664,-8.785453,-1.4127547,-0.5001377,-1.1004463,0.3789745,0.3160719,1
4.059999999999958,,,,,15.950142,-1.971266,1.159291,0.6318154,-16.869764,8.883526,2.028805,0.23262498,-0.034994982,0.2353667,-0.9430072,-8.757553,-1.4798269,-0.45623997,-1.2362803,0.5006241,0.3315655,1
4.069999999999958,,,,,15.950142,-1.971266,1.159291,0.6318154,-16.957201,8.868384,2.0244584,0.23333918,-0.033492755,0.24217,-0.9411609,-8.729522,-1.5487705,-0.413268,-1.3509289,0.6033051,0.34629884,1
4.079999999999957,,,,,15.950142,-1.971266,1.159291,0.6318154,-17.044355,8.852543,2.0205364,0.23397554,-0.031649694,0.24956825,-0.9391318,-8.701426,-1.6197935,-0.3713446,-1.447696,0.6899759,0.36030918,1
4.089999999999957,,,,,15.394727,-2.095602,1.1151918,0.70044523,-17.13123,8.835979,2.0170279,0.23454677,-0.02951716,0.25746313,-0.9369249,-8.673322,-1.6930647,-0.33058622,-1.5293701,0.763133,0.37363204,1
4.099999999999957,,,,,15.394727,-2.095602,1.1151918,0.70044523,-17.217827,8.8186865,2.0138962,0.2350743,-0.02716446,0.26581374,-0.9345288,-8.646233,-1.7660872,-0.29589674,-1.6176953,0.81799805,0.38966885,1
4.109999999999957,,,,,15.394727,-2.095602,1.1151918,0.70044523,-17.304153,8.800651,2.011105,0.23557666,-0.02464828,0.27458265,-0.9319331,-8.619202,-1.841529,-0.2625549,-1.6922448,0.86430943,0.40491876,1
4.119999999999957,,,,,15.394727,-2.095602,1.1151918,0.70044523,-17.39021,8.781848,2.00864,0.23605917,-0.021991601,0.28369728,-0.9291432,-8.592241,-1.9194843,-0.23067346,-1.755167,0.9034014,0.4194203,1
4.129999999999956,,,,,15.167145,-2.0388374,0.83871245,0.7289355,-17.475998,8.762253,2.0064862,0.23652604,-0.019213855,0.29309598,-0.92616403,-8.565362,-2.0000238,-0.20036039,-1.8082751,0.93639916,0.43321025,1
4.139999999999956,,,,,15.167145,-2.0388374,0.83871245,0.7289355,-17.56152,8.741845,2.0046177,0.23701698,-0.016427457,0.30267936,-0.9230044,-8.538962,-2.0819645,-0.17359142,-1.8442357,0.92113745,0.4477216,1
4.149999999999956,,,,,15.167145,-2.0388374,0.83871245,0.7289355,-17.646778,8.720605,2.0030081,0.23756534,-0.013721822,0.31236634,-0.9196741,-8.512613,-2.1665015,-0.14855482,-1.8745881,0.9082576,0.46152085,1
4.159999999999956,,,,,15.167145,-2.0388374,0.83871245,0.7289355,-17.731771,8.698506,2.0016403,0.23816513,-0.011081263,0.32213297,-0.9161788,-8.486273,-2.2536213,-0.12533006,-1.9002074,0.8973882,0.47464296,1
4.1699999999999555,,,,,15.374395,-1.6441861,0.4816278,0.75953203,-17.816504,8.675524,2.0004954,0.23881069,-0.008492683,0.33195907,-0.9125235,-8.459907,-2.3433044,-0.103993334,-1.921831,0.8882155,0.48712116,1
4.179999999999955,,,,,15.374395,-1.6441861,0.4816278,0.75953203,-17.900969,8.651626,1.9995619,0.23954962,-0.006036332,0.3416496,-0.90876496,-8.433117,-2.4367738,-0.08300451,-1.8785195,0.8248056,0.5004884,1
4.189999999999955,,,,,15.374395,-1.6441861,0.4816278,0.75953203,-17.985165,8.6267805,1.9988284,0.24042183,-0.0037744124,0.35105145,-0.90495557,-8.406213,-2.5326996,-0.06401148,-1.8419645,0.7712838,0.5131997,1
4.199999999999955,,,,,15.374395,-1.6441861,0.4816278,0.75953203,-18.069092,8.600965,1.9982748,0.24141157,-0.001672729,0.36020485,-0.90109307,-8.379139,-2.6309657,-0.047014896,-1.8111119,0.72610825,0.5252873,1
4.209999999999955,,,,,15.917959,-1.3849537,-0.014722366,0.99351734,-18.152744,8.574154,1.9978812,0.2425048,0.00029734065,0.36914352,-0.897175,-8.35185,-2.7314696,-0.032018524,-1.7850721,0.6879772,0.5367817,1
4.2199999999999545,,,,,15.917959,-1.3849537,-0.014722366,0.99351734,-18.23612,8.546309,1.9976472,0.24378902,0.0020177546,0.37775484,-0.89323163,-8.32332,-2.837737,-0.0150936525,-1.7226441,0.5783883,0.55919385,1
4.229999999999954,,,,,15.917959,-1.3849537,-0.014722366,0.99351734,-18.319208,8.517392,1.9975722,0.2453385,0.0033989374,0.38595232,-0.8892901,-8.29442,-2.9460607,-0.00019696169,-1.6699547,0.48588893,0.5805062,1
4.239999999999954,,,,,15.917959,-1.3849537,-0.014722366,0.99351734,-18.402006,8.487381,1.9976364,0.24712305,0.0045009675,0.39379707,-0.8853431,-8.265045,-3.0562851,0.012721866,-1.6254848,0.40781412,0.6007728,1
4.249999999999954,,,,,16.244768,-1.0458868,-0.50178313,1.0830673,-18.484509,8.45626,1.99782,0.24911591,0.005374099,0.4013403,-0.88138354,-8.23511,-3.168277,0.023705302,-1.5879526,0.34191436,0.6200449,1
4.259999999999954,,,,,16.244768,-1.0458868,-0.50178313,1.0830673,-18.566704,8.423999,1.998115,0.25138134,0.0059272083,0.4084571,-0.87745863,-8.203904,-3.284242,0.034999266,-1.5033679,0.21035196,0.6427655,1
4.269999999999953,,,,,16.244768,-1.0458868,-0.50178313,1.0830673,-18.648582,8.39057,1.9985136,0.25397158,0.0060918676,0.41505194,-0.87360847,-8.171925,-3.4017007,0.044461023,-1.431979,0.09930449,0.66437125,1
4.279999999999953,,,,,16.244768,-1.0458868,-0.50178313,1.0830673,-18.730137,8.355959,1.9989982,0.2568479,0.0059369463,0.42120346,-0.8698161,-8.139055,-3.520477,0.052194156,-1.3717276,0.0055729486,0.68491673,1
4.289999999999953,,,,,16.739544,-0.5984473,-1.0969577,0.9524948,-18.81136,8.320155,1.9995518,0.25997606,0.0055199615,0.42697784,-0.86606604,-8.105201,-3.6404202,0.05828792,-1.3208767,-0.07354305,0.70445406,1
4.299999999999953,,,,,16.739544,-0.5984473,-1.0969577,0.9524948,-18.892231,8.283129,2.000174,0.26341352,0.00472284,0.43221378,-0.86242723,-8.069202,-3.7650697,0.06595879,-1.2081394,-0.23310208,0.7166256,1
4.3099999999999525,,,,,16.739544,-0.5984473,-1.0969577,0.9524948,-18.972736,8.244851,2.0008657,0.2672034,0.0034546151,0.4367869,-0.8589564,-8.031963,-3.890561,0.07219447,-1.1129929,-0.36778393,0.7281997,1
4.319999999999952,,,,,16.739544,-0.5984473,-1.0969577,0.9524948,-19.052862,8.205316,2.0016134,0.27129796,0.0017955645,0.4407975,-0.8556227,-7.9933505,-4.0166845,0.077161826,-1.0326924,-0.48146743,0.73920596,1
4.329999999999952,,,,,16.594297,-0.31420353,-1.4688017,0.9436862,-19.132597,8.1645155,2.002405,0.27565572,-0.00018723367,0.4443298,-0.85239863,-7.953259,-4.14326,0.08100401,-0.96492195,-0.57742685,0.7496721,1
4.339999999999952,,,,,16.594297,-0.31420353,-1.4688017,0.9436862,-19.211924,8.122455,2.0032253,0.28030592,-0.0025333413,0.44731632,-0.84931076,-7.9119563,-4.2690225,0.08297669,-0.86337066,-0.7163922,0.75919247,1
4.349999999999952,,,,,16.594297,-0.31420353,-1.4688017,0.9436862,-19.290827,8.079135,2.0040612,0.28526968,-0.005270656,0.44970652,-0.84637815,-7.868987,-4.3948774,0.084128305,-0.7776655,-0.8336924,0.7682456,1
4.3599999999999515,,,,,16.594297,-0.31420353,-1.4688017,0.9436862,-19.369295,8.034557,2.0049055,0.29050195,-0.008332193,0.45158815,-0.8435673,-7.824255,-4.52064,0.08461631,-0.7053342,-0.9327053,0.7768545,1
4.369999999999951,,,,,17.008198,-0.27192214,-1.8950353,0.8317655,-19.447308,7.9887233,2.0057518,0.29596373,-0.011661999,0.45303494,-0.84084916,-7.777682,-4.6461477,0.084574334,-0.6442898,-1.0162818,0.78504103,1
4.379999999999951,,,,,17.008198,-0.27192214,-1.8950353,0.8317655,-19.524836,7.94162,2.0066078,0.30168694,-0.015357826,0.45404348,-0.8382077,-7.7279854,-4.774373,0.08655485,-0.58614755,-1.1532942,0.7873338,1
4.389999999999951,,,,,17.008198,-0.27192214,-1.8950353,0.8317655,-19.601858,7.8932376,2.0074818,0.30769244,-0.019495374,0.45461193,-0.8356266,-7.6762133,-4.902008,0.088237055,-0.5370833,-1.268944,0.78951406,1
4.399999999999951,,,,,17.008198,-0.27192214,-1.8950353,0.8317655,-19.678352,7.843582,2.0083716,0.31393358,-0.024002025,0.4547997,-0.83308184,-7.6222544,-5.028879,0.08973349,-0.49567962,-1.3665622,0.7915874,1
4.40999999999995,,,,,16.313425,0.6697255,-2.2971287,0.6040557,-19.754295,7.7926626,2.0092762,0.32037044,-0.028816793,0.45465708,-0.83055276,-7.5660205,-5.154832,0.0911373,-0.46074048,-1.44896,0.793559,1
4.41999999999995,,,,,16.313425,0.6697255,-2.2971287,0.6040557,-19.829678,7.7405148,2.010174,0.32702973,-0.03391304,0.45386097,-0.828197,-7.5098414,-5.2746058,0.0884851,-0.28438616,-1.5811383,0.78426003,1
4.42999999999995,,,,,16.313425,0.6697255,-2.2971287,0.6040557,-19.904486,7.6871753,2.0110464,0.33392864,-0.039265633,0.45215642,-0.82613736,-7.4514046,-5.3931117,0.0860598,-0.13554573,-1.6927197,0.7754173,1
4.43999999999995,,,,,16.313425,0.6697255,-2.2971287,0.6040557,-19.978697,7.6326575,2.0118968,0.34102172,-0.04482988,0.44967383,-0.82430965,-7.390715,-5.5101075,0.084089324,-0.009926314,-1.7869135,0.7670086,1
4.4499999999999496,,,,,15.576965,1.0205348,-2.489218,0.51145476,-20.052292,7.576978,2.0127306,0.3482694,-0.050568588,0.4465229,-0.8226585,-7.3277903,-5.62538,0.082761146,0.09609492,-1.8664289,0.75901246,1
4.459999999999949,,,,,15.576965,1.0205348,-2.489218,0.51145476,-20.12526,7.5201817,2.0135329,0.3556695,-0.056469727,0.44265288,-0.8211987,-7.265597,-5.7336135,0.07783206,0.2402933,-1.963483,0.7468647,1
4.469999999999949,,,,,15.576965,1.0205348,-2.489218,0.51145476,-20.197598,7.4623127,2.0142903,0.3632162,-0.06252166,0.43802664,-0.8199367,-7.201332,-5.8398027,0.07384477,0.36199597,-2.0454144,0.73531306,1
4.479999999999949,,,,,15.576965,1.0205348,-2.489218,0.51145476,-20.269281,7.4033933,2.0150135,0.37087265,-0.0686965,0.43274793,-0.81881744,-7.135046,-5.943747,0.070955455,0.46471277,-2.1145797,0.7243282,1
4.489999999999949,,,,,14.283048,0.5762062,-2.3210826,0.2937236,-20.340292,7.3434467,2.0157137,0.37860703,-0.074970976,0.42690438,-0.81779414,-7.0667934,-6.0452642,0.069287136,0.55140567,-2.1729672,0.7138824,1
4.4999999999999485,,,,,14.283048,0.5762062,-2.3210826,0.2937236,-20.410639,7.282539,2.0163634,0.38632798,-0.08134996,0.4207396,-0.81676775,-7.0024586,-6.135979,0.060805533,0.5552545,-2.1960716,0.693265,1
4.509999999999948,,,,,14.283048,0.5762062,-2.3210826,0.2937236,-20.480335,7.2207355,2.0169342,0.3939588,-0.08783981,0.41445214,-0.81566447,-6.936407,-6.224234,0.053524043,0.5585023,-2.2155726,0.67365944,1
4.519999999999948,,,,,14.283048,0.5762062,-2.3210826,0.2937236,-20.549362,7.1580625,2.0174382,0.4014943,-0.09442411,0.40805,-0.8144815,-6.868673,-6.3099575,0.047419854,0.5612433,-2.2320325,0.6550159,1
4.529999999999948,,,,,13.94981,0.42645302,-1.9878514,0.09917787,-20.617702,7.094546,2.0178864,0.40893036,-0.1010886,0.40154022,-0.8132165,-6.799293,-6.3930826,0.042466756,0.5635566,-2.2459252,0.63728726,1
4.539999999999948,,,,,13.94981,0.42645302,-1.9878514,0.09917787,-20.68535,7.0302205,2.01828,0.41618538,-0.10774689,0.39503065,-0.811868,-6.729968,-6.4716763,0.03643215,0.54212075,-2.2056968,0.6108821,1
4.549999999999947,,,,,13.94981,0.42645302,-1.9878514,0.09917787,-20.752298,6.9651217,2.0186186,0.42319456,-0.11433192,0.38860953,-0.81044173,-6.6591415,-6.547669,0.031432252,0.5240335,-2.1717398,0.58577263,1
4.559999999999947,,,,,13.94981,0.42645302,-1.9878514,0.09917787,-20.81853,6.8992763,2.018912,0.4299778,-0.120857894,0.38225606,-0.8089445,-6.586878,-6.621065,0.027406247,0.5087714,-2.1430762,0.5618953,1
4.569999999999947,,,,,13.988048,0.60436374,-1.7362854,0.11266318,-20.884031,6.83271,2.0191698,0.43655238,-0.12733626,0.37595254,-0.8073819,-6.513238,-6.6918654,0.024298131,0.4958935,-2.1188807,0.53918964,1
4.579999999999947,,,,,13.988048,0.60436374,-1.7362854,0.11266318,-20.94879,6.765447,2.0194023,0.44290647,-0.13366322,0.36967126,-0.80579746,-6.43808,-6.7602572,0.022321105,0.51276016,-2.0592163,0.5182599,1
4.589999999999947,,,,,13.988048,0.60436374,-1.7362854,0.11266318,-21.012789,6.6975136,2.0196192,0.4490343,-0.13975646,0.3633912,-0.8042273,-6.3617015,-6.826065,0.021182382,0.52700263,-2.0088573,0.49835706,1
4.599999999999946,,,,,13.988048,0.60436374,-1.7362854,0.11266318,-21.07602,6.628935,2.0198288,0.4549578,-0.1456533,0.35710734,-0.8026651,-6.2842016,-6.8893104,0.020855704,0.5390289,-1.9663526,0.47943094,1
4.609999999999946,,,,,13.8751745,0.81808275,-1.0690484,0.0643509,-21.13847,6.5597363,2.0200393,0.46069548,-0.15138504,0.3508154,-0.801105,-6.205667,-6.950009,0.021315081,0.5491839,-1.930477,0.46143356,1
4.619999999999946,,,,,13.8751745,0.81808275,-1.0690484,0.0643509,-21.200132,6.489946,2.020254,0.466179,-0.15672679,0.34456623,-0.7996164,-6.1268306,-7.0077157,0.021735564,0.5910553,-1.7961327,0.4419486,1
4.629999999999946,,,,,13.8751745,0.81808275,-1.0690484,0.0643509,-21.261003,6.4195905,2.0204766,0.47135967,-0.16150258,0.33840352,-0.7982597,-6.047209,-7.0630116,0.02290412,0.626407,-1.6827416,0.4234198,1
4.6399999999999455,,,,,13.8751745,0.81808275,-1.0690484,0.0643509,-21.321075,6.348694,2.0207145,0.47627765,-0.1658022,0.33231333,-0.7970167,-5.9669514,-7.1159987,0.024817765,0.6562541,-1.5870359,0.4058002,1
4.649999999999945,,,,,13.657284,0.8937865,-0.55795145,0.022465836,-21.38034,6.2772784,2.0209754,0.4809664,-0.16970117,0.32628313,-0.7958711,-5.886187,-7.1667633,0.02747301,0.68145317,-1.5062568,0.38904518,1
4.659999999999945,,,,,13.657284,0.8937865,-0.55795145,0.022465836,-21.438805,6.20537,2.0212584,0.48538888,-0.17308763,0.32037592,-0.79485613,-5.806307,-7.2146273,0.029272573,0.7145129,-1.3583692,0.371057,1
4.669999999999945,,,,,13.657284,0.8937865,-0.55795145,0.022465836,-21.496468,6.1329927,2.0215633,0.48951954,-0.17587684,0.3146427,-0.79400045,-5.726182,-7.260519,0.031799298,0.7424266,-1.233546,0.35395154,1
4.679999999999945,,,,,13.657284,0.8937865,-0.55795145,0.022465836,-21.553328,6.060166,2.0218968,0.49339882,-0.17816389,0.30905646,-0.7932831,-5.645943,-7.3045697,0.035055384,0.76599485,-1.12819,0.33768547,1
4.689999999999944,,,,,12.603817,0.85067916,0.024568062,-0.0150945075,-21.609386,5.986907,2.0222666,0.49706024,-0.18002869,0.30359384,-0.7926855,-5.565702,-7.346894,0.039042484,0.7858938,-1.0392652,0.32221755,1
4.699999999999944,,,,,12.603817,0.85067916,0.024568062,-0.0150945075,-21.664673,5.9132485,2.0226407,0.5004549,-0.18136396,0.2983639,-0.7922309,-5.4917383,-7.3844604,0.03582958,0.7959528,-0.87336737,0.30566552,1
4.709999999999944,,,,,12.603817,0.85067916,0.024568062,-0.0150945075,-21.719223,5.839222,2.0229857,0.5035475,-0.1820888,0.29345325,-0.79193914,-5.4179697,-7.4206896,0.033286333,0.8044519,-0.73334146,0.28992572,1
4.719999999999944,,,,,12.603817,0.85067916,0.024568062,-0.0150945075,-21.773033,5.764839,2.0233085,0.50638115,-0.18230058,0.28881258,-0.79178953,-5.344495,-7.4557376,0.031407498,0.8116327,-0.61515254,0.27495828,1
4.729999999999944,,,,,12.133337,0.82976156,0.47919908,-0.09058413,-21.82611,5.6901107,2.023616,0.5089919,-0.18208118,0.2843996,-0.7917634,-5.2713957,-7.489738,0.03018887,0.8176992,-0.51539505,0.2607253,1
4.739999999999943,,,,,12.133337,0.82976156,0.47919908,-0.09058413,-21.878475,5.615053,2.0238965,0.51134914,-0.18136233,0.28027606,-0.79187995,-5.201458,-7.5215783,0.025985429,0.8195498,-0.36029768,0.24348642,1
4.749999999999943,,,,,12.133337,0.82976156,0.47919908,-0.09058413,-21.930141,5.5396814,2.0241377,0.5134303,-0.18009382,0.2764892,-0.7921541,-5.132033,-7.55268,0.022408301,0.82111895,-0.22938722,0.2270935,1
4.759999999999943,,,,,12.133337,0.82976156,0.47919908,-0.09058413,-21.981117,5.4640017,2.0243468,0.5152728,-0.1783632,0.27298594,-0.7925642,-5.0631967,-7.58319,0.019452112,0.822449,-0.11889176,0.21150498,1
4.769999999999943,,,,,11.669569,0.55837387,1.2057548,-0.028853092,-22.031406,5.388019,2.0245292,0.5169079,-0.17624405,0.26972106,-0.7930912,-4.995012,-7.613233,0.017111594,0.8235763,-0.025627792,0.19668138,1
4.7799999999999425,,,,,11.669569,0.55837387,1.2057548,-0.028853092,-22.081032,5.3117437,2.0246725,0.5182704,-0.17362188,0.26689422,-0.7937364,-4.930113,-7.641796,0.011694397,0.7821947,0.16639486,0.18561433,1
4.789999999999942,,,,,11.669569,0.55837387,1.2057548,-0.028853092,-22.130009,5.2351837,2.0247648,0.51931244,-0.17040871,0.26466227,-0.79449874,-4.865951,-7.6702156,0.0068325535,0.74727255,0.32847318,0.17509036,1
4.799999999999942,,,,,11.669569,0.55837387,1.2057548,-0.028853092,-22.17835,5.158339,2.0248113,0.5200798,-0.16669725,0.26293167,-0.79535824,-4.8025775,-7.698682,0.0024942202,0.71780133,0.46527684,0.1650828,1
4.809999999999942,,,,,11.498301,0.5403186,1.5851512,0.026064482,-22.226063,5.081209,2.0248165,0.5206104,-0.16256544,0.26162305,-0.7962974,-4.740037,-7.7273564,-0.0013494331,0.69292986,0.58074707,0.1555663,1
4.819999999999942,,,,,11.498301,0.5403186,1.5851512,0.026064482,-22.273159,5.003793,2.0247788,0.52089983,-0.15795997,0.2607548,-0.7973191,-4.6792765,-7.755955,-0.0061156754,0.66911745,0.737378,0.14921162,1
4.8299999999999415,,,,,11.498301,0.5403186,1.5851512,0.026064482,-22.319653,4.9260883,2.0246956,0.5209462,-0.1528412,0.26033762,-0.7984221,-4.6194296,-7.7850585,-0.010448635,0.64902186,0.8695833,0.14316873,1
4.839999999999941,,,,,11.498301,0.5403186,1.5851512,0.026064482,-22.365551,4.84809,2.0245712,0.5207809,-0.14728817,0.26029876,-0.7995854,-4.5605474,-7.814814,-0.014376194,0.63206285,0.98117155,0.1374224,1
4.849999999999941,,,,,11.929152,0.39625105,1.8561733,0.063589424,-22.410866,4.7697897,2.0244095,0.52043015,-0.14136758,0.26057643,-0.8007911,-4.502677,-7.845346,-0.017926367,0.6177507,1.0753584,0.13195802,1
4.859999999999941,,,,,11.929152,0.39625105,1.8561733,0.063589424,-22.455597,4.6911745,2.0242317,0.51988286,-0.13507764,0.26122162,-0.8020212,-4.4437284,-7.8779407,-0.01757353,0.5832001,1.1971217,0.12860315,1
4.869999999999941,,,,,11.929152,0.39625105,1.8561733,0.063589424,-22.499744,4.6122274,2.024059,0.5191314,-0.12841937,0.26227155,-0.8032582,-4.38591,-7.9115844,-0.016903905,0.55403954,1.2998968,0.12541291,1
4.87999999999994,,,,,11.929152,0.39625105,1.8561733,0.063589424,-22.54332,4.5329385,2.0238945,0.51820016,-0.12144863,0.26365945,-0.8044884,-4.329258,-7.946397,-0.015964188,0.52942806,1.3866448,0.1223792,1
4.88999999999994,,,,,12.86554,0.36249945,1.617223,0.15431756,-22.586334,4.4532957,2.0237405,0.5171093,-0.11421275,0.26532874,-0.80570036,-4.2738047,-7.982477,-0.014800073,0.508656,1.4598649,0.11949436,1
4.89999999999994,,,,,12.86554,0.36249945,1.617223,0.15431756,-22.62878,4.37327,2.0236385,0.51590896,-0.106832944,0.26719454,-0.80686474,-4.2153215,-8.0228405,-0.005650554,0.4858595,1.4844036,0.12120315,1
4.90999999999994,,,,,12.86554,0.36249945,1.617223,0.15431756,-22.670647,4.292834,2.0236285,0.51464236,-0.09940739,0.26918766,-0.8079594,-4.1581726,-8.064695,0.0036459398,0.46661842,1.5051156,0.12282808,1
4.9199999999999395,,,,,12.86554,0.36249945,1.617223,0.15431756,-22.711948,4.2119713,2.023712,0.5133155,-0.09194207,0.27128533,-0.8089852,-4.102362,-8.108067,0.013045091,0.45037806,1.5225978,0.12437327,1
4.929999999999939,,,,,13.518072,0.122132994,1.4248185,0.23206007,-22.752699,4.130667,2.0238898,0.5119335,-0.08444218,0.2734682,-0.809943,-4.0478973,-8.152971,0.022504436,0.43667072,1.5373539,0.12584265,1
4.939999999999939,,,,,13.518072,0.122132994,1.4248185,0.23206007,-22.792898,4.0488944,2.0241897,0.5105218,-0.07702122,0.27575937,-0.81079644,-3.9920838,-8.201776,0.037437063,0.38761503,1.5198015,0.13105477,1
4.949999999999939,,,,,13.518072,0.122132994,1.4248185,0.23206007,-22.832548,3.9666257,2.0246384,0.50910395,-0.06976914,0.27817714,-0.8115182,-3.937647,-8.252198,0.05233118,0.34620962,1.5049866,0.13601111,1
4.959999999999939,,,,,13.518072,0.122132994,1.4248185,0.23206007,-22.871656,3.8838449,2.025236,0.5076808,-0.0626584,0.28069973,-0.8121211,-3.8845448,-8.304229,0.06713101,0.31126153,1.4924823,0.14072426,1
4.9699999999999385,,,,,13.948975,-0.28671673,0.8616743,0.41774622,-22.910242,3.8005357,2.0259805,0.50625247,-0.055665866,0.28330868,-0.81261605,-3.832741,-8.357859,0.081786096,0.28176373,1.4819283,0.14520611,1
4.979999999999938,,,,,13.948975,-0.28671673,0.8616743,0.41774622,-22.948309,3.7166736,2.0268886,0.50489366,-0.049031556,0.2860088,-0.8129429,-3.7805805,-8.414827,0.09983612,0.1931066,1.3851935,0.15857972,1
4.989999999999938,,,,,13.948975,-0.28671673,0.8616743,0.41774622,-22.985859,3.6322339,2.027976,0.5036698,-0.042943787,0.28880477,-0.81305796,-3.7295914,-8.473361,0.11762885,0.11827592,1.3035443,0.1712971,1
4.999999999999938,,,,,13.948975,-0.28671673,0.8616743,0.41774622,-23.022903,3.5472012,2.0292401,0.502568,-0.037314963,0.29168144,-0.8129906,-3.6796393,-8.533383,0.13511088,0.055115458,1.2346284,0.18339045,1
5.009999999999938,,,,,13.306295,-0.597322,0.40017578,0.68631846,-23.059456,3.4615612,2.030677,0.501576,-0.032071203,0.2946258,-0.81276524,-3.6306102,-8.594833,0.15223747,0.0018049832,1.17646,0.19489037,1
5.019999999999937,,,,,13.306295,-0.597322,0.40017578,0.68631846,-23.095531,3.375314,2.032257,0.50076085,-0.027352862,0.29763618,-0.8123435,-3.584617,-8.654757,0.16367888,-0.09162991,1.0553857,0.21900488,1
5.029999999999937,,,,,13.306295,-0.597322,0.40017578,0.68631846,-23.13115,3.2884617,2.0339494,0.50018036,-0.023266355,0.3007112,-0.81169564,-3.539247,-8.715898,0.1747068,-0.17049202,0.95319235,0.24193609,1
5.039999999999937,,,,,13.306295,-0.597322,0.40017578,0.68631846,-23.166317,3.200992,2.0357497,0.4998109,-0.019708645,0.30384067,-0.8108516,-3.4943483,-8.77817,0.18528908,-0.23705468,0.86693585,0.26374206,1
5.049999999999937,,,,,12.517975,-0.69264627,-0.08616234,0.87629753,-23.201038,3.1128945,2.0376534,0.49963108,-0.01659295,0.3070155,-0.8098357,-3.4497902,-8.8415,0.19539954,-0.29323655,0.7941313,0.284478,1
5.0599999999999365,,,,,12.517975,-0.69264627,-0.08616234,0.87629753,-23.235329,3.0241776,2.039624,0.49970022,-0.014015584,0.31016195,-0.8086419,-3.4080818,-8.902007,0.19863681,-0.35551152,0.6568317,0.31351873,1
5.069999999999936,,,,,12.517975,-0.69264627,-0.08616234,0.87629753,-23.269201,2.9348514,2.0416248,0.50006735,-0.012047924,0.31322128,-0.80726624,-3.366448,-8.963338,0.20140825,-0.40807375,0.5409442,0.34113446,1
5.079999999999936,,,,,12.517975,-0.69264627,-0.08616234,0.87629753,-23.302658,2.8449085,2.0436509,0.50069994,-0.0105891535,0.31620634,-0.8057293,-3.3247604,-9.025389,0.20371597,-0.4524387,0.44312957,0.36739507,1
5.089999999999936,,,,,12.211409,-1.0048984,-1.0338852,1.173049,-23.335697,2.7543416,2.0456977,0.5015691,-0.009554463,0.31912765,-0.8040482,-3.2829099,-9.088071,0.20556255,-0.48988512,0.36056992,0.39236706,1
5.099999999999936,,,,,12.211409,-1.0048984,-1.0338852,1.173049,-23.36832,2.663153,2.0477483,0.50279874,-0.009228243,0.32190433,-0.8021749,-3.2418196,-9.149745,0.20451696,-0.5701495,0.14307079,0.43067536,1
5.1099999999999355,,,,,12.211409,-1.0048984,-1.0338852,1.173049,-23.400532,2.5713456,2.0497863,0.5044901,-0.009829976,0.32447156,-0.80006886,-3.2002854,-9.211786,0.20304789,-0.6378962,-0.04050885,0.46710384,1
5.119999999999935,,,,,12.211409,-1.0048984,-1.0338852,1.173049,-23.432323,2.4789166,2.0518076,0.50658643,-0.011206764,0.32685876,-0.7977511,-3.158126,-9.274027,0.201179,-0.6950786,-0.19545838,0.5017448,1
5.129999999999935,,,,,12.155585,-1.2282022,-1.8062708,1.4800442,-23.463688,2.3858647,2.0538085,0.5090376,-0.013229986,0.32909033,-0.79523844,-3.11519,-9.336324,0.19893008,-0.74334526,-0.32624224,0.5346859,1
5.139999999999935,,,,,12.155585,-1.2282022,-1.8062708,1.4800442,-23.494623,2.2921915,2.0557826,0.51193,-0.01607004,0.33110014,-0.7924905,-3.0715399,-9.398253,0.19588304,-0.8188616,-0.5571029,0.58107495,1
5.149999999999935,,,,,12.155585,-1.2282022,-1.8062708,1.4800442,-23.525116,2.1979003,2.0577247,0.5153307,-0.019854091,0.3328344,-0.78946847,-3.0267973,-9.45991,0.19250503,-0.88260293,-0.75195944,0.6251877,1
5.159999999999934,,,,,12.155585,-1.2282022,-1.8062708,1.4800442,-23.555157,2.1029947,2.0596316,0.5191712,-0.024424417,0.33432817,-0.78618604,-2.98079,-9.521101,0.18882273,-0.93640715,-0.9164261,0.6671357,1
5.169999999999934,,,,,13.277288,-1.5708206,-2.3549407,1.7758293,-23.584728,2.0074801,2.0615003,0.5233913,-0.029648319,0.33561078,-0.78265375,-2.9333777,-9.581656,0.18485475,-0.9818249,-1.0552421,0.70702535,1
5.179999999999934,,,,,13.277288,-1.5708206,-2.3549407,1.7758293,-23.613796,1.9113364,2.0633712,0.5280354,-0.035645362,0.33669937,-0.7788071,-2.8799207,-9.64693,0.18927282,-1.0735424,-1.2580081,0.7594719,1
5.189999999999934,,,,,13.277288,-1.5708206,-2.3549407,1.7758293,-23.64232,1.8145453,2.0652847,0.533134,-0.04250251,0.33760545,-0.7745858,-2.8246174,-9.711127,0.19339092,-1.150962,-1.4291496,0.8093448,1
5.199999999999934,,,,,13.277288,-1.5708206,-2.3549407,1.7758293,-23.670282,1.7171184,2.0672379,0.538618,-0.05007292,0.33834425,-0.7700035,-2.767304,-9.774039,0.19719972,-1.2163142,-1.573598,0.8567705,1
5.209999999999933,,,,,13.953545,-1.8265123,-2.441014,1.7625479,-23.69766,1.6190697,2.0692277,0.5444268,-0.058232754,0.33892873,-0.7650716,-2.7078555,-9.835479,0.2006824,-1.2714816,-1.695516,0.901869,1
5.219999999999933,,,,,13.953545,-1.8265123,-2.441014,1.7625479,-23.724417,1.5203993,2.0712762,0.5505109,-0.066960305,0.339429,-0.7597637,-2.6430304,-9.898321,0.20896861,-1.3579205,-1.8118641,0.9441027,1
5.229999999999933,,,,,13.953545,-1.8265123,-2.441014,1.7625479,-23.750513,1.4211098,2.0734057,0.5568238,-0.07623335,0.33989966,-0.7540576,-2.5757492,-9.959264,0.2168328,-1.430887,-1.910062,0.984264,1
5.239999999999933,,,,,13.953545,-1.8265123,-2.441014,1.7625479,-23.775923,1.321221,2.0756116,0.5633197,-0.08595461,0.34033036,-0.74796855,-2.5059242,-10.018147,0.22421406,-1.4924821,-1.9929403,1.0224547,1
5.2499999999999325,,,,,14.894691,-2.0841126,-2.3841264,1.8293244,-23.800623,1.2207543,2.0778885,0.56995827,-0.09604165,0.34071276,-0.74151015,-2.4334989,-10.074823,0.23104997,-1.5444787,-2.0628881,1.0587711,1
5.259999999999932,,,,,14.894691,-2.0841126,-2.3841264,1.8293244,-23.82456,1.1197141,2.0802658,0.57669234,-0.10646396,0.34113005,-0.73465675,-2.3533742,-10.132816,0.24430904,-1.6285477,-2.1130831,1.0965823,1
5.269999999999932,,,,,14.894691,-2.0841126,-2.3841264,1.8293244,-23.847681,1.0181072,2.0827723,0.58347964,-0.1171938,0.34164712,-0.72738796,-2.2703948,-10.188177,0.2568142,-1.699512,-2.1554425,1.1325382,1
5.279999999999932,,,,,14.894691,-2.0841126,-2.3841264,1.8293244,-23.869959,0.9159602,2.0853994,0.59029436,-0.12817007,0.3422333,-0.71972233,-2.1845362,-10.240787,0.26846084,-1.7594151,-2.191189,1.1667297,1
5.289999999999932,,,,,15.565685,-2.0994885,-2.304538,1.8680412,-23.891363,0.8133013,2.0881383,0.59711355,-0.13934056,0.34286302,-0.71167654,-2.095799,-10.290532,0.27914906,-1.8099816,-2.2213542,1.1992434,1
5.299999999999931,,,,,15.565685,-2.0994885,-2.304538,1.8680412,-23.911844,0.71014917,2.0910032,0.6039085,-0.15064019,0.34353912,-0.70326513,-2.0000787,-10.339412,0.29363614,-1.8550719,-2.2344017,1.2320615,1
5.309999999999931,,,,,15.565685,-2.0994885,-2.304538,1.8680412,-23.931355,0.6065241,2.0940073,0.6106552,-0.1620148,0.3442636,-0.69450194,-1.901416,-10.385088,0.3069216,-1.8931341,-2.245408,1.2632693,1
5.319999999999931,,,,,15.565685,-2.0994885,-2.304538,1.8680412,-23.949863,0.5024587,2.0971375,0.6173407,-0.17343765,0.3450155,-0.68539995,-1.79987,-10.427472,0.31890985,-1.9252638,-2.254693,1.2929455,1
5.329999999999931,,,,,16.193546,-2.0675988,-2.1624513,1.7547462,-23.967342,0.3979863,2.1003807,0.6239531,-0.18488573,0.34577724,-0.675971,-1.6955144,-10.466476,0.329511,-1.9523858,-2.2625248,1.3211656,1
5.339999999999931,,,,,16.193546,-2.0675988,-2.1624513,1.7547462,-23.983742,0.2931338,2.1037443,0.6304551,-0.19629776,0.34655866,-0.66625035,-1.5841165,-10.503454,0.34296542,-1.9703355,-2.246961,1.3424414,1
5.34999999999993,,,,,16.193546,-2.0675988,-2.1624513,1.7547462,-23.999016,0.18792978,2.1072347,0.636816,-0.20762548,0.3473676,-0.6562709,-1.4699926,-10.536774,0.3548055,-1.9854857,-2.2338212,1.3626733,1
5.35999999999993,,,,,16.193546,-2.0675988,-2.1624513,1.7547462,-24.013134,0.08241106,2.1108348,0.6430346,-0.2188676,0.34818757,-0.6460401,-1.3532593,-10.566385,0.36495376,-1.9982733,-2.2227275,1.3819124,1
5.36999999999993,,,,,16.484789,-1.7267091,-1.9359791,1.446232,-24.02607,-0.023385022,2.114528,0.64910877,-0.23002256,0.34900448,-0.63556445,-1.2340375,-10.592239,0.3733383,-2.0090666,-2.2133613,1.4002074,1
5.37999999999993,,,,,16.484789,-1.7267091,-1.9359791,1.446232,-24.037792,-0.1294227,2.118305,0.6550136,-0.24095616,0.34977102,-0.6249451,-1.1102735,-10.61469,0.38178104,-1.9650695,-2.1700664,1.4024658,1
5.3899999999999295,,,,,16.484789,-1.7267091,-1.9359791,1.446232,-24.048267,-0.23566553,2.1221569,0.66073173,-0.25156537,0.3504519,-0.6142726,-0.9842871,-10.633273,0.38834742,-1.9279275,-2.1335297,1.4046134,1
5.399999999999929,,,,,16.484789,-1.7267091,-1.9359791,1.446232,-24.05747,-0.3420749,2.1260653,0.6662711,-0.26189035,0.35105163,-0.6035378,-0.8562577,-10.648003,0.39303145,-1.896573,-2.1026955,1.4066557,1
5.409999999999929,,,,,16.968473,-1.2420583,-1.7079496,1.2783731,-24.065384,-0.44861233,2.130011,0.67163783,-0.27196464,0.35157362,-0.59273326,-0.72635424,-10.658886,0.39582616,-1.8701042,-2.0766745,1.4085977,1
5.419999999999929,,,,,16.968473,-1.2420583,-1.7079496,1.2783731,-24.071972,-0.5552405,2.1339898,0.676847,-0.28163975,0.3519625,-0.581961,-0.59088373,-10.666143,0.399639,-1.772222,-2.0190752,1.4022076,1
5.429999999999929,,,,,16.968473,-1.2420583,-1.7079496,1.2783731,-24.077194,-0.66192186,2.1379972,0.6819159,-0.29080215,0.35217884,-0.5713089,-0.45386788,-10.669518,0.40157172,-1.6895956,-1.9704733,1.396131,1
5.4399999999999284,,,,,16.968473,-1.2420583,-1.7079496,1.2783731,-24.081041,-0.76861787,2.142015,0.6868514,-0.2995249,0.35224512,-0.5607517,-0.3155112,-10.669084,0.4016992,-1.6198469,-1.9294634,1.3903525,1
5.449999999999928,,,,,17.284979,-0.83206236,-1.4364169,1.122796,-24.0835,-0.8752907,2.1460254,0.6916583,-0.30786943,0.35217953,-0.55026704,-0.1759968,-10.664902,0.4000861,-1.5609691,-1.8948596,1.3848577,1
5.459999999999928,,,,,17.284979,-0.83206236,-1.4364169,1.122796,-24.084545,-0.98190254,2.15002,0.69634354,-0.3157214,0.35197696,-0.53994167,-0.032874953,-10.65689,0.39856565,-1.4473764,-1.8232509,1.3719983,1
5.469999999999928,,,,,17.284979,-0.83206236,-1.4364169,1.122796,-24.084154,-1.0884161,2.1539912,0.7009165,-0.32299602,0.35163727,-0.529849,0.111064404,-10.645246,0.39544806,-1.3514866,-1.7628279,1.3597698,1
5.479999999999928,,,,,17.284979,-0.83206236,-1.4364169,1.122796,-24.082321,-1.1947955,2.1579237,0.70538354,-0.32978034,0.3511795,-0.51995295,0.25564742,-10.630093,0.39084694,-1.2705407,-1.711843,1.3481414,1
5.489999999999927,,,,,17.470251,-0.13472727,-1.0421419,0.9429635,-24.07904,-1.3010063,2.1618032,0.7097491,-0.33614752,0.35061878,-0.51022214,0.40072256,-10.61154,0.38486084,-1.2022101,-1.6688218,1.3370837,1
5.499999999999927,,,,,17.470251,-0.13472727,-1.0421419,0.9429635,-24.074299,-1.4070138,2.1656213,0.71404564,-0.34188893,0.3499312,-0.50079745,0.5477076,-10.589462,0.37856477,-1.0358416,-1.5709335,1.3177441,1
5.509999999999927,,,,,17.470251,-0.13472727,-1.0421419,0.9429635,-24.068087,-1.5127848,2.1693707,0.7183044,-0.34684616,0.34910306,-0.4917954,0.6948815,-10.564257,0.37115464,-0.8954022,-1.4883374,1.2993536,1
5.519999999999927,,,,,17.470251,-0.13472727,-1.0421419,0.9429635,-24.060402,-1.618289,2.173041,0.7225257,-0.35114294,0.34815755,-0.48315698,0.8420923,-10.536127,0.36282074,-0.7768507,-1.4186443,1.2818655,1
5.5299999999999265,,,,,17.16229,0.31403562,-0.81624365,0.8610031,-24.051247,-1.723498,2.1766243,0.72670853,-0.35488304,0.3471129,-0.474831,0.9892141,-10.50525,0.35372686,-0.6767758,-1.359838,1.2652355,1
5.539999999999926,,,,,17.16229,0.31403562,-0.81624365,0.8610031,-24.040632,-1.828388,2.1801057,0.7308794,-0.35798398,0.34596115,-0.46687546,1.133548,-10.472378,0.34246588,-0.52234566,-1.2749307,1.2453997,1
5.549999999999926,,,,,17.16229,0.31403562,-0.81624365,0.8610031,-24.028576,-1.9329375,2.1834722,0.7350611,-0.36038586,0.3446984,-0.45933574,1.2775766,-10.437166,0.33079454,-0.39198542,-1.2032884,1.2265372,1
5.559999999999926,,,,,17.16229,0.31403562,-0.81624365,0.8610031,-24.015083,-2.037124,2.1867208,0.7392457,-0.36219928,0.34334224,-0.4521533,1.4212016,-10.399809,0.3188936,-0.28194362,-1.1428378,1.2086003,1
5.569999999999926,,,,,16.679651,0.49759123,-0.5602875,0.85370576,-24.000156,-2.1409266,2.1898499,0.74342597,-0.363517,0.3419064,-0.44527775,1.5643427,-10.360471,0.30691707,-0.18905325,-1.0918303,1.1915436,1
5.5799999999999255,,,,,16.679651,0.49759123,-0.5602875,0.85370576,-23.98382,-2.2443326,2.1928473,0.7475866,-0.36431733,0.3404453,-0.4387291,1.7029245,-10.320466,0.29257548,-0.082046844,-1.0088524,1.1749657,1
5.589999999999925,,,,,16.679651,0.49759123,-0.5602875,0.85370576,-23.9661,-2.3473303,2.195702,0.7517161,-0.36458775,0.3390035,-0.43252108,1.8409232,-10.278867,0.2784198,0.008284055,-0.9388299,1.1592014,1
5.599999999999925,,,,,16.679651,0.49759123,-0.5602875,0.85370576,-23.947002,-2.449905,2.1984167,0.75581264,-0.3644123,0.33757704,-0.426605,1.9783009,-10.235845,0.26456538,0.0845381,-0.87973964,1.1442106,1
5.609999999999925,,,,,15.857311,1.0877327,-0.5237645,0.7712826,-23.926537,-2.552043,2.2009945,0.7598746,-0.36386138,0.33616194,-0.4209393,2.1150274,-10.19155,0.25110948,0.14890864,-0.8298746,1.1299553,1
5.619999999999925,,,,,15.857311,1.0877327,-0.5237645,0.7712826,-23.90474,-2.653743,2.2034192,0.76397663,-0.3628116,0.33466288,-0.41558084,2.2443643,-10.148357,0.23395091,0.29527357,-0.78203255,1.1123552,1
5.629999999999924,,,,,15.857311,1.0877327,-0.5237645,0.7712826,-23.881653,-2.7550068,2.2056754,0.7681766,-0.3611672,0.33300465,-0.41057295,2.372993,-10.104238,0.21741849,0.41881984,-0.7416707,1.0956186,1
5.639999999999924,,,,,15.857311,1.0877327,-0.5237645,0.7712826,-23.857285,-2.8558252,2.2077703,0.7724495,-0.35901985,0.33121002,-0.4058643,2.5008516,-10.05934,0.20166923,0.5231047,-0.70761937,1.0797033,1
5.649999999999924,,,,,15.38804,1.491184,-0.6404462,0.7561048,-23.83164,-2.956191,2.209712,0.7767737,-0.3564467,0.32929763,-0.401411,2.6278877,-10.013798,0.18683368,0.61113125,-0.6788913,1.064569,1
5.659999999999924,,,,,15.38804,1.491184,-0.6404462,0.7561048,-23.804747,-3.0561059,2.211498,0.78120255,-0.3534062,0.32718107,-0.39721352,2.750317,-9.969092,0.17053537,0.74836415,-0.672808,1.0494326,1
5.6699999999999235,,,,,15.38804,1.491184,-0.6404462,0.7561048,-23.776634,-3.1555717,2.213127,0.7857747,-0.349867,0.32479215,-0.39326912,2.8718224,-9.92399,0.15538885,0.86419666,-0.66769016,1.0350388,1
5.679999999999923,,,,,15.38804,1.491184,-0.6404462,0.7561048,-23.747313,-3.2545846,2.2146106,0.7904537,-0.34590295,0.32216915,-0.38953897,2.9923248,-9.878599,0.14153682,0.96196616,-0.663384,1.0213515,1
5.689999999999923,,,,,15.927932,1.6126916,-0.9571693,0.6456584,-23.716791,-3.3531427,2.2159626,0.7952083,-0.34157652,0.31934407,-0.38598984,3.1117554,-9.833016,0.12909587,1.0444894,-0.65976083,1.0083358,1
5.699999999999923,,,,,15.927932,1.6126916,-0.9571693,0.6456584,-23.68506,-3.4512367,2.2172132,0.8000635,-0.33695456,0.3162192,-0.38257673,3.2341967,-9.785723,0.12122332,1.1331224,-0.70609635,0.99053925,1
5.709999999999923,,,,,15.927932,1.6126916,-0.9571693,0.6456584,-23.652111,-3.5488572,2.218393,0.8050351,-0.33209226,0.31271675,-0.37926373,3.3553612,-9.738363,0.11502421,1.207928,-0.745216,0.9736158,1
5.7199999999999225,,,,,15.927932,1.6126916,-0.9571693,0.6456584,-23.617958,-3.646004,2.2195199,0.8100864,-0.32702246,0.30888835,-0.37603694,3.4751499,-9.690975,0.11059641,1.2710636,-0.77824324,0.9575228,1
5.729999999999922,,,,,15.789017,1.5809848,-1.1673038,0.5317166,-23.582615,-3.742677,2.2206113,0.8151867,-0.32177323,0.30477774,-0.37288424,3.593473,-9.643595,0.10801725,1.3243496,-0.8061266,0.9422195,1
5.739999999999922,,,,,15.789017,1.5809848,-1.1673038,0.5317166,-23.5461,-3.8388784,2.2216823,0.8203262,-0.3164142,0.30035356,-0.3697759,3.7092278,-9.59667,0.10649759,1.364395,-0.8624454,0.922076,1
5.749999999999922,,,,,15.789017,1.5809848,-1.1673038,0.5317166,-23.508436,-3.9346106,2.2227478,0.8254947,-0.31100214,0.29559177,-0.36668947,3.8233538,-9.549795,0.10692051,1.3981893,-0.9099851,0.90292096,1
5.759999999999922,,,,,15.789017,1.5809848,-1.1673038,0.5317166,-23.469639,-4.0298743,2.2238274,0.8306678,-0.3055416,0.29053685,-0.36362508,3.9357615,-9.502974,0.109324105,1.4267083,-0.9501139,0.8847059,1
5.769999999999921,,,,,14.789471,1.2118824,-1.2710881,0.38912764,-23.429726,-4.12467,2.224941,0.835825,-0.30003667,0.2852268,-0.3605824,4.0463686,-9.456214,0.113734506,1.4507761,-0.983987,0.8673846,1
5.779999999999921,,,,,14.789471,1.2118824,-1.2710881,0.38912764,-23.388752,-4.219013,2.226076,0.8409116,-0.29463473,0.27970713,-0.35752138,4.1482186,-9.412481,0.11354378,1.4135305,-1.0288029,0.8439164,1
5.789999999999921,,,,,14.789471,1.2118824,-1.2710881,0.38912764,-23.346767,-4.3129196,2.2272182,0.84588516,-0.28945476,0.27401537,-0.35441414,4.2482667,-9.368781,0.11520829,1.3820889,-1.0666245,0.8215998,1
5.799999999999921,,,,,14.789471,1.2118824,-1.2710881,0.38912764,-23.303793,-4.4063888,2.2283864,0.8507472,-0.28446165,0.2681707,-0.35127592,4.3464746,-9.325077,0.11868392,1.3555472,-1.0985434,0.80037826,1
5.809999999999921,,,,,14.314192,0.7461199,-1.1084355,0.23803255,-23.259844,-4.499421,2.2295983,0.85549915,-0.27962556,0.26218995,-0.34811884,4.4428043,-9.281343,0.123929396,1.3331419,-1.1254809,0.7801981,1
5.81999999999992,,,,,14.314192,0.7461199,-1.1084355,0.23803255,-23.21496,-4.592023,2.2308543,0.8600681,-0.2750634,0.25620314,-0.3449384,4.5341954,-9.238965,0.12752005,1.2415752,-1.1228907,0.75359386,1
5.82999999999992,,,,,14.314192,0.7461199,-1.1084355,0.23803255,-23.169168,-4.6842003,2.2321541,0.86440074,-0.2708693,0.2503146,-0.34173572,4.623763,-9.196497,0.13268358,1.1642895,-1.1206936,0.7282951,1
5.83999999999992,,,,,14.314192,0.7461199,-1.1084355,0.23803255,-23.12249,-4.7759523,2.2335129,0.8685244,-0.2669886,0.24450319,-0.33852652,4.7115393,-9.153903,0.13932216,1.0990578,-1.1188301,0.7042378,1
5.84999999999992,,,,,13.819162,0.48765418,-0.85952044,0.07119301,-23.074944,-4.867278,2.2349453,0.8724618,-0.26337448,0.23875146,-0.335323,4.79755,-9.111149,0.14735207,1.0439998,-1.1172498,0.681361,1
5.8599999999999195,,,,,13.819162,0.48765418,-0.85952044,0.07119301,-23.02656,-4.958183,2.2364461,0.8761752,-0.26004925,0.23316123,-0.3321546,4.8789077,-9.069698,0.15297967,0.9571992,-1.0771143,0.6514199,1
5.869999999999919,,,,,13.819162,0.48765418,-0.85952044,0.07119301,-22.977373,-5.0486717,2.238009,0.8796383,-0.2570302,0.22781281,-0.32904816,4.9586473,-9.028055,0.15977964,0.88394004,-1.0432281,0.62294805,1
5.879999999999919,,,,,13.819162,0.48765418,-0.85952044,0.07119301,-22.927395,-5.1387434,2.2396452,0.8828838,-0.25427333,0.22266383,-0.32600853,5.0368347,-8.986205,0.16766058,0.8221098,-1.0146188,0.5958733,1
5.889999999999919,,,,,13.139203,0.33033732,-0.7205678,-0.16243452,-22.87664,-5.2283955,2.2413654,0.885939,-0.25174084,0.21767871,-0.32303873,5.113525,-8.944139,0.17654513,0.76992565,-0.99046445,0.57012707,1
5.899999999999919,,,,,13.139203,0.33033732,-0.7205678,-0.16243452,-22.825146,-5.317636,2.2431529,0.88879013,-0.2494448,0.21289006,-0.32016656,5.1850653,-8.903927,0.18105444,0.7013342,-0.948416,0.5341801,1
5.909999999999918,,,,,13.139203,0.33033732,-0.7205678,-0.16243452,-22.772942,-5.4064736,2.2449896,0.8914279,-0.24739401,0.20832166,-0.31741777,5.255292,-8.863493,0.18638049,0.64344454,-0.91291773,0.499997,1
5.919999999999918,,,,,13.139203,0.33033732,-0.7205678,-0.16243452,-22.720043,-5.4949055,2.2468832,0.8938793,-0.24555416,0.2039343,-0.31479058,5.324266,-8.822829,0.19245672,0.59458697,-0.8829494,0.4674913,1
5.929999999999918,,,,,12.63835,0.033277668,-0.51750505,-0.14552093,-22.666462,-5.582929,2.2488413,0.8961673,-0.2438958,0.19969507,-0.3122824,5.392039,-8.78193,0.19922695,0.5533523,-0.8576498,0.43658066,1
5.939999999999918,,,,,12.63835,0.033277668,-0.51750505,-0.14552093,-22.61222,-5.670551,2.2508502,0.89826703,-0.24247463,0.19568694,-0.30988464,5.45612,-8.742355,0.20261653,0.47221684,-0.80463624,0.4080168,1
5.949999999999918,,,,,12.63835,0.033277668,-0.51750505,-0.14552093,-22.557343,-5.757776,2.2528954,0.9001619,-0.24133405,0.19197467,-0.30758998,5.51917,-8.702533,0.20655337,0.40373912,-0.75988364,0.38085452,1
5.959999999999917,,,,,12.63835,0.033277668,-0.51750505,-0.14552093,-22.50184,-5.844601,2.2549825,0.9018805,-0.2404337,0.18850836,-0.30539688,5.581267,-8.662447,0.21097004,0.3459443,-0.7221051,0.3550251,1
5.969999999999917,,,,,11.824244,-0.33199242,-0.13978447,0.05977338,-22.445719,-5.931024,2.2571158,0.90344656,-0.23973912,0.18524607,-0.30330312,5.642477,-8.622081,0.2158101,0.2971656,-0.6902139,0.3304632,1
5.979999999999917,,,,,11.824244,-0.33199242,-0.13978447,0.05977338,-22.38901,-6.017055,2.2592666,0.90482527,-0.23930271,0.18233953,-0.30129254,5.698976,-8.5840435,0.21436532,0.1990249,-0.6043976,0.31718037,1
5.989999999999917,,,,,11.824244,-0.33199242,-0.13978447,0.05977338,-22.33174,-6.102704,2.2614043,0.9059928,-0.23916453,0.17990837,-0.2993488,5.7548137,-8.545722,0.2131922,0.11619371,-0.53195935,0.30454934,1
5.9999999999999165,,,,,11.824244,-0.33199242,-0.13978447,0.05977338,-22.273916,-6.1879683,2.263531,0.9069819,-0.23928049,0.17787665,-0.29746905,5.810099,-8.507102,0.21221761,0.046283495,-0.47081414,0.2925381,1
6.009999999999916,,,,,11.647074,-0.36737373,0.039401513,0.15621176,-22.215544,-6.2728443,2.265649,0.90781957,-0.23961298,0.17618029,-0.29565018,5.8649254,-8.468175,0.21138065,-0.012721369,-0.41920134,0.28111628,1
6.019999999999916,,,,,11.647074,-0.36737373,0.039401513,0.15621176,-22.156626,-6.3573327,2.267752,0.90851563,-0.24011955,0.1748374,-0.29389295,5.918557,-8.429522,0.20917064,-0.06804376,-0.34769246,0.27498716,1
6.029999999999916,,,,,11.647074,-0.36737373,0.039401513,0.15621176,-22.097174,-6.4414334,2.2698326,0.9090797,-0.24076462,0.17386007,-0.29219586,5.971903,-8.390559,0.20699593,-0.11473603,-0.28733328,0.26915884,1
6.039999999999916,,,,,11.647074,-0.36737373,0.039401513,0.15621176,-22.03719,-6.525143,2.2718916,0.90953153,-0.24152772,0.17319033,-0.29055285,6.0250406,-8.351295,0.20481332,-0.15414457,-0.23638546,0.2636165,1
6.0499999999999154,,,,,11.471832,-0.52764356,0.026893955,0.28289324,-21.976673,-6.608458,2.2739286,0.9098878,-0.24239135,0.17277923,-0.28895855,6.0780377,-8.311734,0.20258644,-0.18740551,-0.19338185,0.25834608,1
6.059999999999915,,,,,11.471832,-0.52764356,0.026893955,0.28289324,-21.915634,-6.691379,2.275936,0.91015196,-0.24339768,0.17260322,-0.28738156,6.130155,-8.272477,0.19884153,-0.24047115,-0.1590392,0.2595506,1
6.069999999999915,,,,,11.471832,-0.52764356,0.026893955,0.28289324,-21.85407,-6.773906,2.2779052,0.91032773,-0.24457885,0.17264193,-0.28579444,6.1822443,-8.232913,0.19498402,-0.28526035,-0.13005085,0.26069602,1
6.079999999999915,,,,,11.471832,-0.52764356,0.026893955,0.28289324,-21.791986,-6.856036,2.279835,0.91042787,-0.24590747,0.17286156,-0.28419808,6.2343545,-8.193026,0.19097897,-0.32306397,-0.10558202,0.26178524,1
6.089999999999915,,,,,11.602611,-0.85723686,-0.17276885,0.5011766,-21.729383,-6.9377656,2.2817237,0.91046315,-0.24736035,0.17323361,-0.28259322,6.2865257,-8.152802,0.18679652,-0.35497144,-0.084927976,0.26282102,1
6.099999999999914,,,,,11.602611,-0.85723686,-0.17276885,0.5011766,-21.666254,-7.0190887,2.283575,0.9104311,-0.24905577,0.17370509,-0.28091305,6.3393865,-8.11176,0.18347642,-0.4332963,-0.09864345,0.2745172,1
6.109999999999914,,,,,11.602611,-0.85723686,-0.17276885,0.5011766,-21.602594,-7.0999994,2.285392,0.91033006,-0.2510853,0.17423336,-0.2791008,6.3923683,-8.070298,0.17990571,-0.4994067,-0.110218704,0.28563946,1
6.119999999999914,,,,,11.602611,-0.85723686,-0.17276885,0.5011766,-21.538404,-7.1804924,2.287172,0.9101693,-0.25339496,0.17481019,-0.2771704,6.4454913,-8.028352,0.1760418,-0.5552075,-0.11998758,0.29621595,1
6.129999999999914,,,,,11.694014,-1.1643119,-0.23477544,0.7236247,-21.473684,-7.260564,2.288912,0.90995634,-0.25593904,0.17542855,-0.27513397,6.4987707,-7.9858675,0.17184773,-0.6023063,-0.12823191,0.30627343,1
6.1399999999999135,,,,,11.694014,-1.1643119,-0.23477544,0.7236247,-21.408426,-7.340206,2.2906115,0.90967745,-0.2587928,0.17610061,-0.2729489,6.552642,-7.9424543,0.16802481,-0.68994546,-0.14487411,0.326753,1
6.149999999999913,,,,,11.694014,-1.1643119,-0.23477544,0.7236247,-21.342628,-7.4194107,2.2922711,0.90932125,-0.26201266,0.1768363,-0.27057806,6.6067033,-7.898374,0.16378225,-0.7639177,-0.15891948,0.34622762,1
6.159999999999913,,,,,11.694014,-1.1643119,-0.23477544,0.7236247,-21.27629,-7.4981713,2.2938855,0.90889645,-0.26553783,0.17762697,-0.26803887,6.6609726,-7.8535542,0.15906845,-0.82635427,-0.17077322,0.3647466,1
6.169999999999913,,,,,11.304617,-1.655863,-0.33545044,0.9254291,-21.20941,-7.5764794,2.2954502,0.90841013,-0.26931703,0.17846534,-0.26534647,6.7154613,-7.8079348,0.15383796,-0.87905395,-0.18077695,0.38235688,1
6.179999999999913,,,,,11.304617,-1.655863,-0.33545044,0.9254291,-21.14199,-7.6543345,2.2969449,0.9078279,-0.27349162,0.17936711,-0.26244518,6.768358,-7.763005,0.14497119,-1.0001874,-0.20494573,0.4090056,1
6.1899999999999125,,,,,11.304617,-1.655863,-0.33545044,0.9254291,-21.074041,-7.731736,2.2983477,0.90712005,-0.27816966,0.18034436,-0.2592877,6.8214946,-7.71715,0.13548931,-1.1024307,-0.22534326,0.43434665,1
6.199999999999912,,,,,11.304617,-1.655863,-0.33545044,0.9254291,-21.00556,-7.8086743,2.2996526,0.9062974,-0.28326625,0.18138629,-0.2558978,6.874887,-7.670276,0.1253179,-1.1887294,-0.24255736,0.4584442,1
6.209999999999912,,,,,11.58743,-1.8972471,-0.43103555,1.0538639,-20.936543,-7.8851385,2.3008516,0.9053686,-0.28870964,0.18248375,-0.25229624,6.928543,-7.622305,0.11439055,-1.2615706,-0.2570844,0.4813593,1
6.219999999999912,,,,,11.58743,-1.8972471,-0.43103555,1.0538639,-20.86698,-7.961111,2.3019483,0.90432334,-0.29453322,0.18362305,-0.2484579,6.9838142,-7.571938,0.10480525,-1.3606902,-0.28426793,0.5094522,1
6.229999999999912,,,,,11.58743,-1.8972471,-0.43103555,1.0538639,-20.796864,-8.036573,2.3029447,0.9031514,-0.3007589,0.18479286,-0.24436158,7.039357,-7.5202913,0.094307445,-1.4443529,-0.30720899,0.5361666,1
6.239999999999911,,,,,11.58743,-1.8972471,-0.43103555,1.0538639,-20.72619,-8.111513,2.303831,0.9018594,-0.30731532,0.18598926,-0.24002974,7.0951643,-7.467286,0.082824886,-1.5149692,-0.32656932,0.56157017,1
6.249999999999911,,,,,11.983807,-2.2053533,-0.514874,1.1575222,-20.654959,-8.185914,2.3045976,0.9004527,-0.31414217,0.18720879,-0.23548214,7.151224,-7.4128604,0.07029192,-1.5745738,-0.3429073,0.5857272,1
6.259999999999911,,,,,11.983807,-2.2053533,-0.514874,1.1575222,-20.583155,-8.259755,2.3052478,0.8989052,-0.32130468,0.188451,-0.2306908,7.209446,-7.3550463,0.05953365,-1.6729264,-0.36979347,0.6137853,1
6.269999999999911,,,,,11.983807,-2.2053533,-0.514874,1.1575222,-20.510769,-8.333011,2.3057842,0.897193,-0.32885003,0.18971485,-0.22563244,7.2678943,-7.2956285,0.04753919,-1.7559422,-0.3924823,0.64046663,1
6.2799999999999105,,,,,11.983807,-2.2053533,-0.514874,1.1575222,-20.437798,-8.405662,2.3061943,0.8953227,-0.3367069,0.19099677,-0.22033007,7.3265452,-7.2345357,0.03422385,-1.8260128,-0.41162854,0.6658387,1
6.28999999999991,,,,,13.034922,-2.4957883,-0.9196768,1.3302124,-20.364237,-8.4776945,2.3064642,0.8932997,-0.34481496,0.19229372,-0.21480404,7.385373,-7.1717124,0.019510267,-1.8851569,-0.4277848,0.6899658,1
6.29999999999991,,,,,13.034922,-2.4957883,-0.9196768,1.3302124,-20.29006,-8.549062,2.3066156,0.89112294,-0.3532568,0.19349036,-0.20897439,7.449511,-7.1014414,0.010509586,-1.9803398,-0.5045785,0.72138286,1
6.30999999999991,,,,,13.034922,-2.4957883,-0.9196768,1.3302124,-20.215242,-8.619717,2.3066685,0.88878745,-0.36209157,0.19449519,-0.20277433,7.513718,-7.029138,-0.00018304912,-2.060682,-0.5693908,0.7512583,1
6.31999999999991,,,,,13.034922,-2.4957883,-0.9196768,1.3302124,-20.139784,-8.689637,2.3066058,0.88629174,-0.37124056,0.19533782,-0.19623905,7.5779023,-6.954714,-0.012657505,-2.1284986,-0.62409025,0.77966774,1
6.3299999999999095,,,,,13.972134,-2.3214812,-0.9636333,1.3728913,-20.063684,-8.758803,2.306409,0.88363427,-0.3806371,0.19604318,-0.18939964,7.641972,-6.878101,-0.026996817,-2.185742,-0.6702543,0.8066831,1
6.339999999999909,,,,,13.972134,-2.3214812,-0.9636333,1.3728913,-19.986921,-8.827164,2.3060884,0.88084507,-0.3901657,0.19660574,-0.18228604,7.7104273,-6.7935853,-0.03739156,-2.2068737,-0.71605754,0.83446705,1
6.349999999999909,,,,,13.972134,-2.3214812,-0.9636333,1.3728913,-19.909477,-8.894667,2.3056536,0.8779502,-0.3997324,0.19702342,-0.17492414,7.7785563,-6.7066565,-0.049916912,-2.2247128,-0.7547148,0.8608877,1
6.359999999999909,,,,,13.972134,-2.3214812,-0.9636333,1.3728913,-19.831352,-8.9612875,2.3050826,0.8749428,-0.40931442,0.19732,-0.16733457,7.846256,-6.617313,-0.06461557,-2.2397726,-0.7873405,0.8860119,1
6.369999999999909,,,,,14.571177,-2.0693965,-1.0712278,1.3821832,-19.752556,-9.027003,2.3043535,0.87181675,-0.41889232,0.19751535,-0.1595359,7.9134254,-6.5255632,-0.08152811,-2.2524865,-0.81487566,0.9099032,1
6.379999999999908,,,,,14.571177,-2.0693965,-1.0712278,1.3821832,-19.673075,-9.09177,2.3034613,0.86861855,-0.4283686,0.19757333,-0.15154581,7.9828205,-6.427391,-0.09730282,-2.2238975,-0.85487026,0.9330781,1
6.389999999999908,,,,,14.571177,-2.0693965,-1.0712278,1.3821832,-19.592901,-9.155543,2.3023996,0.865388,-0.43766612,0.1974676,-0.14337996,8.051444,-6.3267713,-0.11541916,-2.1997697,-0.8886281,0.9551158,1
6.399999999999908,,,,,14.571177,-2.0693965,-1.0712278,1.3821832,-19.512047,-9.218298,2.3011448,0.8621105,-0.4467971,0.19722627,-0.13505165,8.119183,-6.2237544,-0.1358664,-2.179408,-0.9171215,0.9760721,1
6.409999999999908,,,,,15.716871,-1.4980989,-0.9790025,1.3555218,-19.43052,-9.28001,2.2996743,0.8587734,-0.4557718,0.19687265,-0.12657312,8.185931,-6.1183925,-0.15863705,-2.1622245,-0.9411715,0.9960001,1
6.419999999999908,,,,,15.716871,-1.4980989,-0.9790025,1.3555218,-19.348305,-9.340615,2.297993,0.8554644,-0.4643997,0.19642834,-0.11802056,8.256755,-6.002284,-0.1779727,-2.0586398,-0.9470278,1.0136418,1
6.429999999999907,,,,,15.716871,-1.4980989,-0.9790025,1.3555218,-19.265388,-9.400047,2.2961063,0.85226005,-0.4725346,0.19591427,-0.10945728,8.32632,-5.883836,-0.19970718,-1.9712101,-0.95197827,1.030418,1
6.439999999999907,,,,,15.716871,-1.4980989,-0.9790025,1.3555218,-19.181782,-9.458284,2.293991,0.8491342,-0.480244,0.19534661,-0.10087627,8.394553,-5.7631745,-0.22373801,-1.897416,-0.95616305,1.046371,1
6.449999999999907,,,,,15.87093,-0.6518936,-0.8034406,1.1866657,-19.0975,-9.515304,2.291624,0.8460637,-0.4875845,0.19473818,-0.0922721,8.461388,-5.6404138,-0.24997683,-1.8351308,-0.9597004,1.0615411,1
6.459999999999907,,,,,15.87093,-0.6518936,-0.8034406,1.1866657,-19.012556,-9.571079,2.2889876,0.8431804,-0.4943164,0.19411866,-0.08375894,8.5274105,-5.514446,-0.2776443,-1.6506188,-0.93521094,1.0676808,1
6.4699999999999065,,,,,15.87093,-0.6518936,-0.8034406,1.1866657,-18.926958,-9.6255865,2.2860646,0.840597,-0.50025856,0.19351454,-0.07543097,8.59195,-5.3866534,-0.30724835,-1.4948789,-0.91455877,1.0735195,1
6.479999999999906,,,,,15.87093,-0.6518936,-0.8034406,1.1866657,-18.840721,-9.678807,2.282837,0.8382665,-0.5055328,0.19292979,-0.06725719,8.655005,-5.2572155,-0.3385807,-1.3634247,-0.8971429,1.0790715,1
6.489999999999906,,,,,15.880314,0.3504574,-0.92076194,0.9378274,-18.753862,-9.730725,2.2792878,0.8361475,-0.5102411,0.19236653,-0.05921138,8.716577,-5.1262817,-0.37146217,-1.252469,-0.8824564,1.0843512,1
6.499999999999906,,,,,15.880314,0.3504574,-0.92076194,0.9378274,-18.666395,-9.781327,2.2754033,0.8344174,-0.51414275,0.19174841,-0.051350452,8.776702,-4.9939137,-0.4056751,-1.0024935,-0.88824886,1.0771613,1
6.509999999999906,,,,,15.880314,0.3504574,-0.92076194,0.9378274,-18.578335,-9.8306,2.2711709,0.8332196,-0.51705486,0.19101642,-0.043721706,8.835351,-4.8603773,-0.4409545,-0.7915021,-0.8931677,1.0703242,1
6.519999999999905,,,,,15.880314,0.3504574,-0.92076194,0.9378274,-18.489695,-9.878531,2.2665815,0.8324726,-0.5191322,0.19019331,-0.03629158,8.892533,-4.7258544,-0.47698987,-0.6134152,-0.89734435,1.0638225,1
6.529999999999905,,,,,15.74294,0.91425896,-0.85469556,0.71472245,-18.40049,-9.925114,2.261629,0.83210504,-0.52050424,0.18929675,-0.029031554,8.948261,-4.590498,-0.5135166,-0.46310082,-0.9008902,1.0576401,1
6.539999999999905,,,,,15.74294,0.91425896,-0.85469556,0.71472245,-18.310738,-9.970345,2.2563076,0.8321669,-0.52109617,0.18834232,-0.021996887,9.002087,-4.455623,-0.5508265,-0.24831717,-0.89353544,1.040813,1
6.549999999999905,,,,,15.74294,0.91425896,-0.85469556,0.71472245,-18.220455,-10.014224,2.2506127,0.8326947,-0.5208552,0.18734209,-0.015233121,9.054537,-4.32022,-0.588109,-0.06702751,-0.8873547,1.0248115,1
6.559999999999905,,,,,15.74294,0.91425896,-0.85469556,0.71472245,-18.129654,-10.056748,2.2445464,0.8336119,-0.5199099,0.18630333,-0.008704647,9.105665,-4.1844416,-0.6251031,0.08599134,-0.8821602,1.0095954,1
6.569999999999904,,,,,15.584301,1.3900478,-0.95088077,0.30264327,-18.038347,-10.097913,2.2381124,0.8348522,-0.51836807,0.18523118,-0.0023811832,9.155518,-4.048419,-0.66158855,0.21514794,-0.8777942,0.9951259,1
6.579999999999904,,,,,15.584301,1.3900478,-0.95088077,0.30264327,-17.94655,-10.137724,2.231314,0.83646435,-0.51617014,0.18407075,0.003705146,9.203652,-3.9136453,-0.6979956,0.39836046,-0.88908195,0.9611456,1
6.589999999999904,,,,,15.584301,1.3900478,-0.95088077,0.30264327,-17.854279,-10.176187,2.2241557,0.83848244,-0.51327336,0.18277565,0.009524384,9.250612,-3.778888,-0.73346883,0.5530005,-0.89863414,0.92883265,1
6.599999999999904,,,,,15.584301,1.3900478,-0.95088077,0.30264327,-17.76154,-10.213303,2.2166486,0.8408338,-0.50978315,0.18136041,0.015103577,9.296435,-3.644281,-0.7677882,0.6835244,-0.9067166,0.8981054,1
6.6099999999999035,,,,,16.450577,2.2572176,-0.7076527,0.1673136,-17.668352,-10.249073,2.2088046,0.8434561,-0.5057881,0.17983696,0.020466056,9.341159,-3.5099442,-0.8007706,0.79369295,-0.9135546,0.86888593,1
6.619999999999903,,,,,16.450577,2.2572176,-0.7076527,0.1673136,-17.574709,-10.283465,2.2006567,0.84645385,-0.50107443,0.17829666,0.025506442,9.387254,-3.3685546,-0.82854307,1.0218906,-0.88133794,0.8344596,1
6.629999999999903,,,,,16.450577,2.2572176,-0.7076527,0.1673136,-17.48061,-10.316446,2.19224,0.84990215,-0.49547443,0.17681299,0.030141683,9.432348,-3.2277744,-0.8544685,1.214506,-0.8541729,0.8017225,1
6.639999999999903,,,,,16.450577,2.2572176,-0.7076527,0.1673136,-17.386065,-10.348023,2.1835747,0.8537118,-0.4891182,0.17537034,0.0344205,9.476564,-3.087808,-0.87829965,1.3770876,-0.8312661,0.7705919,1
6.649999999999903,,,,,16.092566,2.278175,-0.7320701,0.107420176,-17.29108,-10.378207,2.1746821,0.8578062,-0.48211494,0.17395504,0.03838427,9.520009,-2.9488397,-0.89983606,1.514318,-0.81194884,0.7409889,1
6.659999999999902,,,,,16.092566,2.278175,-0.7320701,0.107420176,-17.195671,-10.407021,2.1655777,0.86212605,-0.4745503,0.17254363,0.042065054,9.561842,-2.814039,-0.92063653,1.6334188,-0.7994673,0.70989954,1
6.669999999999902,,,,,16.092566,2.278175,-0.7320701,0.107420176,-17.099846,-10.434492,2.1562781,0.86662024,-0.46649683,0.17111628,0.04548934,9.603082,-2.6805367,-0.93890667,1.7339481,-0.78894365,0.6803357,1
6.679999999999902,,,,,16.092566,2.278175,-0.7320701,0.107420176,-17.00361,-10.460636,2.1468086,0.87123996,-0.45802185,0.16966711,0.04868232,9.643788,-2.5484781,-0.9545465,1.8188019,-0.7800698,0.6522226,1
6.689999999999902,,,,,16.278368,1.8590494,-1.0749311,0.15469947,-16.906973,-10.485467,2.1371965,0.87594384,-0.44918242,0.16819125,0.051665645,9.684016,-2.4179988,-0.9674811,1.8904241,-0.7725868,0.625489,1
6.699999999999902,,,,,16.278368,1.8590494,-1.0749311,0.15469947,-16.80993,-10.508995,2.1274738,0.88064533,-0.4401662,0.16655822,0.05455255,9.724254,-2.2877314,-0.9766481,1.8855379,-0.81976765,0.60238725,1
6.709999999999901,,,,,16.278368,1.8590494,-1.0749311,0.15469947,-16.712492,-10.531228,2.1176732,0.88527817,-0.43112624,0.16466418,0.057433326,9.763992,-2.1592522,-0.98303366,1.8814104,-0.8595888,0.5804191,1
6.719999999999901,,,,,16.278368,1.8590494,-1.0749311,0.15469947,-16.614656,-10.552186,2.1078227,0.889837,-0.42206043,0.16254175,0.060294785,9.803171,-2.0326135,-0.9866595,1.8779236,-0.8931982,0.5595289,1
6.729999999999901,,,,,15.658333,1.4649659,-1.280371,0.05446377,-16.516432,-10.571886,2.0979495,0.8943172,-0.41296726,0.16021895,0.063126504,9.841737,-1.9078704,-0.9875514,1.8749785,-0.9215646,0.53966373,1
6.739999999999901,,,,,15.658333,1.4649659,-1.280371,0.05446377,-16.41783,-10.590372,2.088062,0.8986646,-0.4039837,0.1576312,0.06596816,9.878194,-1.7897478,-0.9895502,1.8110417,-0.9775709,0.5158548,1
6.7499999999999005,,,,,15.658333,1.4649659,-1.280371,0.05446377,-16.318869,-10.607687,2.078167,0.90284014,-0.3952202,0.15472797,0.06884857,9.913921,-1.673499,-0.9890231,1.7570722,-1.0248363,0.49321416,1
6.7599999999999,,,,,15.658333,1.4649659,-1.280371,0.05446377,-16.219555,-10.623848,2.0682895,0.9068598,-0.38663962,0.15155081,0.07174618,9.948826,-1.5591197,-0.9860461,1.7115164,-1.0647255,0.47168455,1
6.7699999999999,,,,,15.982628,0.76284945,-1.3899736,0.14627025,-16.119896,-10.638875,2.058454,0.9107366,-0.3782104,0.14813544,0.07464364,9.982829,-1.4466128,-0.9806885,1.6730627,-1.0983895,0.45121142,1
6.7799999999999,,,,,15.982628,0.76284945,-1.3899736,0.14627025,-16.019901,-10.652776,2.0486948,0.91438234,-0.37015742,0.14445567,0.0775954,10.016542,-1.3336818,-0.9708364,1.5311177,-1.1439185,0.43624786,1
6.7899999999999,,,,,15.982628,0.76284945,-1.3899736,0.14627025,-15.919571,-10.665556,2.0390453,0.9177341,-0.36266002,0.14049293,0.08064491,10.04915,-1.2225761,-0.95877314,1.4113066,-1.1823378,0.4220186,1
6.7999999999998995,,,,,15.982628,0.76284945,-1.3899736,0.14627025,-15.818922,-10.677234,2.0295267,0.9208343,-0.35563144,0.13628592,0.08376516,10.080545,-1.1132026,-0.9446435,1.3101784,-1.2147578,0.40848756,1
6.809999999999899,,,,,15.749004,-0.06680437,-1.2217605,0.1394225,-15.717964,-10.687826,2.0201592,0.92371744,-0.34899777,0.13186774,0.08693411,10.110637,-1.0054848,-0.9285716,1.2248197,-1.2421156,0.39562047,1
6.819999999999899,,,,,15.749004,-0.06680437,-1.2217605,0.1394225,-15.616715,-10.697357,2.0109532,0.92628914,-0.3430097,0.12729965,0.09015324,10.138925,-0.9008956,-0.91237617,1.0233806,-1.2390015,0.38304877,1
6.829999999999899,,,,,15.749004,-0.06680437,-1.2217605,0.1394225,-15.515191,-10.70585,2.0019174,0.928483,-0.3378654,0.12263164,0.09342255,10.165776,-0.7976943,-0.89458334,0.8533565,-1.236362,0.37109396,1
6.839999999999899,,,,,15.749004,-0.06680437,-1.2217605,0.1394225,-15.413406,-10.713317,1.9930664,0.9303607,-0.33343515,0.11787486,0.09672402,10.191125,-0.6957055,-0.87538725,0.7098482,-1.2341248,0.3597258,1
6.849999999999898,,,,,16.009542,-0.82280695,-1.0870024,0.36877576,-15.311376,-10.719769,1.9844139,0.93197197,-0.32960853,0.11303902,0.10004315,10.214917,-0.5947809,-0.85495085,0.5887207,-1.2322291,0.34891546,1
6.859999999999898,,,,,16.009542,-0.82280695,-1.0870024,0.36877576,-15.209113,-10.725207,1.9759811,0.93324983,-0.32657617,0.10816164,0.10341088,10.237471,-0.49312556,-0.831446,0.36858946,-1.2096307,0.34989002,1
6.869999999999898,,,,,16.009542,-0.82280695,-1.0870024,0.36877576,-15.106632,-10.729633,1.9677879,0.93414474,-0.3244848,0.10327353,0.10685427,10.258337,-0.39219138,-0.8070424,0.18278806,-1.1905491,0.35081676,1
6.879999999999898,,,,,16.009542,-0.82280695,-1.0870024,0.36877576,-15.003952,-10.733052,1.9598424,0.93471575,-0.3231878,0.09837358,0.11035754,10.277466,-0.2917618,-0.78194255,0.02596321,-1.1744368,0.351698,1
6.8899999999998975,,,,,17.061928,-1.2883855,-1.0009696,0.449779,-14.901089,-10.735469,1.9521507,0.93501055,-0.32256064,0.093461044,0.11390776,10.294813,-0.19165537,-0.75631696,-0.106404416,-1.1608319,0.35253602,1
6.899999999999897,,,,,17.061928,-1.2883855,-1.0009696,0.449779,-14.798057,-10.736853,1.944758,0.93500346,-0.32267475,0.088549525,0.11750977,10.311361,-0.08514103,-0.72216153,-0.29073575,-1.1359448,0.35730776,1
6.909999999999897,,,,,17.061928,-1.2883855,-1.0009696,0.449779,-14.694868,-10.737171,1.9377081,0.9346746,-0.32358086,0.08364967,0.12116735,10.325924,0.021407623,-0.68780047,-0.44632035,-1.114933,0.36184537,1
6.919999999999897,,,,,17.061928,-1.2883855,-1.0009696,0.449779,-14.591544,-10.7364235,1.9310021,0.9340666,-0.32515296,0.0787574,0.12486952,10.338458,0.12818357,-0.653415,-0.57764095,-1.097193,0.3661603,1
6.929999999999897,,,,,17.526527,-1.4933574,-0.63930154,0.5870022,-14.488106,-10.734607,1.9246395,0.93321407,-0.32728425,0.073869534,0.12860724,10.348927,0.2353451,-0.6191617,-0.68848205,-1.0822151,0.3702635,1
6.9399999999998965,,,,,17.526527,-1.4933574,-0.63930154,0.5870022,-14.384572,-10.7317,1.9186361,0.93210614,-0.32997826,0.06911366,0.1323474,10.3575325,0.34595957,-0.581586,-0.8140115,-1.0131788,0.3808989,1
6.949999999999896,,,,,17.526527,-1.4933574,-0.63930154,0.5870022,-14.280962,-10.727685,1.9130062,0.930736,-0.33323377,0.06459136,0.13606505,10.3640175,0.4572615,-0.54445547,-0.9199633,-0.9549053,0.3910124,1
6.959999999999896,,,,,17.526527,-1.4933574,-0.63930154,0.5870022,-14.177299,-10.722552,1.9077448,0.929135,-0.33696023,0.060265657,0.13976432,10.3684225,0.5693886,-0.50792426,-1.0093907,-0.90571624,0.4006297,1
6.969999999999896,,,,,17.018404,-1.498275,-0.34570983,0.79280525,-14.073601,-10.716293,1.9028451,0.9273288,-0.3410808,0.05610553,0.1434488,10.370779,0.6824521,-0.4721267,-1.0848707,-0.86419505,0.40977508,1
6.979999999999896,,,,,17.018404,-1.498275,-0.34570983,0.79280525,-13.969891,-10.708916,1.8982799,0.92532796,-0.3455479,0.05220235,0.14710502,10.37111,0.7932347,-0.44103974,-1.1493529,-0.78336895,0.42857048,1
6.989999999999895,,,,,17.018404,-1.498275,-0.34570983,0.79280525,-13.866186,-10.700425,1.894021,0.9231427,-0.35032108,0.048628513,0.15072535,10.369556,0.9050957,-0.41089442,-1.2037779,-0.7151455,0.44644356,1
6.999999999999895,,,,,17.018404,-1.498275,-0.34570983,0.79280525,-13.7625065,-10.69081,1.8900584,0.9207915,-0.35534948,0.04533459,0.1543203,10.366198,1.0181035,-0.38179338,-1.2497141,-0.6575594,0.4634396,1
7.009999999999895,,,,,16.088816,-1.3700335,-0.2755411,0.90447956,-13.658869,-10.6800585,1.8863813,0.91828954,-0.36058986,0.042278945,0.15789856,10.361096,1.132311,-0.35382682,-1.2884853,-0.6089516,0.47960168,1
7.019999999999895,,,,,16.088816,-1.3700335,-0.2755411,0.90447956,-13.555289,-10.668191,1.8829436,0.9156649,-0.36596254,0.03946547,0.16146763,10.354678,1.2414497,-0.33389235,-1.3012112,-0.55697805,0.50045055,1
7.0299999999998946,,,,,16.088816,-1.3700335,-0.2755411,0.90447956,-13.45178,-10.655227,1.8796993,0.9129414,-0.3714027,0.036896445,0.16503556,10.346726,1.3517718,-0.3151574,-1.3119515,-0.5131087,0.52027637,1
7.039999999999894,,,,,16.088816,-1.3700335,-0.2755411,0.90447956,-13.34836,-10.641152,1.8766363,0.9101247,-0.37689674,0.034537334,0.16860935,10.337296,1.4632807,-0.29766583,-1.321016,-0.47607931,0.5391293,1
7.049999999999894,,,,,15.570292,-0.98554206,-0.34553722,0.87488735,-13.245041,-10.6259575,1.8737416,0.9072194,-0.3824329,0.032358922,0.17219456,10.32643,1.5759752,-0.28145716,-1.3286659,-0.44482368,0.5570572,1
7.059999999999894,,,,,15.570292,-0.98554206,-0.34553722,0.87488735,-13.141835,-10.609648,1.8709843,0.9042907,-0.38785726,0.030336445,0.17579812,10.314566,1.6861725,-0.27020097,-1.275157,-0.4293337,0.57265323,1
7.069999999999894,,,,,15.570292,-0.98554206,-0.34553722,0.87488735,-13.038754,-10.592231,1.8683332,0.90139335,-0.3930485,0.028449515,0.17942595,10.301391,1.7974478,-0.2601933,-1.2299926,-0.41626075,0.58748394,1
7.0799999999998935,,,,,15.570292,-0.98554206,-0.34553722,0.87488735,-12.935812,-10.573695,1.8657762,0.89851713,-0.39804116,0.026681019,0.18308033,10.2869425,1.9097364,-0.25140247,-1.1918712,-0.40522805,0.6015869,1
7.089999999999893,,,,,15.539652,-0.5348842,-0.5473064,0.8800015,-12.833019,-10.554032,1.863301,0.89565295,-0.40286434,0.025016276,0.1867627,10.271254,2.0229812,-0.24380207,-1.1596944,-0.395917,0.6149978,1
7.099999999999893,,,,,15.539652,-0.5348842,-0.5473064,0.8800015,-12.730391,-10.533234,1.8608952,0.89286834,-0.407366,0.023404678,0.19050278,10.254379,2.136898,-0.23756595,-1.0622427,-0.41949597,0.62800163,1
7.109999999999893,,,,,15.539652,-0.5348842,-0.5473064,0.8800015,-12.627936,-10.511292,1.8585461,0.89021873,-0.41142794,0.0218064,0.19432503,10.236308,2.2516046,-0.23240118,-0.9799898,-0.43940225,0.6403673,1
7.119999999999893,,,,,15.539652,-0.5348842,-0.5473064,0.8800015,-12.525668,-10.4882,1.8562437,0.8876801,-0.41511783,0.020224027,0.19822276,10.217051,2.3669934,-0.2282151,-0.9105654,-0.45620802,0.65212625,1
7.129999999999892,,,,,15.134427,0.0033911834,-0.58857846,0.7983262,-12.423598,-10.46395,1.8539786,0.8852317,-0.41849253,0.018659348,0.20218974,10.196617,2.4829721,-0.2249284,-0.85196865,-0.47039613,0.6633082,1
7.139999999999892,,,,,15.134427,0.0033911834,-0.58857846,0.7983262,-12.321736,-10.438554,1.8517292,0.88294876,-0.42140645,0.017138602,0.2062144,10.175585,2.5964162,-0.2250846,-0.7185657,-0.48877215,0.66993356,1
7.149999999999892,,,,,15.134427,0.0033911834,-0.58857846,0.7983262,-12.22009,-10.412021,1.8494747,0.88089246,-0.42374778,0.015682764,0.21028642,10.153458,2.7102284,-0.22591099,-0.60596806,-0.50429016,0.6762338,1
7.159999999999892,,,,,15.134427,0.0033911834,-0.58857846,0.7983262,-12.11867,-10.384348,1.8472092,0.87902635,-0.4256059,0.014285475,0.21440192,10.130279,2.82429,-0.2272756,-0.510931,-0.5173951,0.682225,1
7.169999999999892,,,,,14.982765,0.6448253,-0.59620404,0.8023764,-12.017488,-10.355534,1.8449277,0.877319,-0.42705578,0.012940933,0.21855716,10.106083,2.9385002,-0.22906575,-0.43071577,-0.52846223,0.68792206,1
7.179999999999891,,,,,14.982765,0.6448253,-0.59620404,0.8023764,-11.916552,-10.325583,1.8426218,0.87585306,-0.42793486,0.011697963,0.22274715,10.081162,3.0516205,-0.23213437,-0.2629792,-0.5389524,0.6935384,1
7.189999999999891,,,,,14.982765,0.6448253,-0.59620404,0.8023764,-11.815868,-10.294501,1.8402845,0.87469316,-0.428118,0.0105959475,0.226968,10.0553465,3.164664,-0.23535062,-0.12140177,-0.5478173,0.6988792,1
7.199999999999891,,,,,14.982765,0.6448253,-0.59620404,0.8023764,-11.715447,-10.26229,1.837915,0.87378895,-0.42771327,0.0096169105,0.2312176,10.02871,3.2775018,-0.23854852,-0.0019039828,-0.55530894,0.70395786,1
7.209999999999891,,,,,15.22798,1.0613897,-0.70956886,0.73397255,-11.615296,-10.228952,1.8355141,0.8730969,-0.4268114,0.008745169,0.23549362,10.001322,3.3900254,-0.24158774,0.0989577,-0.56163996,0.7087873,1
7.2199999999998905,,,,,15.22798,1.0613897,-0.70956886,0.73397255,-11.515426,-10.194482,1.8330919,0.8726527,-0.4253323,0.007963404,0.23980415,9.972782,3.5039706,-0.24278067,0.24905951,-0.58464,0.7100232,1
7.22999999999989,,,,,15.22798,1.0613897,-0.70956886,0.73397255,-11.415843,-10.1588745,1.8306599,0.87248176,-0.4232156,0.0072571584,0.24415399,9.943607,3.6173692,-0.24352255,0.37575132,-0.60406387,0.71119845,1
7.23999999999989,,,,,15.22798,1.0613897,-0.70956886,0.73397255,-11.316556,-10.122136,1.8282235,0.8725347,-0.42055786,0.0066173933,0.24853623,9.913861,3.730098,-0.24366142,0.4826844,-0.6204673,0.7123159,1
7.24999999999989,,,,,15.361801,1.2919178,-0.71624947,0.64814454,-11.217568,-10.084274,1.8257892,0.8727691,-0.41744033,0.0060360692,0.2529447,9.883603,3.8420517,-0.24307083,0.57294005,-0.63432026,0.71337867,1
7.25999999999989,,,,,15.361801,1.2919178,-0.71624947,0.64814454,-11.118887,-10.045292,1.8233694,0.8731898,-0.41385022,0.0055228,0.2573652,9.852618,3.954111,-0.24076705,0.6850688,-0.64704645,0.71017754,1
7.269999999999889,,,,,15.361801,1.2919178,-0.71624947,0.64814454,-11.020517,-10.005195,1.8209772,0.87379795,-0.40978035,0.005084423,0.2617845,9.8212385,4.06519,-0.23750053,0.7797103,-0.65779656,0.70713353,1
7.279999999999889,,,,,15.361801,1.2919178,-0.71624947,0.64814454,-10.922463,-9.963992,1.8186231,0.87455505,-0.40530145,0.004710453,0.2661988,9.789533,4.1751914,-0.2331669,0.8595916,-0.6668771,0.7042389,1
7.289999999999889,,,,,14.923834,1.3398144,-0.65877163,0.5406925,-10.824729,-9.921695,1.8163179,0.8754284,-0.40047315,0.004391789,0.2706048,9.757559,4.284031,-0.2276817,0.9270149,-0.67454743,0.7014863,1
7.299999999999889,,,,,14.923834,1.3398144,-0.65877163,0.5406925,-10.727309,-9.878331,1.8140588,0.87640136,-0.39533538,0.0041405945,0.2749787,9.726294,4.3885665,-0.22396481,0.9913861,-0.672063,0.6935961,1
7.309999999999889,,,,,14.923834,1.3398144,-0.65877163,0.5406925,-10.630203,-9.833929,1.8118429,0.87746006,-0.38992247,0.0039653773,0.27929997,9.694886,4.4918365,-0.21900791,1.0457189,-0.66997075,0.68609315,1
7.319999999999888,,,,,14.923834,1.3398144,-0.65877163,0.5406925,-10.533412,-9.7885,1.809683,0.87858224,-0.38427347,0.0038539006,0.28357038,9.663398,4.593784,-0.21276736,1.0915792,-0.6682088,0.67895824,1
7.329999999999888,,,,,14.037712,1.3267915,-0.6113887,0.49687913,-10.436935,-9.742058,1.8075919,0.87974924,-0.37842146,0.0037957572,0.2877914,9.631883,4.694358,-0.20521046,1.1302875,-0.66672486,0.6721735,1
7.339999999999888,,,,,14.037712,1.3267915,-0.6113887,0.49687913,-10.340765,-9.694647,1.8055516,0.88094497,-0.37240446,0.00379524,0.29195252,9.602261,4.787626,-0.20266731,1.1609248,-0.6580884,0.6635717,1
7.349999999999888,,,,,14.037712,1.3267915,-0.6113887,0.49687913,-10.24489,-9.646311,1.8035432,0.88215643,-0.3662544,0.0038550072,0.29604518,9.572709,4.879525,-0.19885278,1.1867849,-0.65080076,0.6553921,1
7.3599999999998875,,,,,14.037712,1.3267915,-0.6113887,0.49687913,-10.14931,-9.597062,1.8015792,0.8833732,-0.35998875,0.0039647133,0.30007315,9.543273,4.970027,-0.19376187,1.2086129,-0.64465135,0.6476138,1
7.369999999999887,,,,,13.093567,1.1708211,-0.41508153,0.38879842,-10.054024,-9.546915,1.7996725,0.88458675,-0.35362238,0.004115637,0.30403987,9.513992,5.0591035,-0.18739416,1.2270375,-0.63946223,0.64021724,1
7.379999999999887,,,,,13.093567,1.1708211,-0.41508153,0.38879842,-9.95902,-9.495914,1.7978002,0.88577205,-0.3472474,0.004346165,0.3079092,9.486865,5.1408405,-0.18686832,1.2182512,-0.6044836,0.62788004,1
7.389999999999887,,,,,13.093567,1.1708211,-0.41508153,0.38879842,-9.864285,-9.444102,1.7959391,0.8869113,-0.34093848,0.004685629,0.31165218,9.459965,5.221238,-0.1851857,1.210838,-0.5749587,0.6161483,1
7.399999999999887,,,,,13.093567,1.1708211,-0.41508153,0.38879842,-9.769819,-9.391494,1.7941005,0.8880079,-0.33468384,0.005115157,0.31528133,9.433334,5.3003106,-0.18237862,1.2045834,-0.55003715,0.60499215,1
7.4099999999998865,,,,,12.462599,1.0083137,-0.3163934,0.35526448,-9.675617,-9.338101,1.7922953,0.8890643,-0.32847342,0.005618931,0.3188072,9.407012,5.378071,-0.17847684,1.199306,-0.5290015,0.5943835,1
7.419999999999886,,,,,12.462599,1.0083137,-0.3163934,0.35526448,-9.581671,-9.283957,1.7905098,0.8900628,-0.3223693,0.0061966483,0.32222283,9.382281,5.4508467,-0.1784774,1.1695042,-0.49586576,0.5826498,1
7.429999999999886,,,,,12.462599,1.0083137,-0.3163934,0.35526448,-9.48797,-9.229089,1.7887293,0.89099115,-0.31642085,0.006847121,0.32552344,9.357899,5.5224137,-0.17750621,1.1443526,-0.46789497,0.571492,1
7.439999999999886,,,,,12.462599,1.0083137,-0.3163934,0.35526448,-9.394512,-9.173512,1.786963,0.8918583,-0.31060305,0.0075570447,0.32872054,9.333887,5.5928035,-0.17560473,1.1231254,-0.44428408,0.5608817,1
7.449999999999886,,,,,12.968966,1.0242821,-0.23414351,0.29015967,-9.301292,-9.117237,1.7852203,0.8926717,-0.30489457,0.008315336,0.3318239,9.310267,5.66204,-0.17280962,1.1052105,-0.42435342,0.550792,1
7.459999999999885,,,,,12.968966,1.0242821,-0.23414351,0.29015967,-9.208311,-9.060262,1.7835304,0.8934419,-0.29928285,0.009141844,0.33482468,9.286116,5.732914,-0.16501914,1.0925758,-0.39470384,0.53800267,1
7.469999999999885,,,,,12.968966,1.0242821,-0.23414351,0.29015967,-9.115568,-9.0025835,1.7819227,0.8941777,-0.293757,0.010051706,0.33771574,9.262418,5.8026357,-0.15636455,1.0819137,-0.36967683,0.52584094,1
7.479999999999885,,,,,12.968966,1.0242821,-0.23414351,0.29015967,-9.02306,-8.944213,1.7804059,0.89488244,-0.2883028,0.011030125,0.34050706,9.2392025,5.871227,-0.14687495,1.0729163,-0.34855172,0.51427597,1
7.489999999999885,,,,,13.359044,1.0535007,0.2116345,0.14140993,-8.93078,-8.885162,1.778988,0.8955591,-0.28290826,0.01206473,0.3432072,9.216494,5.9387054,-0.13657682,1.0653234,-0.33072013,0.5032785,1
7.4999999999998845,,,,,13.359044,1.0535007,0.2116345,0.14140993,-8.83873,-8.825432,1.7776935,0.89621717,-0.27761444,0.013303812,0.34575698,9.193654,6.007089,-0.12221238,1.0634491,-0.24615307,0.48552153,1
7.509999999999884,,,,,13.359044,1.0535007,0.2116345,0.14140993,-8.746904,-8.765023,1.7765465,0.89686567,-0.27245402,0.014864014,0.34810886,9.171443,6.0744014,-0.10707803,1.0618732,-0.17477353,0.46863586,1
7.519999999999884,,,,,13.359044,1.0535007,0.2116345,0.14140993,-8.655298,-8.703946,1.7755545,0.89750504,-0.2674062,0.016693212,0.3502855,9.149943,6.1406984,-0.091210015,1.0605478,-0.114524834,0.45257878,1
7.529999999999884,,,,,13.62485,0.9335055,0.46150848,0.094297245,-8.563904,-8.642212,1.7747248,0.8981354,-0.2624532,0.018747501,0.35230607,9.129222,6.206028,-0.07464114,1.0594331,-0.06367125,0.43730965,1
7.539999999999884,,,,,13.62485,0.9335055,0.46150848,0.094297245,-8.472713,-8.579822,1.7740755,0.8987445,-0.25765857,0.021061251,0.35415646,9.108946,6.271717,-0.055109087,1.0397716,0.018213218,0.42047793,1
7.5499999999998835,,,,,13.62485,0.9335055,0.46150848,0.094297245,-8.3817215,-8.51678,1.7736248,0.8993231,-0.25307217,0.023659678,0.35582674,9.089597,6.336538,-0.034940995,1.0231812,0.08732955,0.40447217,1
7.559999999999883,,,,,13.62485,0.9335055,0.46150848,0.094297245,-8.290918,-8.453094,1.7733787,0.89987516,-0.24866164,0.026496392,0.3573373,9.071237,6.400562,-0.014182546,1.0091823,0.14566879,0.38925177,1
7.569999999999883,,,,,13.819393,0.9222082,0.55125374,-0.044660363,-8.200294,-8.38877,1.7733431,0.9004039,-0.24439947,0.029532332,0.35870534,9.05392,6.4638495,0.007125607,0.9973699,0.19491142,0.3747783,1
7.579999999999883,,,,,13.819393,0.9222082,0.55125374,-0.044660363,-8.109838,-8.323814,1.7735317,0.9009155,-0.24027988,0.03276115,0.3599215,9.037461,6.527347,0.030658625,0.985638,0.25046661,0.35419634,1
7.589999999999883,,,,,13.819393,0.9222082,0.55125374,-0.044660363,-8.01954,-8.258226,1.773958,0.9014158,-0.23629718,0.036175698,0.36097705,9.022157,6.5902042,0.054673858,0.975739,0.29735947,0.33462435,1
7.599999999999882,,,,,13.819393,0.9222082,0.55125374,-0.044660363,-7.9293895,-8.192013,1.7746266,0.901906,-0.23243001,0.039744645,0.3618869,9.008051,6.6524696,0.079135865,0.9673864,0.33694062,0.31601277,1
7.609999999999882,,,,,13.823357,0.649637,0.59306383,0.04656737,-7.8393745,-8.125179,1.775542,0.902387,-0.2286603,0.04344166,0.3626636,8.995178,6.714183,0.10401228,0.96033835,0.37035006,0.29831445,1
7.619999999999882,,,,,13.823357,0.649637,0.59306383,0.04656737,-7.7494817,-8.057732,1.7767082,0.90282995,-0.22507684,0.047222693,0.36332965,8.983564,6.7753997,0.12930588,0.9118812,0.40506554,0.28596115,1
7.629999999999882,,,,,13.823357,0.649637,0.59306383,0.04656737,-7.6596985,-7.989674,1.7781293,0.90321267,-0.2217494,0.051052082,0.3639061,8.973216,6.836163,0.15493579,0.8709821,0.43436953,0.27421406,1
7.6399999999998816,,,,,13.823357,0.649637,0.59306383,0.04656737,-7.570013,-7.9210105,1.779808,0.9035446,-0.21863818,0.05492076,0.36440113,8.964125,6.8965325,0.1808567,0.83646226,0.45910558,0.26304337,1
7.649999999999881,,,,,13.8006115,0.39955685,0.4403591,0.106038705,-7.480412,-7.8517447,1.7817472,0.90383327,-0.21570952,0.058821127,0.36482185,8.956285,6.95656,0.20702901,0.80732656,0.47998574,0.25242084,1
7.659999999999881,,,,,13.8006115,0.39955685,0.4403591,0.106038705,-7.3908834,-7.7818804,1.7839482,0.90406466,-0.21300274,0.06265667,0.36520013,8.949698,7.0161915,0.23321208,0.7437383,0.47379205,0.24523783,1
7.669999999999881,,,,,13.8006115,0.39955685,0.4403591,0.106038705,-7.3014145,-7.711421,1.786412,0.9042293,-0.2105477,0.06635088,0.36556348,8.944299,7.075571,0.25957277,0.69006634,0.4685665,0.2384073,1
7.679999999999881,,,,,13.8006115,0.39955685,0.4403591,0.106038705,-7.2119937,-7.6403694,1.7891402,0.90433866,-0.20830536,0.06992484,0.36591125,8.94003,7.1347413,0.28607705,0.6447642,0.46415764,0.23191194,1
7.6899999999998805,,,,,13.226691,0.2562692,0.25471076,0.2623596,-7.12261,-7.568727,1.792134,0.9044021,-0.20624268,0.07339642,0.36624286,8.936845,7.1937385,0.312696,0.6065266,0.46043798,0.2257353,1
7.69999999999988,,,,,13.226691,0.2562692,0.25471076,0.2623596,-7.0332527,-7.496507,1.7953687,0.9044141,-0.204355,0.07669654,0.36659497,8.934788,7.250144,0.33421478,0.5519085,0.4283477,0.22753249,1
7.70999999999988,,,,,13.226691,0.2562692,0.25471076,0.2623596,-6.943911,-7.423724,1.7988188,0.90437067,-0.20263699,0.07977181,0.36699945,8.933655,7.3064322,0.3558012,0.50580716,0.40126288,0.22924148,1
7.71999999999988,,,,,13.226691,0.2562692,0.25471076,0.2623596,-6.854576,-7.3503785,1.802485,0.9042804,-0.201062,0.082657345,0.36744928,8.933378,7.3626194,0.37744004,0.4668949,0.3784029,0.2308666,1
7.72999999999988,,,,,13.225765,0.14728889,-0.009887595,0.31271258,-6.76524,-7.2764716,1.8063678,0.90415055,-0.19960748,0.08538276,0.36793843,8.933898,7.41872,0.39911875,0.43405053,0.3591086,0.23241197,1
7.739999999999879,,,,,13.225765,0.14728889,-0.009887595,0.31271258,-6.6758957,-7.2020044,1.8104674,0.9039852,-0.19825433,0.08786252,0.3684921,8.935158,7.4747396,0.42081955,0.38933805,0.30155796,0.23635234,1
7.749999999999879,,,,,13.225765,0.14728889,-0.009887595,0.31271258,-6.586535,-7.126977,1.8147842,0.90378845,-0.19698639,0.09003034,0.36913094,8.937076,7.5306783,0.44254974,0.35159746,0.25298324,0.24009937,1
7.759999999999879,,,,,13.225765,0.14728889,-0.009887595,0.31271258,-6.497152,-7.051391,1.8193184,0.9035653,-0.19579001,0.09193519,0.36984363,8.939569,7.586527,0.46431127,0.31974155,0.21198456,0.2436625,1
7.769999999999879,,,,,13.0986185,-0.15490368,-0.44881204,0.2781981,-6.407741,-6.975247,1.8240705,0.9033196,-0.19465369,0.09361837,0.37062052,8.942568,7.642279,0.4861062,0.29285282,0.17738001,0.24705082,1
7.779999999999879,,,,,13.0986185,-0.15490368,-0.44881204,0.2781981,-6.318299,-6.8985486,1.8290349,0.90304935,-0.19361217,0.094910406,0.37149492,8.945968,7.697392,0.5067849,0.22304107,0.07971465,0.24857922,1
7.789999999999878,,,,,13.0986185,-0.15490368,-0.44881204,0.2781981,-6.2288203,-6.821299,1.8342063,0.90275407,-0.19269247,0.09567862,0.3724924,8.94967,7.752384,0.5275106,0.16411425,-0.0027180854,0.25003263,1
7.799999999999878,,,,,13.0986185,-0.15490368,-0.44881204,0.2781981,-6.1393037,-6.7435007,1.8395853,0.90243804,-0.19187514,0.09600472,0.37359443,8.953537,7.8072367,0.5482953,0.11437498,-0.07229415,0.25141472,1
7.809999999999878,,,,,13.079752,-0.2484949,-1.0547222,0.2963803,-6.049749,-6.665155,1.8451724,0.9021045,-0.19114369,0.09595762,0.37478513,8.957459,7.861934,0.56914985,0.07239082,-0.13101864,0.252729,1
7.819999999999878,,,,,13.079752,-0.2484949,-1.0547222,0.2963803,-5.9601545,-6.586263,1.8509676,0.90177065,-0.19042672,0.09536315,0.3761028,8.961326,7.916376,0.5899158,0.022373049,-0.27507794,0.254871,1
7.8299999999998775,,,,,13.079752,-0.2484949,-1.0547222,0.2963803,-5.8705225,-6.506829,1.856971,0.9014491,-0.18966635,0.09408624,0.3775767,8.964982,7.9705787,0.61079776,-0.019848026,-0.39667,0.2569079,1
7.839999999999877,,,,,13.079752,-0.2484949,-1.0547222,0.2963803,-5.7808557,-6.426853,1.863184,0.90113443,-0.1888679,0.092233166,0.3791818,8.968278,8.024472,0.6318305,-0.055487636,-0.49929884,0.25884485,1
7.849999999999877,,,,,12.672573,-0.29511383,-1.5399375,0.31780413,-5.6911583,-6.34634,1.8696082,0.90082157,-0.18803582,0.08989359,0.38089666,8.971085,8.077996,0.65304214,-0.08557171,-0.585922,0.26068673,1
7.859999999999877,,,,,12.672573,-0.29511383,-1.5399375,0.31780413,-5.601436,-6.2653027,1.8762269,0.90051806,-0.18711624,0.086961575,0.38274336,8.973215,8.129438,0.6707372,-0.118223,-0.73470587,0.2634895,1
7.869999999999877,,,,,12.672573,-0.29511383,-1.5399375,0.31780413,-5.511696,-6.1837535,1.8830237,0.9002268,-0.18606591,0.083356984,0.38473752,8.974614,8.180378,0.6886655,-0.14578591,-0.8602863,0.26615474,1
7.879999999999876,,,,,12.672573,-0.29511383,-1.5399375,0.31780413,-5.421947,-6.1016974,1.8900012,0.8999363,-0.18490256,0.079184294,0.38685343,8.975143,8.230724,0.7068593,-0.16905352,-0.9662818,0.2686892,1
7.889999999999876,,,,,12.293104,-0.13329974,-1.7018678,0.31404313,-5.3321967,-6.019141,1.897162,0.89963675,-0.1836412,0.074531674,0.3890691,8.97469,8.280399,0.7253417,-0.18869536,-1.0557467,0.27109924,1
7.899999999999876,,,,,12.293104,-0.13329974,-1.7018678,0.31404313,-5.242456,-5.9360995,1.9044915,0.8993358,-0.18221103,0.06944044,0.39137244,8.973204,8.327864,0.7406295,-0.18003705,-1.1565077,0.27320653,1
7.909999999999876,,,,,12.293104,-0.13329974,-1.7018678,0.31404313,-5.1527357,-5.852587,1.9119756,0.8990379,-0.18055639,0.06394733,0.39375263,8.9705925,8.374515,0.75623393,-0.17273158,-1.2415551,0.2752104,1
7.919999999999876,,,,,12.293104,-0.13329974,-1.7018678,0.31404313,-5.0630474,-5.7686124,1.9196173,0.8987303,-0.17870949,0.058114875,0.39619392,8.966793,8.420265,0.7721706,-0.1665677,-1.3133397,0.27711594,1
7.929999999999875,,,,,11.876255,-0.056173228,-1.8450748,0.3224726,-4.9734035,-5.684185,1.9274201,0.8984022,-0.17669761,0.051995903,0.39868283,8.961755,8.465036,0.7884472,-0.16136704,-1.3739296,0.27892798,1
7.939999999999875,,,,,11.876255,-0.056173228,-1.8450748,0.3224726,-4.8838153,-5.599323,1.935368,0.89805233,-0.17449316,0.04559608,0.40121722,8.955646,8.507275,0.8011758,-0.14494684,-1.4474016,0.28106475,1
7.949999999999875,,,,,11.876255,-0.056173228,-1.8450748,0.3224726,-4.7942944,-5.5140433,1.9434447,0.8976777,-0.17207527,0.038922377,0.4037945,8.9482565,8.548417,0.8142375,-0.1310893,-1.5094162,0.28309664,1
7.959999999999875,,,,,11.876255,-0.056173228,-1.8450748,0.3224726,-4.7048545,-5.428358,1.9516538,0.897268,-0.16947441,0.032017738,0.4064033,8.939555,8.588391,0.8276305,-0.11939459,-1.5617598,0.28502882,1
7.9699999999998745,,,,,11.709856,0.27792516,-1.961734,0.12502405,-4.615508,-5.342279,1.9599985,0.8968145,-0.16671643,0.02491849,0.40903392,8.929513,8.627127,0.8413471,-0.1095251,-1.605941,0.2868662,1
7.979999999999874,,,,,11.709856,0.27792516,-1.961734,0.12502405,-4.5262685,-5.255822,1.9684741,0.8963431,-0.16368479,0.017664287,0.41166076,8.918273,8.664036,0.8538058,-0.04910072,-1.6614151,0.27892455,1
7.989999999999874,,,,,11.709856,0.27792516,-1.961734,0.12502405,-4.4371476,-5.169003,1.9770758,0.89587414,-0.16028805,0.010288165,0.41426048,8.905704,8.699569,0.86657155,0.0018988466,-1.7082405,0.27137262,1
7.999999999999874,,,,,11.709856,0.27792516,-1.961734,0.12502405,-4.348159,-5.081836,1.9858066,0.89539325,-0.15658034,0.0028095706,0.4168283,8.891821,8.733634,0.8796409,0.04494387,-1.7477652,0.26419124,1
8.009999999999874,,,,,11.253632,0.58816147,-2.0738175,0.022682752,-4.2593155,-4.994336,1.9946696,0.8948886,-0.15260747,-0.0047549987,0.4193601,8.87664,8.766151,0.8930035,0.08127497,-1.7811276,0.25736228,1
8.019999999999873,,,,,11.253632,0.58816147,-2.0738175,0.022682752,-4.170627,-4.906525,2.003646,0.89437366,-0.1482781,-0.012381391,0.4218485,8.860822,8.795843,0.90229213,0.16031764,-1.8267604,0.2458465,1
8.029999999999873,,,,,11.253632,0.58816147,-2.0738175,0.022682752,-4.0821037,-4.818425,2.0127165,0.89385724,-0.14352167,-0.020049436,0.42428616,8.84381,8.82388,0.9118424,0.22703245,-1.8652797,0.23489578,1
8.039999999999873,,,,,11.253632,0.58816147,-2.0738175,0.022682752,-3.9937558,-4.7300534,2.0218837,0.893324,-0.13840182,-0.027751546,0.4266696,8.825644,8.850171,0.9216442,0.2833425,-1.8977944,0.22448242,1
8.049999999999873,,,,,10.983237,0.81265795,-1.8995073,-0.13883191,-3.905595,-4.6414275,2.03115,0.89276093,-0.1329725,-0.03548121,0.42899573,8.806358,8.874637,0.9316808,0.3308705,-1.9252403,0.21458006,1
8.059999999999873,,,,,10.983237,0.81265795,-1.8995073,-0.13883191,-3.8176303,-4.5525694,2.0405047,0.8921803,-0.12722841,-0.043134578,0.43123844,8.786482,8.896667,0.9393275,0.40598273,-1.9212213,0.19723803,1
8.069999999999872,,,,,10.983237,0.81265795,-1.8995073,-0.13883191,-3.7298691,-4.4635005,2.049937,0.8915942,-0.121168,-0.05062905,0.4333762,8.765617,8.916792,0.94716316,0.4693826,-1.9178318,0.18074699,1
8.079999999999872,,,,,10.983237,0.81265795,-1.8995073,-0.13883191,-3.642321,-4.37424,2.0594485,0.89099133,-0.114838354,-0.057988025,0.4354125,8.743832,8.934963,0.95516664,0.52289635,-1.9149731,0.16506517,1
8.089999999999872,,,,,10.974354,0.88458693,-1.3128812,-0.19974911,-3.5549955,-4.2848077,2.0690408,0.8903625,-0.10827928,-0.06523116,0.43735018,8.721185,8.951139,0.9633127,0.5680656,-1.9125619,0.15015286,1
8.099999999999872,,,,,10.974354,0.88458693,-1.3128812,-0.19974911,-3.4679,-4.195224,2.0787148,0.88972306,-0.101601355,-0.07215424,0.43916258,8.697756,8.965281,0.9714878,0.6173974,-1.8190441,0.13298307,1
8.109999999999872,,,,,10.974354,0.88458693,-1.3128812,-0.19974911,-3.381043,-4.105509,2.0884712,0.88909185,-0.09489493,-0.07859678,0.44083226,8.673626,8.977424,0.9797532,0.6590401,-1.7401117,0.11665582,1
8.119999999999871,,,,,10.974354,0.88458693,-1.3128812,-0.19974911,-3.29443,-4.0156817,2.0983102,0.88846505,-0.08816372,-0.0846328,0.44237334,8.648895,8.987608,0.98808634,0.694192,-1.6734898,0.10112974,1
8.129999999999871,,,,,10.889403,0.9863171,-0.866129,-0.33946538,-3.208067,-3.9257627,2.1082332,0.8878387,-0.08141071,-0.09032474,0.4437973,8.623651,8.995866,0.9964657,0.72386444,-1.617258,0.08636552,1
8.139999999999871,,,,,10.889403,0.9863171,-0.866129,-0.33946538,-3.1219575,-3.835771,2.1182356,0.887237,-0.074680164,-0.09554988,0.44508815,8.59817,9.00218,1.0040467,0.76476663,-1.500128,0.06546986,1
8.14999999999987,,,,,10.889403,0.9863171,-0.866129,-0.33946538,-3.0361044,-3.7457256,2.128314,0.88668305,-0.0680074,-0.100214094,0.44623455,8.572363,9.006678,1.0116417,0.79929495,-1.4012651,0.04559957,1
8.15999999999987,,,,,10.889403,0.9863171,-0.866129,-0.33946538,-2.9505107,-3.6556437,2.1384687,0.88617074,-0.061382566,-0.104404286,0.4472508,8.546331,9.009424,1.0192419,0.82844216,-1.3178204,0.026704317,1
8.16999999999987,,,,,10.723284,1.179725,-0.43452123,-0.54442984,-2.865178,-3.565543,2.1486988,0.8856942,-0.05479722,-0.10819369,0.44814864,8.520163,9.010473,1.0268387,0.8530468,-1.247389,0.008736253,1
8.17999999999987,,,,,10.723284,1.179725,-0.43452123,-0.54442984,-2.7801056,-3.4754398,2.158997,0.8852823,-0.04825037,-0.111457795,0.4489148,8.494339,9.009885,1.032813,0.9039714,-1.1206383,-0.018407764,1
8.18999999999987,,,,,10.723284,1.179725,-0.43452123,-0.54442984,-2.695291,-3.3853505,2.1693552,0.88496,-0.04174059,-0.114101216,0.44953826,8.468572,9.007744,1.0387809,0.9469591,-1.0136551,-0.04421983,1
8.19999999999987,,,,,10.723284,1.179725,-0.43452123,-0.54442984,-2.6107337,-3.2952902,2.1797729,0.8847159,-0.03526064,-0.116220005,0.45003054,8.442969,9.004118,1.0447485,0.98324656,-0.92335624,-0.06876529,1
8.20999999999987,,,,,10.639807,1.1239697,0.27854088,-0.91880465,-2.526431,-3.2052732,2.1902502,0.8845394,-0.028804412,-0.11789512,0.45040104,8.4176235,8.999064,1.0507196,1.0138779,-0.8471394,-0.09210629,1
8.21999999999987,,,,,10.639807,1.1239697,0.27854088,-0.91880465,-2.4423795,-3.1153135,2.200783,0.8844756,-0.022509586,-0.11895379,0.45060667,8.392815,8.992691,1.0558875,1.0310391,-0.6716185,-0.13267262,1
8.229999999999869,,,,,10.639807,1.1239697,0.27854088,-0.91880465,-2.3585734,-3.0254235,2.2113678,0.8845646,-0.016484326,-0.11926266,0.45061108,8.368453,8.985076,1.0610781,1.045531,-0.5234692,-0.17124835,1
8.239999999999869,,,,,10.639807,1.1239697,0.27854088,-0.91880465,-2.2750084,-2.9356158,2.2220047,0.88478965,-0.0106841475,-0.118937634,0.4504299,8.344646,8.97634,1.0663091,1.0577676,-0.39842266,-0.20793115,1
8.249999999999869,,,,,10.504063,1.1946344,0.6589744,-1.2332422,-2.1916785,-2.8459003,2.2326944,0.885135,-0.0050716177,-0.11807631,0.45007592,8.321482,8.966584,1.0715951,1.0680991,-0.2928761,-0.24281392,1
8.259999999999868,,,,,10.504063,1.1946344,0.6589744,-1.2332422,-2.108575,-2.7562866,2.2434304,0.8856215,0.00034585665,-0.116613574,0.4495284,8.299328,8.956035,1.0756286,1.0878508,-0.14447315,-0.2914145,1
8.269999999999868,,,,,10.504063,1.1946344,0.6589744,-1.2332422,-2.0256891,-2.6667826,2.2542074,0.8862655,0.005564559,-0.11450162,0.4487672,8.277984,8.944667,1.0797471,1.1045266,-0.019212427,-0.33763024,1
8.279999999999868,,,,,10.504063,1.1946344,0.6589744,-1.2332422,-1.9430121,-2.577396,2.2650259,0.8870466,0.010618286,-0.111839525,0.44780314,8.25754,8.932579,1.0839672,1.1186043,0.08651526,-0.3815782,1
8.289999999999868,,,,,10.160518,1.4075557,0.4705616,-1.3202925,-1.8605348,-2.4881334,2.275887,0.8879462,0.01553526,-0.10871085,0.4466456,8.238075,8.919849,1.0883001,1.1304878,0.17575614,-0.4233696,1
8.299999999999867,,,,,10.160518,1.4075557,0.4705616,-1.3202925,-1.778244,-2.3989987,2.2867756,0.88894254,0.020449474,-0.105214834,0.4453009,8.220258,8.906975,1.0893985,1.1737154,0.22168538,-0.46738186,1
8.309999999999867,,,,,10.160518,1.4075557,0.4705616,-1.3202925,-1.6961261,-2.3099957,2.2976756,0.89001614,0.025468094,-0.10143378,0.4437724,8.203513,8.893558,1.0906116,1.2102014,0.26045355,-0.5092344,1
8.319999999999867,,,,,10.160518,1.4075557,0.4705616,-1.3202925,-1.61417,-2.2211294,2.3085883,0.89115435,0.030576497,-0.0974098,0.44206396,8.187895,8.879604,1.0919341,1.2409971,0.2931775,-0.5490332,1
8.329999999999867,,,,,9.893407,1.3820057,0.41758487,-1.3557142,-1.5323641,-2.1324053,2.3195148,0.8923457,0.035762012,-0.093178436,0.44017965,8.173447,8.865118,1.0933572,1.2669896,0.32079983,-0.58687913,1
8.339999999999867,,,,,9.893407,1.3820057,0.41758487,-1.3557142,-1.450695,-2.0438266,2.3304424,0.8935806,0.04101423,-0.088792965,0.43811813,8.160555,8.8504925,1.0922508,1.2849404,0.33585492,-0.6246061,1
8.349999999999866,,,,,9.893407,1.3820057,0.41758487,-1.3557142,-1.3691489,-1.9553969,2.3413599,0.8948508,0.04632401,-0.084297106,0.43587884,8.148866,8.835347,1.0912166,1.3000909,0.34856412,-0.6604817,1
8.359999999999866,,,,,9.893407,1.3820057,0.41758487,-1.3557142,-1.2877135,-1.8671213,2.352267,0.8961487,0.05168281,-0.07970572,0.43346706,8.138395,8.819676,1.0902382,1.312878,0.35929316,-0.69459695,1
8.369999999999866,,,,,9.36753,1.3283858,0.8003032,-1.3229785,-1.2063767,-1.7790052,2.3631647,0.8974672,0.05708317,-0.07503138,0.43088818,8.12916,8.803477,1.0892981,1.3236705,0.36835092,-0.72703815,1
8.379999999999866,,,,,9.36753,1.3283858,0.8003032,-1.3229785,-1.1251237,-1.6910492,2.374027,0.8988107,0.06243317,-0.070156574,0.4281584,8.1216,8.787637,1.0832137,1.324446,0.43568805,-0.75628114,1
8.389999999999866,,,,,9.36753,1.3283858,0.8003032,-1.3229785,-1.0439404,-1.6032541,2.3848288,0.90018034,0.06765981,-0.06498856,0.4252931,8.115255,8.771326,1.0771387,1.3250971,0.49252522,-0.7840891,1
8.399999999999865,,,,,9.36753,1.3283858,0.8003032,-1.3229785,-0.96281433,-1.5156243,2.39557,0.9015656,0.07278233,-0.05957054,0.42229575,8.110158,8.754579,1.0710629,1.3256438,0.54049987,-0.81053257,1
8.409999999999865,,,,,9.257548,1.1671522,0.32783404,-1.4321113,-0.8817328,-1.428164,2.4062502,0.9029574,0.07781666,-0.053939104,0.4191698,8.106337,8.737423,1.0649737,1.3261024,0.580994,-0.83567846,1
8.419999999999865,,,,,9.257548,1.1671522,0.32783404,-1.4321113,-0.80068296,-1.3408761,2.4168642,0.90434885,0.0827974,-0.048322074,0.41588813,8.103835,8.720082,1.0577755,1.3013029,0.54150254,-0.8649456,1
8.429999999999865,,,,,9.257548,1.1671522,0.32783404,-1.4321113,-0.7196519,-1.2537637,2.4274056,0.9057384,0.08775179,-0.04290165,0.41242838,8.10258,8.702346,1.0505267,1.2803725,0.5081697,-0.8927765,1
8.439999999999864,,,,,9.257548,1.1671522,0.32783404,-1.4321113,-0.63862723,-1.1668307,2.4378743,0.90712476,0.09268215,-0.03764501,0.40880033,8.102534,8.684196,1.043205,1.2627077,0.48003492,-0.91924185,1
8.449999999999864,,,,,9.056964,0.9837325,0.07791363,-1.4224257,-0.55759716,-1.0800812,2.4482694,0.908506,0.09759041,-0.032524504,0.40501288,8.1036625,8.665616,1.0357894,1.2477993,0.45628783,-0.9444085,1
8.459999999999864,,,,,9.056964,0.9837325,0.07791363,-1.4224257,-0.47655028,-0.99351776,2.45858,0.90988374,0.10245173,-0.027637547,0.4010632,8.105881,8.647004,1.0262976,1.2065883,0.3972875,-0.96786493,1
8.469999999999864,,,,,9.056964,0.9837325,0.07791363,-1.4224257,-0.3954759,-0.90714264,2.468795,0.91126114,0.10724609,-0.023060078,0.39695084,8.109154,8.627937,1.0166762,1.1718076,0.3474862,-0.99017036,1
8.479999999999864,,,,,9.056964,0.9837325,0.07791363,-1.4224257,-0.31436375,-0.8209606,2.478913,0.9126371,0.11198152,-0.01874178,0.39268655,8.113423,8.608397,1.0069089,1.1424546,0.30544966,-1.0113813,1
8.489999999999863,,,,,8.971229,0.8525369,-0.29563233,-1.5851827,-0.23320417,-0.7349764,2.4889324,0.91400987,0.11666485,-0.014640264,0.38827989,8.118637,8.588366,0.9969811,1.1176822,0.26996717,-1.0315512,1
8.499999999999863,,,,,8.971229,0.8525369,-0.29563233,-1.5851827,-0.15198824,-0.64919406,2.4988477,0.9153894,0.12131193,-0.010874485,0.38370278,8.124684,8.568021,0.98604596,1.076277,0.18177092,-1.0587181,1
8.509999999999863,,,,,8.971229,0.8525369,-0.29563233,-1.5851827,-0.07070771,-0.5636178,2.5086527,0.91678536,0.12593484,-0.0075364523,0.37893096,8.13154,8.547142,0.9749246,1.0413355,0.107326694,-1.0845518,1
8.519999999999863,,,,,8.971229,0.8525369,-0.29563233,-1.5851827,0.01064508,-0.4782532,2.5183456,0.91819453,0.13053401,-0.0045569716,0.37397778,8.139126,8.525698,0.9636049,1.0118488,0.04448995,-1.109118,1
8.529999999999863,,,,,8.831241,0.58303404,-0.53812325,-1.5508528,0.09207708,-0.3931059,2.527924,0.919613,0.13510998,-0.0018777207,0.36885518,8.147372,8.503661,0.9520764,0.98696584,-0.008549092,-1.1324786,1
8.539999999999862,,,,,8.831241,0.58303404,-0.53812325,-1.5508528,0.1735939,-0.3081803,2.5373795,0.92104995,0.13959968,0.00042102463,0.3635645,8.156078,8.481363,0.9389826,0.9239108,-0.09110171,-1.1530083,1
8.549999999999862,,,,,8.831241,0.58303404,-0.53812325,-1.5508528,0.25520036,-0.22348079,2.546703,0.92251337,0.14395267,0.002278494,0.35810882,8.165284,8.4584465,0.92567086,0.8706968,-0.1607858,-1.1725308,1
8.559999999999862,,,,,8.831241,0.58303404,-0.53812325,-1.5508528,0.336901,-0.13901357,2.5558922,0.9239969,0.14818671,0.0037661635,0.3525004,8.174903,8.434896,0.9121398,0.82578844,-0.21960723,-1.1910951,1
8.569999999999862,,,,,8.519755,0.12396125,-0.61581755,-1.3635684,0.4186996,-0.054785065,2.5649452,0.9254944,0.15231706,0.0049442006,0.3467501,8.18486,8.410706,0.89838827,0.7878894,-0.2692593,-1.2087485,1
8.579999999999862,,,,,8.519755,0.12396125,-0.61581755,-1.3635684,0.50059736,0.029202674,2.5738447,0.9270204,0.1561974,0.005767664,0.34088537,8.194724,8.386746,0.8814501,0.68430614,-0.32322684,-1.2163455,1
8.589999999999861,,,,,8.519755,0.12396125,-0.61581755,-1.3635684,0.5825947,0.112947814,2.582574,0.9285871,0.15971251,0.006203987,0.33493277,8.204757,8.362188,0.86431235,0.5968829,-0.3687899,-1.2235698,1
8.599999999999861,,,,,8.519755,0.12396125,-0.61581755,-1.3635684,0.66469276,0.1964445,2.5911305,0.93018484,0.16291632,0.0063162525,0.3288998,8.214872,8.337062,0.8469897,0.5230986,-0.40725735,-1.2304394,1
8.60999999999986,,,,,8.604216,-0.23821715,-0.7283155,-1.3995792,0.7468921,0.27968723,2.599513,0.93180454,0.16585451,0.006157386,0.32279295,8.224997,8.311396,0.8294954,0.46082538,-0.43973422,-1.2369722,1
8.61999999999986,,,,,8.604216,-0.23821715,-0.7283155,-1.3995792,0.829193,0.36266935,2.607724,0.9334637,0.16844507,0.00568415,0.31660706,8.235164,8.284952,0.81263995,0.3517714,-0.48465237,-1.2449514,1
8.62999999999986,,,,,8.604216,-0.23821715,-0.7283155,-1.3995792,0.91159487,0.44538465,2.6157653,0.9351762,0.17062461,0.00486541,0.31033778,8.245187,8.258032,0.79564506,0.2597297,-0.52257806,-1.2525389,1
8.63999999999986,,,,,8.604216,-0.23821715,-0.7283155,-1.3995792,0.9940959,0.5278285,2.6236365,0.9369286,0.1724541,0.0037581327,0.30399135,8.254987,8.230677,0.77853197,0.18204637,-0.55460036,-1.2597542,1
8.64999999999986,,,,,8.499814,-0.43221298,-0.77502674,-1.251577,1.0766935,0.60999686,2.631336,0.9387086,0.1739852,0.002410038,0.29757324,8.264496,8.202926,0.7613189,0.11648173,-0.581638,-1.2666154,1
8.65999999999986,,,,,8.499814,-0.43221298,-0.77502674,-1.251577,1.1593839,0.6918875,2.6388576,0.9405137,0.17519426,0.0008174605,0.29110238,8.273542,8.175157,0.7430419,0.030888498,-0.61172616,-1.2658774,1
8.66999999999986,,,,,8.499814,-0.43221298,-0.77502674,-1.251577,1.242163,0.7734989,2.6461961,0.94234025,0.17606474,-0.0010206507,0.2845966,8.28218,8.147077,0.7247013,-0.041352626,-0.63713336,-1.2651757,1
8.67999999999986,,,,,8.499814,-0.43221298,-0.77502674,-1.251577,1.3250259,0.85482806,2.6533513,0.9441769,0.17664655,-0.0030640853,0.27805886,8.290353,8.118728,0.70631486,-0.10232463,-0.6585876,-1.2645085,1
8.68999999999986,,,,,8.413689,-0.34691837,-1.0194246,-1.0246092,1.4079682,0.9358727,2.6603224,0.94601375,0.17698202,-0.005279159,0.27149174,8.298013,8.090149,0.68789715,-0.15378511,-0.67670393,-1.2638739,1
8.699999999999859,,,,,8.413689,-0.34691837,-1.0194246,-1.0246092,1.490984,1.0166318,2.6671052,0.94782776,0.1771654,-0.007726059,0.26490688,8.305045,8.061664,0.66865224,-0.1839424,-0.73012763,-1.2521331,1
8.709999999999859,,,,,8.413689,-0.34691837,-1.0194246,-1.0246092,1.574067,1.0971051,2.6736956,0.9495986,0.17727259,-0.010452369,0.25831753,8.311478,8.032994,0.6493917,-0.20938961,-0.77522403,-1.2409685,1
8.719999999999859,,,,,8.413689,-0.34691837,-1.0194246,-1.0246092,1.6572112,1.177291,2.6800933,0.95132214,0.17731203,-0.013414989,0.2517278,8.317264,8.004148,0.6301167,-0.23086223,-0.8132913,-1.2303517,1
8.729999999999858,,,,,8.317714,-0.2109727,-0.88649744,-0.9874075,1.7404099,1.2571875,2.686298,0.9529949,0.17729105,-0.016577495,0.2451409,8.322363,7.975133,0.61082745,-0.24898133,-0.8454247,-1.2202557,1
8.739999999999858,,,,,8.317714,-0.2109727,-0.88649744,-0.9874075,1.8236557,1.3367947,2.6923056,0.9546043,0.17725503,-0.019845994,0.23857428,8.3266945,7.9462924,0.59062374,-0.24305266,-0.8518365,-1.2088298,1
8.749999999999858,,,,,8.317714,-0.2109727,-0.88649744,-0.9874075,1.9069412,1.4161128,2.698111,0.95614135,0.17724104,-0.023144893,0.23204277,8.330307,7.9172997,0.5704004,-0.23804794,-0.85724753,-1.1979644,1
8.759999999999858,,,,,8.317714,-0.2109727,-0.88649744,-0.9874075,1.9902593,1.4951402,2.7037137,0.9576083,0.17724375,-0.026470345,0.22554512,8.333195,7.88816,0.55015254,-0.23382337,-0.8618139,-1.1876323,1
8.769999999999857,,,,,9.0521555,-0.34380797,-0.30823722,-0.65250295,2.0736027,1.5738755,2.7091138,0.959007,0.17725869,-0.02981899,0.21908006,8.335354,7.85888,0.5298753,-0.23025718,-0.8656674,-1.1778072,1
8.779999999999857,,,,,9.0521555,-0.34380797,-0.30823722,-0.65250295,2.1569648,1.6523043,2.7143455,0.96034765,0.17717992,-0.03298469,0.21272558,8.336916,7.826873,0.51643467,-0.24788554,-0.7787272,-1.1520303,1
8.789999999999857,,,,,9.0521555,-0.34380797,-0.30823722,-0.65250295,2.2403386,1.7304125,2.7194426,0.96164095,0.17692511,-0.035804264,0.20654936,8.337735,7.794769,0.50296783,-0.26277822,-0.7053474,-1.1275183,1
8.799999999999857,,,,,9.0521555,-0.34380797,-0.30823722,-0.65250295,2.323717,1.8081994,2.7244048,0.96288955,0.17652221,-0.038332935,0.20053583,8.337868,7.762616,0.4894863,-0.27535936,-0.6434133,-1.1042092,1
8.809999999999857,,,,,9.021979,0.08621029,0.09329794,-0.9275787,2.407094,1.8856648,2.7292323,0.96409523,0.17599449,-0.040617354,0.19467124,8.337361,7.730455,0.4760002,-0.28598782,-0.59113914,-1.0820438,1
8.819999999999856,,,,,9.021979,0.08621029,0.09329794,-0.9275787,2.4904625,1.9628091,2.7339234,0.9652428,0.1754979,-0.042502854,0.18894601,8.336267,7.6984224,0.46223482,-0.22786607,-0.48444366,-1.0744642,1
8.829999999999856,,,,,9.021979,0.08621029,0.09329794,-0.9275787,2.5738175,2.0396333,2.7384772,0.9663224,0.1751586,-0.043869033,0.18334709,8.334678,7.666416,0.44847146,-0.17882122,-0.3943802,-1.0672565,1
8.839999999999856,,,,,9.021979,0.08621029,0.09329794,-0.9275787,2.6571546,2.1161375,2.742893,0.9673422,0.17495388,-0.044798195,0.1778585,8.332685,7.634431,0.4347074,-0.13743536,-0.31835634,-1.0604025,1
8.849999999999856,,,,,8.887672,0.1886783,0.3367382,-0.8977102,2.7404702,2.1923218,2.7471712,0.9683082,0.17486407,-0.04535965,0.17246641,8.330371,7.60246,0.42094082,-0.102512464,-0.25418362,-1.0538847,1
8.859999999999856,,,,,8.887672,0.1886783,0.3367382,-0.8977102,2.8237615,2.268189,2.7513053,0.969222,0.17489521,-0.045511063,0.16718134,8.327844,7.570974,0.40591496,-0.057037372,-0.16206114,-1.0462213,1
8.869999999999855,,,,,8.887672,0.1886783,0.3367382,-0.8977102,2.9070263,2.3437414,2.7552893,0.97008485,0.17505153,-0.045222033,0.16201143,8.325152,7.539489,0.39088443,-0.018664742,-0.084299974,-1.0389336,1
8.879999999999855,,,,,8.887672,0.1886783,0.3367382,-0.8977102,2.990264,2.4189787,2.759123,0.9709009,0.17531466,-0.044562384,0.15694219,8.322374,7.507997,0.37584856,0.013714875,-0.018661106,-1.0320039,1
8.889999999999855,,,,,8.112851,0.38979903,0.2605926,-0.75199515,3.0734737,2.4939013,2.7628062,0.9716731,0.17566878,-0.043590937,0.15196112,8.319576,7.476491,0.36080647,0.041037362,0.036745075,-1.025414,1
8.899999999999855,,,,,8.112851,0.38979903,0.2605926,-0.75199515,3.1566567,2.5685225,2.7663028,0.97238564,0.17618221,-0.042377967,0.14707315,8.317055,7.447708,0.3385157,0.09544916,0.07161848,-1.0119972,1
8.909999999999854,,,,,8.112851,0.38979903,0.2605926,-0.75199515,3.2398148,2.6428554,2.7695763,0.97302604,0.17690803,-0.04098259,0.14228387,8.314606,7.418876,0.31620854,0.14137137,0.10105999,-0.9992389,1
8.919999999999854,,,,,8.112851,0.38979903,0.2605926,-0.75199515,3.322949,2.7168996,2.7726266,0.97360075,0.17781298,-0.039435297,0.13758409,8.312264,7.389966,0.2938752,0.18012872,0.1259153,-0.98710656,1
8.929999999999854,,,,,8.120878,0.37436607,0.33093038,-0.70190895,3.4060605,2.790654,2.7754536,0.97411525,0.17886886,-0.037761647,0.13296574,8.31006,7.360954,0.27150676,0.21283898,0.14689873,-0.97556955,1
8.939999999999854,,,,,8.120878,0.37436607,0.33093038,-0.70190895,3.4891508,2.8641179,2.778057,0.9745755,0.18004183,-0.035957534,0.12843262,8.308011,7.33179,0.24917041,0.23804574,0.17558455,-0.962141,1
8.949999999999854,,,,,8.120878,0.37436607,0.33093038,-0.70190895,3.5722213,2.9372895,2.7804368,0.9749866,0.18130393,-0.034020793,0.12398799,8.306148,7.3024874,0.22678529,0.2593183,0.1997995,-0.94937134,1
8.959999999999853,,,,,8.120878,0.37436607,0.33093038,-0.70190895,3.6552744,3.0101671,2.7825925,0.9753514,0.18264091,-0.03197374,0.11962446,8.304493,7.2730327,0.2043462,0.27727085,0.22024034,-0.93722826,1
8.969999999999853,,,,,8.192462,0.73137206,1.0802091,-0.6449396,3.738312,3.0827496,2.7845232,0.9756726,0.18404068,-0.029835103,0.115335494,8.303064,7.2434154,0.18184818,0.29242176,0.23749535,-0.9256811,1
8.979999999999853,,,,,8.192462,0.73137206,1.0802091,-0.6449396,3.8213365,3.1550336,2.7862322,0.9759336,0.18559813,-0.027313069,0.11118158,8.301879,7.2133613,0.15995161,0.3609517,0.36887792,-0.91190505,1
8.989999999999853,,,,,8.192462,0.73137206,1.0802091,-0.6449396,3.904351,3.2270162,2.7877219,0.9761183,0.18738897,-0.024177872,0.10721094,8.301039,7.183105,0.13797978,0.41878033,0.47977883,-0.89880496,1
8.999999999999853,,,,,8.192462,0.73137206,1.0802091,-0.6449396,3.9873593,3.298695,2.7889912,0.97622913,0.18937746,-0.020527419,0.10340143,8.300645,7.15262,0.11592012,0.46757913,0.57339084,-0.8863477,1
9.009999999999852,,,,,8.241571,0.8154485,1.6607782,-0.6782014,4.070366,3.3700678,2.7900395,0.97626746,0.1915329,-0.016444184,0.09973392,8.300779,7.1218815,0.093759336,0.5087581,0.65240914,-0.87450176,1
9.019999999999852,,,,,8.241571,0.8154485,1.6607782,-0.6782014,4.1533766,3.4411309,2.790868,0.9762313,0.19383907,-0.011766724,0.096233025,8.301526,7.0906835,0.071938,0.5566707,0.80964005,-0.86486924,1
9.029999999999852,,,,,8.241571,0.8154485,1.6607782,-0.6782014,4.236398,3.5118804,2.791478,0.97611463,0.19628182,-0.006370595,0.09291664,8.302999,7.0591936,0.049986076,0.59709597,0.94235545,-0.8557094,1
9.039999999999852,,,,,8.241571,0.8154485,1.6607782,-0.6782014,4.3194394,3.5823133,2.791867,0.97591305,0.19883928,-0.00036974146,0.08976025,8.305309,7.027399,0.027886301,0.6312045,1.0543776,-0.846999,1
9.049999999999851,,,,,8.254416,0.7601982,1.7011405,-0.5346747,4.4025083,3.6524272,2.7920346,0.9756225,0.20149244,0.006139651,0.08674283,8.308556,6.995288,0.005618797,0.65998316,1.1489332,-0.8387161,1
9.059999999999851,,,,,8.254416,0.7601982,1.7011405,-0.5346747,4.4856143,3.7222178,2.7919793,0.97524196,0.20420203,0.013086641,0.08386708,8.312821,6.962799,-0.016720384,0.6756467,1.2350475,-0.8237967,1
9.069999999999851,,,,,8.254416,0.7601982,1.7011405,-0.5346747,4.568768,3.791682,2.7916994,0.97477084,0.20693597,0.020410255,0.08113662,8.318172,6.9299793,-0.0392714,0.68885934,1.3077337,-0.8096094,1
9.07999999999985,,,,,8.254416,0.7601982,1.7011405,-0.5346747,4.6519814,3.8608162,2.7911928,0.9742055,0.20968872,0.028048944,0.07853578,8.324665,6.896827,-0.062057473,0.7000049,1.3690856,-0.79611826,1
9.08999999999985,,,,,8.677684,0.5409353,1.1371115,-0.33667323,4.7352657,3.9296172,2.7904572,0.97354347,0.21245535,0.03595069,0.07605088,8.332347,6.8633413,-0.08510359,0.70940703,1.4208703,-0.78328913,1
9.09999999999985,,,,,8.677684,0.5409353,1.1371115,-0.33667323,4.8186345,3.998073,2.7895088,0.97280955,0.21516421,0.043840095,0.07364913,8.341706,6.8277884,-0.10460027,0.6830917,1.3766416,-0.7613736,1
9.10999999999985,,,,,8.677684,0.5409353,1.1371115,-0.33667323,4.902104,4.066172,2.7883642,0.9720312,0.21775918,0.051496442,0.07130744,8.352323,6.7918963,-0.12441154,0.6608857,1.3393071,-0.7405334,1
9.11999999999985,,,,,8.677684,0.5409353,1.1371115,-0.33667323,4.9856853,4.13391,2.7870197,0.97120893,0.22025721,0.058952864,0.06902744,8.364155,6.7556763,-0.14454865,0.6421475,1.3077922,-0.7207158,1
9.12999999999985,,,,,8.587021,0.47358087,0.7681301,-0.235387,5.069391,4.201285,2.7854724,0.9703433,0.22267269,0.06623735,0.06680986,8.377169,6.719139,-0.16502279,0.62633514,1.2811898,-0.7018707,1
9.13999999999985,,,,,8.587021,0.47358087,0.7681301,-0.235387,5.153231,4.268294,2.783714,0.96945053,0.22500236,0.07322583,0.06463584,8.391178,6.682678,-0.18665138,0.60245854,1.2011982,-0.6789802,1
9.14999999999985,,,,,8.587021,0.47358087,0.7681301,-0.235387,5.237218,4.3349366,2.7817378,0.96854705,0.22724478,0.07982123,0.06249162,8.406258,6.6459193,-0.20862687,0.58231413,1.1336786,-0.657213,1
9.15999999999985,,,,,8.587021,0.47358087,0.7681301,-0.235387,5.32136,4.4012113,2.77954,0.96763283,0.22941366,0.08608178,0.060383808,8.422342,6.608867,-0.23095024,0.5653181,1.0766865,-0.6365138,1
9.169999999999849,,,,,8.531647,-0.09124007,0.3045098,-0.08412647,5.405668,4.467113,2.7771175,0.9667073,0.23152061,0.09205672,0.0583174,8.439375,6.5715284,-0.25362244,0.5509785,1.0285803,-0.6168304,1
9.179999999999849,,,,,8.531647,-0.09124007,0.3045098,-0.08412647,5.49015,4.532641,2.7744641,0.9658395,0.23336962,0.09759116,0.0562924,8.457187,6.534157,-0.2771238,0.45076376,0.91571,-0.59069043,1
9.189999999999849,,,,,8.531647,-0.09124007,0.3045098,-0.08412647,5.5748143,4.5977945,2.771574,0.96508884,0.23480695,0.102565005,0.05431231,8.475798,6.496557,-0.30093515,0.36618853,0.8204323,-0.5658332,1
9.199999999999848,,,,,8.531647,-0.09124007,0.3045098,-0.08412647,5.6596684,4.662571,2.7684445,0.9644404,0.23589845,0.10706335,0.05238462,8.495117,6.458782,-0.32501727,0.2948118,0.74000543,-0.5421957,1
9.209999999999848,,,,,9.195649,-0.5514961,-0.2574592,0.20280227,5.744719,4.7269692,2.765073,0.9638805,0.23669955,0.11115798,0.05051471,8.515072,6.4208755,-0.3493358,0.23457336,0.67211497,-0.5197181,1
9.219999999999848,,,,,9.195649,-0.5514961,-0.2574592,0.20280227,5.8299804,4.790973,2.7614858,0.9634642,0.2370947,0.11467526,0.048707988,8.537189,6.3799205,-0.3681293,0.11192486,0.52719265,-0.4842639,1
9.229999999999848,,,,,9.195649,-0.5514961,-0.2574592,0.20280227,5.915465,4.8545675,2.75771,0.96323675,0.23699549,0.11748022,0.04697377,8.559797,6.3389363,-0.38707653,0.008417139,0.4048596,-0.4505494,1
9.239999999999847,,,,,9.195649,-0.5514961,-0.2574592,0.20280227,6.0011773,4.917752,2.7537441,0.9631715,0.23648123,0.11968069,0.04532,8.58278,6.2979918,-0.4061117,-0.07893775,0.3015954,-0.41848928,1
9.249999999999847,,,,,9.229246,-0.5187241,-0.530499,0.3380653,6.0871215,4.9805274,2.749588,0.9632443,0.2356186,0.12136761,0.04375222,8.606041,6.2571435,-0.4251782,-0.15266089,0.21442835,-0.3880023,1
9.259999999999847,,,,,9.229246,-0.5187241,-0.530499,0.3380653,6.1732993,5.0428944,2.7452426,0.96344346,0.23448303,0.12250913,0.04226286,8.629582,6.2162914,-0.44393808,-0.20978005,0.098267145,-0.35237396,1
9.269999999999847,,,,,9.229246,-0.5187241,-0.530499,0.3380653,6.2597127,5.104854,2.7407093,0.9637578,0.23313718,0.12308346,0.040847562,8.653219,6.1756196,-0.46263415,-0.25798225,0.00021678023,-0.3184939,1
9.279999999999847,,,,,9.229246,-0.5187241,-0.530499,0.3380653,6.3463626,5.166407,2.73599,0.96416855,0.23161542,0.123174995,0.039513428,8.676863,6.135155,-0.481226,-0.2986603,-0.0825457,-0.28627634,1
9.289999999999846,,,,,8.951236,-0.26797876,-0.71919155,0.3050728,6.433249,5.227557,2.7310855,0.96465904,0.22994664,0.12285514,0.038265448,8.700437,6.094923,-0.49967968,-0.33298925,-0.15240403,-0.25563973,1
9.299999999999846,,,,,8.951236,-0.26797876,-0.71919155,0.3050728,6.520367,5.2883124,2.7259853,0.9652012,0.22825424,0.12211616,0.03707331,8.723168,6.056144,-0.52037215,-0.3228613,-0.24080172,-0.22812541,1
9.309999999999846,,,,,8.951236,-0.26797876,-0.71919155,0.3050728,6.6077113,5.348681,2.720679,0.9657722,0.22663707,0.12095518,0.03591196,8.745697,6.017598,-0.54088914,-0.3143081,-0.3154131,-0.2019612,1
9.319999999999846,,,,,8.951236,-0.26797876,-0.71919155,0.3050728,6.69528,5.408665,2.7151685,0.96636546,0.22508432,0.11943452,0.03479105,8.767956,5.9792714,-0.56122047,-0.30708528,-0.37838796,-0.1770809,1
9.329999999999846,,,,,8.976265,-0.054883204,-0.84014344,0.34536096,6.7830696,5.468268,2.7094555,0.9669751,0.22358674,0.11760698,0.033717968,8.78989,5.9411507,-0.581358,-0.30098632,-0.43154138,-0.15342146,1
9.339999999999845,,,,,8.976265,-0.054883204,-0.84014344,0.34536096,6.871077,5.527489,2.7035432,0.9675826,0.2222211,0.115472205,0.03268226,8.811511,5.903119,-0.6010782,-0.26260534,-0.49527067,-0.12894607,1
9.349999999999845,,,,,8.976265,-0.054883204,-0.84014344,0.34536096,6.9592986,5.586331,2.6974347,0.9681727,0.22104783,0.113032095,0.03167621,8.832705,5.8652525,-0.6206018,-0.23020749,-0.5490597,-0.10567168,1
9.359999999999845,,,,,8.976265,-0.054883204,-0.84014344,0.34536096,7.04773,5.644795,2.6911318,0.96874547,0.22003749,0.11033105,0.030708198,8.853423,5.827521,-0.6399338,-0.20286041,-0.5944589,-0.083539374,1
9.369999999999845,,,,,9.362267,0.40179595,-0.92127585,0.3736324,7.1363654,5.702882,2.6846366,0.96930057,0.21916515,0.10740673,0.029784586,8.873626,5.789899,-0.65907943,-0.17977692,-0.6327769,-0.062493112,1
9.379999999999844,,,,,9.362267,0.40179595,-0.92127585,0.3736324,7.225205,5.760585,2.677968,0.969801,0.21858811,0.10426421,0.02888691,8.89412,5.7507443,-0.67464393,-0.089073434,-0.6777731,-0.041092306,1
9.389999999999844,,,,,9.362267,0.40179595,-0.92127585,0.3736324,7.3142457,5.817897,2.6711445,0.97021747,0.21842998,0.100909,0.02800132,8.914,5.7116113,-0.69004816,-0.012514012,-0.71574944,-0.020741653,1
9.399999999999844,,,,,9.362267,0.40179595,-0.92127585,0.3736324,7.403482,5.8748174,2.6641674,0.97055936,0.21862562,0.097371206,0.027137924,8.9332285,5.672431,-0.7053207,0.052106213,-0.7478014,-0.0013895985,1
9.409999999999844,,,,,10.001991,0.2515141,-0.68797624,0.3024076,7.4929075,5.9313455,2.6570382,0.97083443,0.21911989,0.0936764,0.026304534,8.951775,5.6331472,-0.7204871,0.10664935,-0.77485347,0.017012846,1
9.419999999999844,,,,,10.001991,0.2515141,-0.68797624,0.3024076,7.5825214,5.9874663,2.6497862,0.9710541,0.21980447,0.089937344,0.025524562,8.970837,5.591021,-0.72989696,0.12924781,-0.7613037,0.031017251,1
9.429999999999843,,,,,10.001991,0.2515141,-0.68797624,0.3024076,7.6723213,6.043165,2.6424406,0.97122896,0.22059125,0.08624512,0.02481486,8.98915,5.5487127,-0.7392359,0.1483215,-0.7498667,0.04433446,1
9.439999999999843,,,,,10.001991,0.2515141,-0.68797624,0.3024076,7.7623014,6.0984397,2.6350017,0.97136414,0.2214643,0.08259058,0.024171894,9.006725,5.506208,-0.7485196,0.16442005,-0.74021333,0.05699819,1
9.449999999999843,,,,,10.365822,0.04787252,-0.47798887,0.22272712,7.8524537,6.1532884,2.6274703,0.9714637,0.2224101,0.07896609,0.023592273,9.023573,5.463495,-0.7577621,0.17800787,-0.732065,0.06904049,1
9.459999999999843,,,,,10.365822,0.04787252,-0.47798887,0.22272712,7.942774,6.2077007,2.6198626,0.9715432,0.22333533,0.07544723,0.023088245,9.04029,5.419005,-0.76374155,0.15771502,-0.6924421,0.07658195,1
9.469999999999843,,,,,10.365822,0.04787252,-0.47798887,0.22272712,8.033257,6.2616673,2.6121955,0.97161645,0.22416557,0.07209411,0.0226674,9.0562935,5.3743086,-0.7696944,0.14058647,-0.6589983,0.08375333,1
9.479999999999842,,,,,10.365822,0.04787252,-0.47798887,0.22272712,8.123898,6.315186,2.6044688,0.9716843,0.22491573,0.06887999,0.02232044,9.07162,5.3294263,-0.7756223,0.12612909,-0.6307702,0.09057282,1
9.489999999999842,,,,,10.295025,0.33748576,0.3458899,0.14923495,8.214687,6.368255,2.596683,0.9717471,0.22559828,0.065782346,0.022039348,9.086296,5.2843757,-0.7815266,0.11392614,-0.6069444,0.09705767,1
9.499999999999842,,,,,10.295025,0.33748576,0.3458899,0.14923495,8.30562,6.420874,2.588835,0.97175837,0.22632863,0.06310723,0.021875314,9.100268,5.239477,-0.7880426,0.14878158,-0.45834816,0.09961803,1
9.509999999999842,,,,,10.295025,0.33748576,0.3458899,0.14923495,8.39669,6.473043,2.580922,0.97168386,0.22719921,0.061096616,0.021867832,9.113755,5.194411,-0.7945685,0.17820235,-0.33292553,0.102052756,1
9.519999999999841,,,,,10.295025,0.33748576,0.3458899,0.14923495,8.487894,6.5247607,2.5729434,0.97153926,0.22818851,0.059646603,0.021994583,9.126888,5.1491575,-0.8011347,0.20303588,-0.22706255,0.104368,1
9.529999999999841,,,,,10.367438,0.46439013,0.71828854,0.07323322,8.579227,6.5760255,2.5648992,0.9713367,0.22927815,0.058669463,0.02223653,9.139779,5.103703,-0.80776626,0.22399737,-0.13770923,0.10656965,1
9.539999999999841,,,,,10.367438,0.46439013,0.71828854,0.07323322,8.67069,6.626833,2.556791,0.9710655,0.2304979,0.05823915,0.022599556,9.1526165,5.057711,-0.8138428,0.26147702,-0.004214663,0.10493382,1
9.54999999999984,,,,,10.367438,0.46439013,0.71828854,0.07323322,8.7622795,6.6771793,2.5486217,0.97071695,0.23187026,0.05841074,0.023086261,9.165436,5.0114803,-0.8200367,0.29311356,0.10846119,0.10337826,1
9.55999999999984,,,,,10.367438,0.46439013,0.71828854,0.07323322,8.853998,6.7270613,2.5403898,0.9703019,0.23337084,0.0590904,0.023677194,9.178357,4.964989,-0.82637626,0.31981784,0.20356484,0.101899035,1
9.56999999999984,,,,,11.31978,0.13420305,0.7185807,-0.09565148,8.9458475,6.7764773,2.5320933,0.9698288,0.23497893,0.060198884,0.024355851,9.191483,4.918221,-0.83288574,0.34235865,0.28383687,0.100492395,1
9.57999999999984,,,,,11.31978,0.13420305,0.7185807,-0.09565148,9.037835,6.8254027,2.523773,0.9693359,0.23654759,0.06167107,0.025096027,9.206127,4.866844,-0.83118737,0.3098947,0.35163075,0.09086755,1
9.58999999999984,,,,,11.31978,0.13420305,0.7185807,-0.09565148,9.1299715,6.8738127,2.5154684,0.9688548,0.23795943,0.06345255,0.025873516,9.221163,4.8151817,-0.8296948,0.2824947,0.40885293,0.081715,1
9.59999999999984,,,,,11.31978,0.13420305,0.7185807,-0.09565148,9.22226,6.9217043,2.507178,0.968382,0.23923804,0.065496,0.026678216,9.236655,4.7632694,-0.8284026,0.25936872,0.457152,0.073011585,1
9.60999999999984,,,,,11.265856,0.28998324,1.276022,-0.32225302,9.314707,6.9690766,2.4988997,0.96791434,0.24040323,0.06776145,0.027501728,9.252658,4.711137,-0.8273069,0.23985003,0.49791956,0.06473524,1
9.61999999999984,,,,,11.265856,0.28998324,1.276022,-0.32225302,9.407315,7.015928,2.490629,0.96741927,0.24152389,0.07043945,0.028359432,9.269151,4.6590567,-0.8268799,0.24767083,0.6192616,0.04574561,1
9.62999999999984,,,,,11.265856,0.28998324,1.276022,-0.32225302,9.500092,7.0622573,2.4823616,0.966868,0.24265432,0.07368002,0.02925949,9.286323,4.606792,-0.82666683,0.25427487,0.7216803,0.027687818,1
9.639999999999839,,,,,11.265856,0.28998324,1.276022,-0.32225302,9.593044,7.108063,2.474095,0.96626306,0.24379031,0.077397265,0.030186044,9.304287,4.554349,-0.82669085,0.25985098,0.8081267,0.010516121,1
9.649999999999839,,,,,11.316883,0.28138992,1.3366132,-0.5132409,9.686181,7.153344,2.465827,0.96560633,0.24492823,0.08151853,0.031126088,9.323144,4.501735,-0.82697415,0.26455897,0.88109183,-0.005812955,1
9.659999999999838,,,,,11.316883,0.28138992,1.3366132,-0.5132409,9.7795105,7.1980963,2.457557,0.9648986,0.24605891,0.08601142,0.03205245,9.343065,4.4487195,-0.82709664,0.26719934,0.9521258,-0.030712586,1
9.669999999999838,,,,,11.316883,0.28138992,1.3366132,-0.5132409,9.873045,7.2423177,2.4492843,0.96414006,0.2471744,0.090847746,0.032940216,9.364042,4.39555,-0.82752347,0.26942903,1.0120822,-0.054390393,1
9.679999999999838,,,,,11.316883,0.28138992,1.3366132,-0.5132409,9.966795,7.286007,2.4410055,0.9633313,0.24827342,0.09597635,0.03378298,9.38614,4.342236,-0.82827663,0.27131155,1.0626886,-0.07690633,1
9.689999999999838,,,,,11.528952,0.41587135,1.205004,-0.69314116,10.060772,7.3291626,2.4327176,0.96247274,0.24935488,0.101353854,0.03457591,9.409412,4.288788,-0.8293782,0.27290073,1.1054032,-0.09831741,1
9.699999999999838,,,,,11.528952,0.41587135,1.205004,-0.69314116,10.154989,7.3717775,2.4244258,0.96155757,0.25046924,0.1069002,0.035275362,9.434364,4.234209,-0.82904,0.29521918,1.120929,-0.12750557,1
9.709999999999837,,,,,11.528952,0.41587135,1.205004,-0.69314116,10.249463,7.413846,2.4161353,0.96058136,0.2516561,0.11255085,0.035843685,9.460578,4.179492,-0.8291074,0.3140565,1.1340331,-0.15526149,1
9.719999999999837,,,,,11.528952,0.41587135,1.205004,-0.69314116,10.344205,7.455367,2.4078422,0.9595476,0.25289991,0.11829259,0.03628616,9.488067,4.1246247,-0.8296084,0.32995528,1.1450937,-0.18165539,1
9.729999999999837,,,,,11.609272,0.35138342,1.0262895,-0.8261617,10.439228,7.496339,2.3995416,0.9584591,0.25418764,0.12411407,0.036608044,9.516837,4.0695996,-0.8305694,0.34337395,1.1544294,-0.20675415,1
9.739999999999837,,,,,11.609272,0.35138342,1.0262895,-0.8261617,10.534547,7.536757,2.3912323,0.9573348,0.25548422,0.12994018,0.036783814,9.547102,4.014025,-0.8313408,0.34464288,1.1344392,-0.23714866,1
9.749999999999837,,,,,11.609272,0.35138342,1.0262895,-0.8261617,10.630174,7.5766187,2.3829126,0.9561914,0.25676116,0.13571161,0.036792103,9.578641,3.958284,-0.8326132,0.3457125,1.1175666,-0.26605168,1
9.759999999999836,,,,,11.609272,0.35138342,1.0262895,-0.8261617,10.726123,7.615922,2.3745778,0.95502806,0.2580173,0.1414403,0.036643706,9.611429,3.9023767,-0.8343977,0.34661427,1.1033256,-0.29353645,1
9.769999999999836,,,,,11.645123,0.29819658,0.8690642,-0.976023,10.822407,7.654666,2.3662226,0.9538438,0.25925162,0.14713614,0.03634852,9.645445,3.846305,-0.83670497,0.3473744,1.0913059,-0.31967252,1
9.779999999999836,,,,,11.645123,0.29819658,0.8690642,-0.976023,10.919036,7.6928473,2.357843,0.9526534,0.2604427,0.15275128,0.035884816,9.680775,3.7898962,-0.83925086,0.3397202,1.0566419,-0.3518798,1
9.789999999999836,,,,,11.645123,0.29819658,0.8690642,-0.976023,11.016025,7.730464,2.3494353,0.9514699,0.26157314,0.15824898,0.035234127,9.717276,3.7333279,-0.8423328,0.33325836,1.0273842,-0.3825067,1
9.799999999999836,,,,,11.645123,0.29819658,0.8690642,-0.976023,11.113384,7.7675138,2.3409944,0.95028937,0.26264784,0.16365144,0.034409683,9.7549095,3.6766045,-0.84595037,0.32780328,1.0026894,-0.41163072,1
9.809999999999835,,,,,11.245722,0.08004192,0.2252572,-1.0212281,11.211126,7.8039956,2.3325145,0.9491084,0.2636709,0.16897714,0.033423446,9.793642,3.619729,-0.8501048,0.3231983,0.981846,-0.4393256,1
9.819999999999835,,,,,11.245722,0.08004192,0.2252572,-1.0212281,11.309254,7.8399177,2.3239746,0.9479919,0.26457086,0.17399573,0.032227907,9.832067,3.5646622,-0.8579956,0.28526068,0.8638619,-0.46787974,1
9.829999999999835,,,,,11.245722,0.08004192,0.2252572,-1.0212281,11.40777,7.8752885,2.3153534,0.94699544,0.2652917,0.17852646,0.030786283,9.871408,3.5094666,-0.86636156,0.25324023,0.764277,-0.4950327,1
9.839999999999835,,,,,11.245722,0.08004192,0.2252572,-1.0212281,11.506684,7.9101067,2.3066459,0.94610256,0.2658576,0.18264998,0.02912334,9.911557,3.4541566,-0.87515616,0.22621442,0.6802219,-0.5208533,1
9.849999999999834,,,,,11.644762,-0.12587085,-0.046053667,-1.0766264,11.606004,7.944371,2.2978487,0.9452984,0.2662889,0.18643393,0.027260605,9.952418,3.3987436,-0.8843392,0.20340459,0.6092748,-0.54540676,1
9.859999999999834,,,,,11.644762,-0.12587085,-0.046053667,-1.0766264,11.705743,7.9780717,2.2889738,0.944612,0.2665267,0.18983215,0.025196936,9.995384,3.34127,-0.890729,0.15202667,0.50709224,-0.57147384,1
9.869999999999834,,,,,11.644762,-0.12587085,-0.046053667,-1.0766264,11.805913,8.011197,2.280033,0.94406664,0.2665249,0.1928114,0.022932375,10.038901,3.2837281,-0.89742213,0.10866359,0.42084372,-0.5962618,1
9.879999999999834,,,,,11.644762,-0.12587085,-0.046053667,-1.0766264,11.906521,8.043747,2.2710245,0.94364077,0.26631698,0.1954411,0.020486087,10.082876,3.2261465,-0.9043598,0.072065145,0.34804425,-0.61983347,1
9.889999999999834,,,,,12.527354,-0.4687687,-0.32716623,-1.0581673,12.00757,8.075721,2.2619455,0.9433154,0.26593122,0.19777945,0.017874777,10.12723,3.1685474,-0.91149193,0.04117641,0.28659678,-0.64224845,1
9.899999999999833,,,,,12.527354,-0.4687687,-0.32716623,-1.0581673,12.109083,8.107097,2.2528288,0.9431327,0.26526445,0.19976623,0.015112578,10.175275,3.1065915,-0.91188574,-0.0383865,0.19091451,-0.66265774,1
9.909999999999833,,,,,12.527354,-0.4687687,-0.32716623,-1.0581673,12.211078,8.137853,2.2437077,0.9431252,0.26423615,0.20135637,0.01221266,10.223558,3.0447004,-0.9123554,-0.10553773,0.11015041,-0.68206555,1
9.919999999999833,,,,,12.527354,-0.4687687,-0.32716623,-1.0581673,12.313556,8.167991,2.2345817,0.9432637,0.2628988,0.20261486,0.009187341,10.27199,2.9829335,-0.9128202,-0.1622132,0.041978177,-0.70052093,1
9.929999999999833,,,,,13.0672455,-0.5995804,-0.73763263,-0.9874454,12.416518,8.197512,2.2254517,0.94352293,0.26129684,0.20359617,0.00604737,10.3204975,2.921342,-0.913212,-0.21004665,-0.015565408,-0.71807075,1
9.939999999999833,,,,,13.0672455,-0.5995804,-0.73763263,-0.9874454,12.519976,8.226404,2.2163393,0.94392776,0.25942096,0.20418835,0.0027782952,10.371102,2.8573258,-0.9092515,-0.27084783,-0.12814067,-0.731289,1
9.949999999999832,,,,,13.0672455,-0.5995804,-0.73763263,-0.9874454,12.6239395,8.254659,2.2072675,0.9444963,0.25726536,0.20430446,-0.00062893034,10.421606,2.7935905,-0.90506524,-0.3221604,-0.22316356,-0.74385864,1
9.959999999999832,,,,,13.0672455,-0.5995804,-0.73763263,-0.9874454,12.728407,8.282277,2.198239,0.9451981,0.25486952,0.20402002,-0.004158293,10.471901,2.730184,-0.90057224,-0.36546513,-0.30337083,-0.7558115,1
9.969999999999832,,,,,13.405171,-0.5393111,-1.2938559,-0.8002748,12.833376,8.309263,2.1892571,0.94600695,0.252267,0.20339847,-0.0077960817,10.521897,2.6671498,-0.89570475,-0.40201145,-0.37107265,-0.7671778,1
9.979999999999832,,,,,13.405171,-0.5393111,-1.2938559,-0.8002748,12.938849,8.335612,2.1803398,0.94693923,0.24951153,0.20227632,-0.011569462,10.572791,2.6029043,-0.8877284,-0.42349568,-0.5149691,-0.76880187,1
9.989999999999831,,,,,13.405171,-0.5393111,-1.2938559,-0.8002748,13.044831,8.361322,2.1715045,0.94800544,0.24664685,0.20052528,-0.015495255,10.623142,2.5390995,-0.879229,-0.44161853,-0.6364266,-0.7703462,1
9.999999999999831,,,,,13.405171,-0.5393111,-1.2938559,-0.8002748,13.151312,8.386396,2.1627572,0.94917583,0.2436857,0.19824179,-0.019548848,10.672804,2.4757528,-0.8701348,-0.45690584,-0.7389443,-0.7718149,1
10.009999999999831,,,,,12.774702,-0.44253984,-2.1218345,-0.5273742,13.258284,8.410839,2.154104,0.9504247,0.24063902,0.19550714,-0.023709588,10.721652,2.4128838,-0.86038715,-0.46980104,-0.8254756,-0.77321136,1
10.01999999999983,,,,,12.774702,-0.44253984,-2.1218345,-0.5273742,13.365728,8.434671,2.1455262,0.95178515,0.23755097,0.1920656,-0.02801494,10.767308,2.3534446,-0.85503834,-0.46564347,-1.0276477,-0.7611481,1
10.02999999999983,,,,,12.774702,-0.44253984,-2.1218345,-0.5273742,13.473625,8.457911,2.1370056,0.95327723,0.23445553,0.18771558,-0.032487668,10.811868,2.294483,-0.848941,-0.4621161,-1.1982908,-0.74967676,1
10.03999999999983,,,,,12.774702,-0.44253984,-2.1218345,-0.5273742,13.581962,8.480563,2.12855,0.954862,0.23134771,0.18259332,-0.03709242,10.855122,2.2360046,-0.8420248,-0.45912385,-1.3423218,-0.73876834,1
10.04999999999983,,,,,12.468582,-0.027133428,-2.482952,-0.39595476,13.690723,8.502631,2.1201682,0.9565056,0.2282235,0.17681402,-0.04179986,10.896894,2.1780233,-0.8342368,-0.45658624,-1.4638906,-0.72839516,1
10.05999999999983,,,,,12.468582,-0.027133428,-2.482952,-0.39595476,13.7998905,8.524131,2.1118557,0.9581665,0.22523522,0.17032577,-0.04663197,10.936062,2.1219275,-0.8280995,-0.3896717,-1.6228486,-0.7120822,1
10.06999999999983,,,,,12.468582,-0.027133428,-2.482952,-0.39595476,13.90944,8.545072,2.1036093,0.9598075,0.2225029,0.16309075,-0.05160125,10.973439,2.066298,-0.8210592,-0.3331786,-1.757011,-0.69656974,1
10.07999999999983,,,,,12.468582,-0.027133428,-2.482952,-0.39595476,14.019354,8.565458,2.095438,0.961407,0.21998014,0.15521826,-0.05667296,11.008847,2.011103,-0.81311285,-0.28548443,-1.8702455,-0.6818185,1
10.08999999999983,,,,,12.423518,0.38058433,-2.1267228,-0.6124069,14.12961,8.585295,2.0873506,0.9629462,0.2176278,0.14680114,-0.061818495,11.042133,1.9563241,-0.80426717,-0.24521932,-1.9658169,-0.667791,1
10.09999999999983,,,,,12.423518,0.38058433,-2.1267228,-0.6124069,14.240189,8.604588,2.0793538,0.9643521,0.21557562,0.1380513,-0.067032784,11.07306,1.9021436,-0.79493374,-0.14763302,-1.9909526,-0.6650733,1
10.109999999999829,,,,,12.423518,0.38058433,-2.1267228,-0.6124069,14.351064,8.62334,2.0714545,0.9655712,0.21392651,0.12914181,-0.072313875,11.101672,1.8483096,-0.7847878,-0.06526353,-2.0121615,-0.6624889,1
10.119999999999829,,,,,12.423518,0.38058433,-2.1267228,-0.6124069,14.4622135,8.641555,2.0636604,0.9666144,0.21261379,0.12009359,-0.077644564,11.127915,1.7947667,-0.77390015,0.0042616874,-2.0300572,-0.6600313,1
10.129999999999828,,,,,12.427192,0.68587714,-1.8426183,-0.7509257,14.573613,8.659235,2.0559788,0.9674904,0.21158102,0.11092482,-0.08301082,11.151745,1.7414739,-0.76233745,0.062945634,-2.0451572,-0.65769434,1
10.139999999999828,,,,,12.427192,0.68587714,-1.8426183,-0.7509257,14.685239,8.676384,2.0484161,0.96816725,0.21090667,0.10175459,-0.08840698,11.173132,1.6883811,-0.7501344,0.16009897,-2.0136135,-0.66226923,1
10.149999999999828,,,,,12.427192,0.68587714,-1.8426183,-0.7509257,14.797066,8.693004,2.0409782,0.9686237,0.21065165,0.09267861,-0.09382973,11.192063,1.635441,-0.73741037,0.24209964,-1.9869827,-0.66661966,1
10.159999999999828,,,,,12.427192,0.68587714,-1.8426183,-0.7509257,14.90907,8.709094,2.0336695,0.96887946,0.21074803,0.0836801,-0.09927182,11.208545,1.5825922,-0.72425205,0.31131095,-1.9644998,-0.6707565,1
10.169999999999828,,,,,12.7071085,1.015003,-1.540951,-0.63401026,15.021227,8.724656,2.0264943,0.9689506,0.2111382,0.07474527,-0.10472744,11.222578,1.5297881,-0.71073747,0.36972767,-1.9455189,-0.6746905,1
10.179999999999827,,,,,12.7071085,1.015003,-1.540951,-0.63401026,15.133514,8.739684,2.0194683,0.9688161,0.211915,0.065962695,-0.11016194,11.234432,1.4757973,-0.6944213,0.47038817,-1.8824703,-0.6726943,1
10.189999999999827,,,,,12.7071085,1.015003,-1.540951,-0.63401026,15.245907,8.754172,2.0126066,0.96846306,0.21315053,0.057401143,-0.11554458,11.243822,1.4217328,-0.6779114,0.55534595,-1.829247,-0.6707961,1
10.199999999999827,,,,,12.7071085,1.015003,-1.540951,-0.63401026,15.358382,8.768119,2.0059104,0.9679142,0.21477142,0.049023733,-0.120876744,11.250786,1.3675185,-0.6612991,0.627051,-1.7843179,-0.668991,1
10.209999999999827,,,,,13.199157,0.9532174,-0.8752887,-0.9135556,15.470914,8.781522,1.9993807,0.967188,0.21671532,0.040799722,-0.1261601,11.255353,1.3130947,-0.6446655,0.6875704,-1.7463905,-0.66727453,1
10.219999999999827,,,,,13.199157,0.9532174,-0.8752887,-0.9135556,15.583481,8.794369,1.9930393,0.96629167,0.21893851,0.032971814,-0.13137121,11.2576475,1.2562956,-0.6236441,0.72904414,-1.6105664,-0.6793596,1
10.229999999999826,,,,,13.199157,0.9532174,-0.8752887,-0.9135556,15.696059,8.806646,1.9869074,0.9652382,0.22140639,0.02573252,-0.13649707,11.257615,1.199176,-0.6027537,0.7640434,-1.4959214,-0.6908517,1
10.239999999999826,,,,,13.199157,0.9532174,-0.8752887,-0.9135556,15.808626,8.818351,1.9809835,0.9640481,0.22408181,0.018990573,-0.14155316,11.25539,1.1416882,-0.58206147,0.79357857,-1.3991529,-0.70177984,1
10.249999999999826,,,,,14.546116,0.9712908,-0.43560603,-1.268041,15.921161,8.829478,1.9752654,0.962737,0.22693285,0.012669014,-0.14655262,11.251085,1.0837935,-0.5616242,0.81850255,-1.3174735,-0.71217173,1
10.259999999999826,,,,,14.546116,0.9712908,-0.43560603,-1.268041,16.033638,8.839995,1.9698105,0.96130806,0.22996482,0.00688118,-0.15150869,11.2441635,1.0195043,-0.5294263,0.8423725,-1.1799728,-0.73944837,1
10.269999999999825,,,,,14.546116,0.9712908,-0.43560603,-1.268041,16.146038,8.849867,1.9646755,0.95976543,0.23318188,0.0017148798,-0.15643795,11.23522,0.9546778,-0.4976181,0.862515,-1.0639133,-0.7653866,1
10.279999999999825,,,,,14.546116,0.9712908,-0.43560603,-1.268041,16.258339,8.859088,1.9598565,0.95812124,0.23655668,-0.0029241254,-0.16135469,11.224406,0.88926435,-0.4662469,0.8795118,-0.9659518,-0.79005194,1
10.289999999999825,,,,,16.483274,1.2354125,-0.6226636,-1.5990242,16.370522,8.867651,1.9553488,0.9563845,0.24006556,-0.0071153617,-0.1662705,11.211851,0.82322294,-0.43535244,0.8938538,-0.88326573,-0.813507,1
10.299999999999825,,,,,16.483274,1.2354125,-0.6226636,-1.5990242,16.482561,8.875505,1.9512333,0.9545283,0.24377663,-0.011005414,-0.17125082,11.195762,0.7476327,-0.38786137,0.94711995,-0.84267694,-0.85205257,1
10.309999999999825,,,,,16.483274,1.2354125,-0.6226636,-1.5990242,16.59443,8.882601,1.9475894,0.9525265,0.24774139,-0.014712704,-0.17635241,11.177859,0.6712289,-0.34100798,0.99207854,-0.80841464,-0.8887066,1
10.319999999999824,,,,,16.483274,1.2354125,-0.6226636,-1.5990242,16.706114,8.8889265,1.9444106,0.9503866,0.25191846,-0.018261133,-0.18157148,11.158168,0.59395677,-0.29484868,1.0300251,-0.7794922,-0.9235621,1
10.329999999999824,,,,,17.360962,1.5795438,-0.6670793,-1.8097521,16.81759,8.894476,1.9416897,0.94811434,0.25627282,-0.021670813,-0.18690397,11.136704,0.51577485,-0.24943426,1.0620536,-0.7550769,-0.95670724,1
10.339999999999824,,,,,17.360962,1.5795438,-0.6670793,-1.8097521,16.928835,8.899218,1.9394572,0.94567317,0.2609021,-0.024994861,-0.19237158,11.11224,0.43243232,-0.19721648,1.142744,-0.7414351,-0.9985664,1
10.349999999999824,,,,,17.360962,1.5795438,-0.6670793,-1.8097521,17.039827,8.903121,1.9377422,0.9430301,0.26588094,-0.028275864,-0.19799289,11.085895,0.3480196,-0.14591682,1.2108512,-0.72991496,-1.0383716,1
10.359999999999824,,,,,17.360962,1.5795438,-0.6670793,-1.8097521,17.150547,8.906174,1.9365355,0.94019437,0.27115077,-0.031515077,-0.2037591,11.057634,0.26246777,-0.09561855,1.2683374,-0.7201859,-1.0762235,1
10.369999999999823,,,,,15.976192,2.1863976,-0.36835673,-1.945737,17.260975,8.908365,1.9358262,0.93717355,0.27666187,-0.034713406,-0.20966168,11.027429,0.1757274,-0.046397623,1.316859,-0.7119689,-1.112218,1
10.379999999999823,,,,,15.976192,2.1863976,-0.36835673,-1.945737,17.371103,8.909718,1.9355451,0.9339063,0.2826251,-0.03780643,-0.21566597,10.997814,0.09476511,-0.009992838,1.4524839,-0.6585193,-1.153119,1
10.389999999999823,,,,,15.976192,2.1863976,-0.36835673,-1.945737,17.480927,8.910255,1.9356222,0.9303387,0.28920418,-0.040744208,-0.22174266,10.966367,0.012536168,0.02522166,1.5669558,-0.61339396,-1.1920129,1
10.399999999999823,,,,,15.976192,2.1863976,-0.36835673,-1.945737,17.590425,8.909964,1.9360449,0.9264864,0.2962961,-0.043546326,-0.22789082,10.933066,-0.07108748,0.05911208,1.6635729,-0.57529545,-1.2289984,1
10.409999999999823,,,,,17.14174,2.5463843,0.06904517,-2.0882034,17.699583,8.908829,1.9367994,0.92236245,0.30381343,-0.0462288,-0.2341086,10.897896,-0.15620202,0.09155594,1.7451204,-0.5431285,-1.2641689,1
10.419999999999822,,,,,17.14174,2.5463843,0.06904517,-2.0882034,17.808367,8.906803,1.9379177,0.91793674,0.31185654,-0.048672237,-0.24034913,10.858136,-0.24921365,0.13184337,1.8701435,-0.4478121,-1.3046044,1
10.429999999999822,,,,,17.14174,2.5463843,0.06904517,-2.0882034,17.91674,8.903838,1.9394299,0.91318184,0.32050037,-0.050783202,-0.24657363,10.816378,-0.34405303,0.17028932,1.9756622,-0.3673475,-1.3430557,1
10.439999999999822,,,,,17.14174,2.5463843,0.06904517,-2.0882034,18.024687,8.899916,1.9413167,0.90811074,0.3296414,-0.0526082,-0.25279018,10.772651,-0.4408507,0.20672986,2.0647182,-0.29941922,-1.3796203,1
10.449999999999822,,,,,16.83677,2.4433415,0.18334357,-1.9804713,18.132189,8.895015,1.9435571,0.9027341,0.33919123,-0.05418588,-0.25900465,10.7269745,-0.5397006,0.24101292,2.1398797,-0.24207336,-1.4143907,1
10.459999999999821,,,,,16.83677,2.4433415,0.18334357,-1.9804713,18.239227,8.889123,1.9461174,0.8970814,0.3490486,-0.05550094,-0.26519576,10.680211,-0.6388687,0.2706842,2.187262,-0.17581291,-1.4421685,1
10.469999999999821,,,,,16.83677,2.4433415,0.18334357,-1.9804713,18.345787,8.882229,1.9489627,0.891179,0.3591297,-0.05654345,-0.27134427,10.63158,-0.74014735,0.29798058,2.227248,-0.11987848,-1.4685832,1
10.479999999999821,,,,,16.83677,2.4433415,0.18334357,-1.9804713,18.45185,8.874312,1.9520686,0.8850314,0.36938772,-0.05735016,-0.2774565,10.581113,-0.84354895,0.3227941,2.2609916,-0.072660595,-1.4937017,1
10.48999999999982,,,,,15.812586,2.489855,0.34865806,-2.076274,18.5574,8.865351,1.9554096,0.8786425,0.3797825,-0.057951864,-0.2835371,10.528833,-0.9490678,0.34502295,2.2894673,-0.03280011,-1.5175874,1
10.49999999999982,,,,,15.812586,2.489855,0.34865806,-2.076274,18.662436,8.855355,1.9589239,0.87200886,0.3903153,-0.05831721,-0.28957328,10.478045,-1.0501392,0.35741284,2.3207767,0.026615791,-1.5450023,1
10.50999999999982,,,,,15.812586,2.489855,0.34865806,-2.076274,18.766954,8.84434,1.962549,0.86512685,0.4009847,-0.058422353,-0.29555482,10.425602,-1.1531702,0.36718795,2.3471959,0.07677171,-1.571072,1
10.51999999999982,,,,,15.812586,2.489855,0.34865806,-2.076274,18.870941,8.832285,1.9662583,0.85799944,0.41175482,-0.058301125,-0.30148777,10.371531,-1.258141,0.37425503,2.3694885,0.11911112,-1.5958623,1
10.52999999999982,,,,,15.429606,2.0991611,-0.04264303,-1.8983271,18.974379,8.81917,1.9700245,0.85062945,0.42259452,-0.05798197,-0.30737677,10.31585,-1.3650177,0.3785262,2.3882987,0.15485258,-1.6194361,1
10.53999999999982,,,,,15.429606,2.0991611,-0.04264303,-1.8983271,19.07726,8.804991,1.973807,0.8430852,0.43329498,-0.057582557,-0.3132824,10.25996,-1.4711094,0.37751895,2.3431764,0.12407994,-1.6331214,1
10.54999999999982,,,,,15.429606,2.0991611,-0.04264303,-1.8983271,19.179573,8.7897415,1.9775654,0.8354295,0.4436914,-0.057196856,-0.31925353,10.202496,-1.5788792,0.37370452,2.3050957,0.098100424,-1.6461351,1
10.55999999999982,,,,,15.429606,2.0991611,-0.04264303,-1.8983271,19.281303,8.773407,1.9812717,0.82765657,0.4538178,-0.056815498,-0.32527655,10.143437,-1.6881864,0.36709365,2.2729573,0.07616768,-1.6585102,1
10.569999999999819,,,,,15.289154,1.49156,0.031340342,-1.7863368,19.382437,8.755973,1.984898,0.8197613,0.46370256,-0.056430966,-0.33133924,10.082765,-1.7988998,0.35769394,2.2458344,0.057651184,-1.6702781,1
10.579999999999819,,,,,15.289154,1.49156,0.031340342,-1.7863368,19.482958,8.737431,1.9884123,0.8118607,0.4731806,-0.055938426,-0.33741963,10.021039,-1.9098719,0.34474123,2.1282012,0.05366811,-1.6759732,1
10.589999999999819,,,,,15.289154,1.49156,0.031340342,-1.7863368,19.582853,8.717772,1.9917836,0.80405635,0.4821276,-0.05525491,-0.3434995,9.957757,-2.0219686,0.32913193,2.028914,0.05028721,-1.6813887,1
10.599999999999818,,,,,15.289154,1.49156,0.031340342,-1.7863368,19.682108,8.696988,1.994986,0.7963224,0.49061966,-0.0544048,-0.3495737,9.892977,-2.1350565,0.31096825,1.9451107,0.047417585,-1.6865386,1
10.609999999999818,,,,,15.96873,0.7239362,-0.92440426,-1.5151829,19.780708,8.675069,1.9979945,0.7886359,0.49872002,-0.053409204,-0.35563734,9.826749,-2.2490187,0.29033792,1.874377,0.04498182,-1.6914358,1
10.619999999999818,,,,,15.96873,0.7239362,-0.92440426,-1.5151829,19.878624,8.65198,2.0008016,0.7811241,0.50610226,-0.052493706,-0.36186832,9.756097,-2.3688293,0.27067912,1.6948007,-0.10598612,-1.6827872,1
10.629999999999818,,,,,15.96873,0.7239362,-0.92440426,-1.5151829,19.975826,8.62769,2.0034006,0.77389693,0.5125132,-0.05183592,-0.36840925,9.68394,-2.4891832,0.24878798,1.5432564,-0.23344369,-1.6745627,1
10.639999999999818,,,,,15.96873,0.7239362,-0.92440426,-1.5151829,20.0723,8.602195,2.0057704,0.76690966,0.51809937,-0.051389106,-0.37520728,9.610243,-2.609836,0.22492559,1.4153684,-0.3410521,-1.666742,1
10.649999999999817,,,,,16.03369,0.32560918,-1.3820627,-1.3394011,20.168028,8.575494,2.007893,0.76012176,0.5229831,-0.05111489,-0.38221666,9.53498,-2.730583,0.1993199,1.3074435,-0.431902,-1.659305,1
10.659999999999817,,,,,16.03369,0.32560918,-1.3820627,-1.3394011,20.262993,8.547582,2.0097532,0.75358045,0.5270749,-0.051070563,-0.38948572,9.457818,-2.8517308,0.17247209,1.1541729,-0.5799016,-1.6436073,1
10.669999999999817,,,,,16.03369,0.32560918,-1.3820627,-1.3394011,20.357178,8.518459,2.0113382,0.7473231,0.53030854,-0.05129975,-0.39704916,9.379032,-2.9725733,0.14435306,1.0248319,-0.70484966,-1.6286798,1
10.679999999999817,,,,,16.03369,0.32560918,-1.3820627,-1.3394011,20.450567,8.488131,2.012637,0.74130195,0.53281,-0.051755726,-0.40485173,9.298596,-3.09291,0.11522126,0.9156841,-0.8103365,-1.6144848,1
10.689999999999817,,,,,16.189371,-0.11270442,-1.4698209,-0.99882275,20.543146,8.456603,2.01364,0.73547506,0.53468454,-0.05239995,-0.4128459,9.2164955,-3.2125702,0.08530063,0.8235766,-0.89939296,-1.6009864,1
10.699999999999816,,,,,16.189371,-0.11270442,-1.4698209,-0.99882275,20.634888,8.423877,2.0143442,0.72991574,0.53587574,-0.053175934,-0.4209883,9.131916,-3.3325589,0.055452902,0.6774904,-0.9881854,-1.5714381,1
10.709999999999816,,,,,16.189371,-0.11270442,-1.4698209,-0.99882275,20.725777,8.389956,2.014748,0.724684,0.5363444,-0.05403944,-0.42923895,9.045694,-3.4515705,0.02526125,0.5542027,-1.0631598,-1.5433397,1
10.719999999999816,,,,,16.189371,-0.11270442,-1.4698209,-0.99882275,20.815796,8.35485,2.0148492,0.71972734,0.5361954,-0.054978006,-0.4375649,8.957884,-3.5694776,-0.0050412766,0.4501548,-1.1264659,-1.5166202,1
10.729999999999816,,,,,16.58222,-0.47546163,-1.3742787,-0.8888573,20.90493,8.31857,2.0146475,0.71500033,0.53551674,-0.05598161,-0.44593823,8.868536,-3.6861727,-0.03525517,0.3623438,-1.1799189,-1.4912118,1
10.739999999999815,,,,,16.58222,-0.47546163,-1.3742787,-0.8888573,20.993153,8.2811165,2.0141532,0.7105503,0.5342956,-0.056956965,-0.4543136,8.775508,-3.8043654,-0.063548535,0.23168246,-1.2100978,-1.4616542,1
10.749999999999815,,,,,16.58222,-0.47546163,-1.3742787,-0.8888573,21.080437,8.242488,2.0133784,0.706414,0.5325272,-0.057829924,-0.46265343,8.681074,-3.921155,-0.09136924,0.121401995,-1.2355944,-1.4335469,1
10.759999999999815,,,,,16.58222,-0.47546163,-1.3742787,-0.8888573,21.16677,8.202699,2.0123281,0.7025409,0.5302903,-0.058618996,-0.4709466,8.58535,-4.036487,-0.11853325,0.028323194,-1.2571347,-1.4068187,1
10.769999999999815,,,,,17.466759,-0.7349324,-1.1973612,-0.81964606,21.252142,8.161763,2.0110102,0.6988879,0.52765113,-0.059340086,-0.4791839,8.488439,-4.1503158,-0.144885,-0.050237305,-1.275332,-1.3814023,1
10.779999999999815,,,,,17.466759,-0.7349324,-1.1973612,-0.81964606,21.336512,8.119667,2.0094528,0.69548136,0.5246266,-0.059911847,-0.4873209,8.385218,-4.268595,-0.16641156,-0.15698147,-1.2630792,-1.3538368,1
10.789999999999814,,,,,17.466759,-0.7349324,-1.1973612,-0.81964606,21.419844,8.076397,2.007686,0.6923412,0.5212346,-0.060270622,-0.49532214,8.281001,-4.3852477,-0.18679711,-0.24708198,-1.2527552,-1.3276238,1
10.799999999999814,,,,,17.466759,-0.7349324,-1.1973612,-0.81964606,21.50213,8.031967,2.0057213,0.6894245,0.5175271,-0.060452864,-0.5031931,8.175936,-4.5002756,-0.20591424,-0.32313418,-1.2440559,-1.3026972,1
10.809999999999814,,,,,17.72746,-0.88408756,-0.9515009,-0.7333137,21.58336,7.986396,2.0035722,0.68669474,0.51354796,-0.060489424,-0.51093847,8.070155,-4.613683,-0.22365707,-0.3873286,-1.2367253,-1.2789936,1
10.819999999999814,,,,,17.72746,-0.88408756,-0.9515009,-0.7333137,21.663523,7.93969,2.001259,0.68416303,0.5093428,-0.060313758,-0.5185088,7.9621944,-4.727149,-0.23871651,-0.46474,-1.1921883,-1.2522168,1
10.829999999999814,,,,,17.72746,-0.88408756,-0.9515009,-0.7333137,21.742601,7.891858,1.998803,0.681838,0.5049515,-0.059875056,-0.5258653,7.853784,-4.839024,-0.25221777,-0.5300871,-1.1546086,-1.2267541,1
10.839999999999813,,,,,17.72746,-0.88408756,-0.9515009,-0.7333137,21.820595,7.842915,1.9962201,0.67968714,0.5003992,-0.059218515,-0.5330268,7.7450724,-4.949361,-0.26410058,-0.58525026,-1.1228989,-1.2025409,1
10.849999999999813,,,,,18.179495,-0.6657181,-0.5421493,-0.74144024,21.897501,7.792876,1.9935267,0.67768306,0.49570692,-0.05838221,-0.5400095,7.6361885,-5.0582027,-0.2743166,-0.6318163,-1.0961424,-1.1795157,1
10.859999999999813,,,,,18.179495,-0.6657181,-0.5421493,-0.74144024,21.973305,7.741742,1.9907509,0.6757685,0.49104077,-0.057334285,-0.54674226,7.5244713,-5.1683373,-0.28055453,-0.6370228,-1.0097524,-1.1580193,1
10.869999999999813,,,,,18.179495,-0.6657181,-0.5421493,-0.74144024,22.04799,7.6895137,1.9879214,0.673899,0.48653558,-0.056052215,-0.5531725,7.4128046,-5.277089,-0.28509903,-0.6414304,-0.936835,-1.1375778,1
10.879999999999812,,,,,18.179495,-0.6657181,-0.5421493,-0.74144024,22.121561,7.6362047,1.9850545,0.6720697,0.48216513,-0.054577745,-0.5593378,7.301282,-5.3845644,-0.28801078,-0.6451613,-0.87528914,-1.1181391,1
10.889999999999812,,,,,18.505194,-0.5421195,-0.64182043,-0.5670428,22.194017,7.581826,1.9821665,0.67027634,0.47790685,-0.05294578,-0.56526965,7.189983,-5.4908543,-0.28934255,-0.6483193,-0.82334167,-1.0996544,1
10.899999999999812,,,,,18.505194,-0.5421195,-0.64182043,-0.5670428,22.26535,7.526382,1.9792818,0.66850144,0.4737509,-0.05125051,-0.57099706,7.0769844,-5.597919,-0.28738058,-0.63172364,-0.7950561,-1.0735191,1
10.909999999999812,,,,,18.505194,-0.5421195,-0.64182043,-0.5670428,22.335558,7.469872,1.9764241,0.6667333,0.46968782,-0.0495694,-0.5765425,6.9643145,-5.7039013,-0.28390786,-0.61772066,-0.7711789,-1.0486662,1
10.919999999999812,,,,,18.505194,-0.5421195,-0.64182043,-0.5670428,22.404638,7.4123073,1.9736086,0.66497564,0.4657006,-0.04790652,-0.58192235,6.8519955,-5.808837,-0.27896962,-0.6059055,-0.7510228,-1.0250328,1
10.929999999999811,,,,,18.033504,-0.4825385,-0.5289037,-0.45044133,22.472599,7.3536987,1.9708496,0.66323113,0.46177483,-0.046264894,-0.587151,6.74005,-5.912756,-0.2726048,-0.59593594,-0.73400813,-1.0025591,1
10.939999999999811,,,,,18.033504,-0.4825385,-0.5289037,-0.45044133,22.539455,7.294069,1.9681479,0.66150165,0.45794025,-0.04463746,-0.59220946,6.63134,-6.013063,-0.26754835,-0.57821834,-0.70204407,-0.97546655,1
10.949999999999811,,,,,18.033504,-0.4825385,-0.5289037,-0.45044133,22.605228,7.2334404,1.9655033,0.6597902,0.45422035,-0.04301952,-0.5970832,6.5230303,-6.112447,-0.2611861,-0.56326854,-0.67506194,-0.94970345,1
10.95999999999981,,,,,18.033504,-0.4825385,-0.5289037,-0.45044133,22.669918,7.1718225,1.9629287,0.6581002,0.45059547,-0.041415982,-0.6017897,6.4151344,-6.210946,-0.25356558,-0.5506543,-0.65228516,-0.9252045,1
10.96999999999981,,,,,16.847864,-0.583302,-0.24184968,-0.32845643,22.733532,7.1092243,1.9604361,0.6564342,0.447049,-0.039830584,-0.6063441,6.307666,-6.3085947,-0.24472767,-0.54001033,-0.6330585,-0.9019078,1
10.97999999999981,,,,,16.847864,-0.583302,-0.24184968,-0.32845643,22.796108,7.045686,1.9580024,0.6548257,0.44360986,-0.038172998,-0.61070013,6.2076793,-6.3990636,-0.24181832,-0.5467153,-0.5720556,-0.8737683,1
10.98999999999981,,,,,16.847864,-0.583302,-0.24184968,-0.32845643,22.857687,6.9812455,1.9556032,0.65330267,0.44030118,-0.036372356,-0.6148218,6.108149,-6.488846,-0.23785065,-0.55238265,-0.5205666,-0.8470097,1
10.99999999999981,,,,,16.847864,-0.583302,-0.24184968,-0.32845643,22.918272,6.9159107,1.9532489,0.6518588,0.43710202,-0.034457225,-0.6187349,6.0091195,-6.578019,-0.23286739,-0.5571727,-0.4771073,-0.82156414,1
11.00999999999981,,,,,16.767897,-0.8519219,-0.19918753,-0.023713205,22.97787,6.8496876,1.9509492,0.65048844,0.43399462,-0.032451328,-0.6224617,5.910628,-6.6666503,-0.22690581,-0.5612211,-0.4404258,-0.7973672,1
11.01999999999981,,,,,16.767897,-0.8519219,-0.19918753,-0.023713205,23.036488,6.7825823,1.9487114,0.649257,0.43090338,-0.030312514,-0.62599266,5.813177,-6.7543797,-0.22049268,-0.60652626,-0.40279633,-0.75940377,1
11.02999999999981,,,,,16.767897,-0.8519219,-0.19918753,-0.023713205,23.094135,6.7146015,1.9465425,0.64821863,0.4277676,-0.028009819,-0.62931794,5.7163706,-6.841691,-0.21313523,-0.64477104,-0.3710399,-0.7233032,1
11.039999999999809,,,,,16.767897,-0.8519219,-0.19918753,-0.023713205,23.150818,6.64575,1.9444519,0.6473529,0.42459327,-0.025576295,-0.6324546,5.6202826,-6.9286437,-0.20482837,-0.67705566,-0.34423956,-0.6889741,1
11.049999999999809,,,,,16.625412,-0.85227907,-0.1740184,-0.026654992,23.206543,6.57603,1.9424492,0.64664215,0.42138526,-0.023039466,-0.6354177,5.524977,-7.015287,-0.19557007,-0.70430905,-0.32162157,-0.6563296,1
11.059999999999809,,,,,16.625412,-0.85227907,-0.1740184,-0.026654992,23.261324,6.505449,1.9405391,0.6460713,0.41815412,-0.020415448,-0.63821656,5.4313116,-7.1009297,-0.18628156,-0.7273692,-0.29860762,-0.62543124,1
11.069999999999808,,,,,16.625412,-0.85227907,-0.1740184,-0.026654992,23.315172,6.434013,1.9387267,0.6456268,0.41490835,-0.017717836,-0.64085984,5.3385253,-7.1863484,-0.17605552,-0.7468355,-0.27918437,-0.59604913,1
11.079999999999808,,,,,16.625412,-0.85227907,-0.1740184,-0.026654992,23.368097,6.361723,1.9370211,0.6452968,0.41164917,-0.014964178,-0.64335924,5.24666,-7.271578,-0.16489899,-0.76326823,-0.2627914,-0.5681088,1
11.089999999999808,,,,,15.975689,-0.57567894,-0.030740876,-0.26496226,23.420109,6.288582,1.935432,0.645071,0.40837765,-0.012168959,-0.6457252,5.155753,-7.356647,-0.15281987,-0.7771401,-0.24895549,-0.5415395,1
11.099999999999808,,,,,15.975689,-0.57567894,-0.030740876,-0.26496226,23.471235,6.214607,1.9339463,0.644877,0.40520358,-0.00936671,-0.6479614,5.0693455,-7.438263,-0.14417472,-0.74570847,-0.2149426,-0.5279678,1
11.109999999999808,,,,,15.975689,-0.57567894,-0.030740876,-0.26496226,23.521498,6.1398168,1.9325511,0.6446545,0.40221456,-0.0065838434,-0.65007585,4.983872,-7.5197845,-0.13470809,-0.719181,-0.18623163,-0.51506203,1
11.119999999999807,,,,,15.975689,-0.57567894,-0.030740876,-0.26496226,23.570913,6.0642114,1.9312546,0.64441156,0.3993814,-0.0038203285,-0.6520825,4.899312,-7.6012444,-0.124475695,-0.6967925,-0.16199604,-0.50278956,1
11.129999999999807,,,,,15.365752,-0.5282521,0.040034752,-0.30535486,23.619488,5.9877915,1.9300641,0.64415455,0.3966794,-0.0010759452,-0.6539932,4.8156476,-7.682672,-0.11352524,-0.67789704,-0.14153819,-0.4911193,1
11.139999999999807,,,,,15.365752,-0.5282521,0.040034752,-0.30535486,23.667248,5.910573,1.9289654,0.6438781,0.39411852,0.0016574538,-0.65581,4.7360244,-7.760983,-0.10608859,-0.65455025,-0.11323345,-0.48200378,1
11.149999999999807,,,,,15.365752,-0.5282521,0.040034752,-0.30535486,23.714214,5.8325715,1.9279443,0.6435774,0.39170557,0.0043867202,-0.65753603,4.6572294,-7.839315,-0.09804719,-0.63484615,-0.089341134,-0.47333556,1
11.159999999999807,,,,,15.365752,-0.5282521,0.040034752,-0.30535486,23.760395,5.7537866,1.9270064,0.6432582,0.38941717,0.0071105026,-0.6591818,4.579247,-7.917695,-0.08944282,-0.6182162,-0.06917346,-0.46509272,1
11.169999999999806,,,,,14.874526,-0.7019758,-0.20280816,-0.23182666,23.805801,5.674217,1.9261572,0.6429254,0.38723353,0.0098277815,-0.66075605,4.5020638,-7.9961467,-0.080311365,-0.6041809,-0.05214978,-0.45725435,1
11.179999999999806,,,,,14.874526,-0.7019758,-0.20280816,-0.23182666,23.85045,5.5938754,1.9253846,0.64261657,0.38502902,0.012517825,-0.66229737,4.428113,-8.072174,-0.0741221,-0.6194385,-0.07564481,-0.44619256,1
11.189999999999806,,,,,14.874526,-0.7019758,-0.20280816,-0.23182666,23.894365,5.512773,1.9246765,0.6423624,0.38270283,0.0151639385,-0.6638351,4.3549395,-8.148269,-0.06743606,-0.63231546,-0.095476374,-0.43567353,1
11.199999999999806,,,,,14.874526,-0.7019758,-0.20280816,-0.23182666,23.937551,5.4309096,1.9240377,0.6421568,0.3802731,0.017770912,-0.6653639,4.2825594,-8.224411,-0.06023401,-0.64318305,-0.11221573,-0.42567074,1
11.209999999999805,,,,,15.236229,-0.44763246,-0.50781643,-0.03233174,23.980017,5.3482847,1.9234736,0.64199424,0.37775514,0.020342877,-0.6668797,4.210989,-8.300583,-0.052500986,-0.65235496,-0.1263451,-0.41615877,1
11.219999999999805,,,,,15.236229,-0.44763246,-0.50781643,-0.03233174,24.021765,5.264889,1.9230025,0.6418508,0.37514633,0.022727827,-0.6684116,4.1385145,-8.378612,-0.041637518,-0.6204425,-0.18585159,-0.39732426,1
11.229999999999805,,,,,15.236229,-0.44763246,-0.50781643,-0.03233174,24.062792,5.1807127,1.9226427,0.64171064,0.37244546,0.024804194,-0.66998094,4.066844,-8.456579,-0.030199818,-0.5935031,-0.23607579,-0.37941396,1
11.239999999999805,,,,,15.236229,-0.44763246,-0.50781643,-0.03233174,24.103106,5.0957575,1.9224005,0.6415796,0.3696664,0.026616419,-0.6715741,3.9959364,-8.53441,-0.018171106,-0.57076216,-0.2784657,-0.36238256,1
11.249999999999805,,,,,15.589826,-0.41452292,-0.75329685,0.12835762,24.142714,5.010025,1.9222814,0.6414623,0.36682075,0.028202241,-0.67317986,3.9257586,-8.612046,-0.0055376026,-0.5515652,-0.31424323,-0.34618688,1
11.259999999999804,,,,,15.589826,-0.41452292,-0.75329685,0.12835762,24.181616,4.923508,1.9223047,0.64137334,0.36386123,0.02951451,-0.67481256,3.8546698,-8.691222,0.010299206,-0.5302032,-0.38272622,-0.3229009,1
11.269999999999804,,,,,15.589826,-0.41452292,-0.75329685,0.12835762,24.219812,4.836201,1.9224898,0.64132595,0.3607507,0.030516721,-0.676481,3.7842662,-8.770053,0.026799694,-0.51216877,-0.44052783,-0.3007575,1
11.279999999999804,,,,,15.589826,-0.41452292,-0.75329685,0.12835762,24.257307,4.748108,1.9228432,0.641321,0.35751188,0.03125293,-0.6781694,3.7145197,-8.8484535,0.04399483,-0.49694374,-0.48931375,-0.2797007,1
11.289999999999804,,,,,15.888199,-0.3321574,-0.931792,-0.0054571964,24.294106,4.659233,1.9233723,0.64135855,0.35416397,0.03176058,-0.6798649,3.645408,-8.926353,0.061909664,-0.48409075,-0.5304904,-0.25967717,1
11.299999999999804,,,,,15.888199,-0.3321574,-0.931792,-0.0054571964,24.330212,4.569575,1.9240952,0.6414176,0.35069507,0.032009117,-0.68159354,3.5755992,-9.005166,0.08280041,-0.4604027,-0.593081,-0.24720252,1
11.309999999999803,,,,,15.888199,-0.3321574,-0.931792,-0.0054571964,24.365622,4.479132,1.9250308,0.641479,0.34709635,0.031976894,-0.683377,3.5063863,-9.083315,0.104473606,-0.44040632,-0.6459093,-0.23534,1
11.319999999999803,,,,,15.888199,-0.3321574,-0.931792,-0.0054571964,24.400343,4.3879113,1.9261874,0.6415451,0.34338668,0.03170532,-0.6851993,3.4377403,-9.160719,0.12695362,-0.42352685,-0.6904981,-0.22405958,1
11.329999999999803,,,,,15.680199,-0.5562079,-1.1337872,-0.028249715,24.43438,4.2959204,1.9275728,0.6416175,0.33958197,0.031229516,-0.6870471,3.3696387,-9.237309,0.15025935,-0.4092783,-0.72813267,-0.21333268,1
11.339999999999803,,,,,15.680199,-0.5562079,-1.1337872,-0.028249715,24.467743,4.203173,1.9291875,0.6417277,0.33558238,0.030590024,-0.6889356,3.302954,-9.312031,0.17280982,-0.43219596,-0.79139364,-0.20425062,1
11.349999999999802,,,,,15.680199,-0.5562079,-1.1337872,-0.028249715,24.50044,4.1096835,1.9310321,0.641899,0.33130887,0.029820897,-0.6908754,3.2368176,-9.38581,0.1962389,-0.45153776,-0.8447896,-0.19561422,1
11.359999999999802,,,,,15.680199,-0.5562079,-1.1337872,-0.028249715,24.53248,4.0154605,1.9331154,0.64212084,0.32680196,0.028940903,-0.6928504,3.171261,-9.458572,0.22059138,-0.467862,-0.8898591,-0.18740158,1
11.369999999999802,,,,,15.43626,-0.884892,-1.3982775,0.15664396,24.563868,3.9205155,1.9354472,0.64238423,0.3220958,0.027965968,-0.6948472,3.1063142,-9.530255,0.24590167,-0.4816395,-0.92790025,-0.17959195,1
11.379999999999802,,,,,15.43626,-0.884892,-1.3982775,0.15664396,24.594614,3.8248649,1.9380273,0.642742,0.31706172,0.026925746,-0.69686985,3.0430126,-9.599701,0.27026704,-0.5445244,-1.0012537,-0.16309276,1
11.389999999999802,,,,,15.43626,-0.884892,-1.3982775,0.15664396,24.624731,3.7285256,1.940856,0.6432354,0.31159827,0.025843807,-0.6989169,2.980424,-9.667945,0.2956699,-0.5976002,-1.0631697,-0.14740318,1
11.399999999999801,,,,,15.43626,-0.884892,-1.3982775,0.15664396,24.654226,3.6315103,1.9439442,0.6438414,0.305769,0.024724474,-0.7009709,2.918633,-9.734908,0.32217094,-0.6423974,-1.1154314,-0.13248351,1
11.409999999999801,,,,,14.937978,-1.1522177,-1.5788889,-0.1727505,24.683105,3.533832,1.9473033,0.6445405,0.29962757,0.023571512,-0.7030172,2.8577151,-9.800519,0.34981516,-0.6802074,-1.1595441,-0.11829594,1
11.419999999999801,,,,,14.937978,-1.1522177,-1.5788889,-0.1727505,24.711391,3.435515,1.9509243,0.64532036,0.29309848,0.022429043,-0.70508844,2.7996793,-9.862642,0.37454215,-0.7538242,-1.2249339,-0.12096804,1
11.4299999999998,,,,,14.937978,-1.1522177,-1.5788889,-0.1727505,24.739101,3.3365836,1.9547983,0.64616346,0.28612328,0.021333875,-0.70721203,2.7426598,-9.923323,0.40046096,-0.8159598,-1.2801267,-0.12350901,1
11.4399999999998,,,,,14.937978,-1.1522177,-1.5788889,-0.1727505,24.766249,3.2370534,1.9589376,0.64704764,0.27876705,0.020279087,-0.70936924,2.6867585,-9.982487,0.42761478,-0.8684048,-1.326713,-0.1259253,1
11.4499999999998,,,,,14.300432,-1.0066566,-1.834799,-0.3344957,24.792845,3.1369395,1.9633548,0.6479542,0.27108487,0.019258764,-0.71154416,2.6320658,-10.0400715,0.45603144,-0.9126706,-1.3660347,-0.12822302,1
11.4599999999998,,,,,14.300432,-1.0066566,-1.834799,-0.3344957,24.818909,3.0362697,1.9680353,0.6488395,0.2630878,0.01816535,-0.7137645,2.5809376,-10.093627,0.48027316,-0.9273432,-1.439131,-0.13834488,1
11.4699999999998,,,,,14.300432,-1.0066566,-1.834799,-0.3344957,24.84447,2.935073,1.9729645,0.6496656,0.25478676,0.016913608,-0.71605164,2.5310855,-10.145518,0.5057525,-0.93972695,-1.5008284,-0.14797008,1
11.4799999999998,,,,,14.300432,-1.0066566,-1.834799,-0.3344957,24.869537,2.8333657,1.9781548,0.6504262,0.24622458,0.015528914,-0.71838415,2.4825468,-10.195651,0.53247386,-0.9501789,-1.5529044,-0.15712294,1
11.4899999999998,,,,,13.089481,-0.48632017,-1.5784624,-0.78381616,24.894127,2.7311664,1.9836184,0.6511161,0.23743786,0.014032653,-0.720744,2.4353561,-10.243945,0.5604313,-0.95900023,-1.5968593,-0.16582666,1
11.4999999999998,,,,,13.089481,-0.48632017,-1.5784624,-0.78381616,24.91827,2.628513,1.9893138,0.65164137,0.22866683,0.0123725,-0.72313184,2.3934145,-10.286404,0.5788266,-0.88531715,-1.5939808,-0.19615158,1
11.509999999999799,,,,,13.089481,-0.48632017,-1.5784624,-0.78381616,24.942,2.5254443,1.9951985,0.6519271,0.22010514,0.010508688,-0.7255564,2.3526778,-10.327085,0.5982789,-0.82312334,-1.5915531,-0.22498843,1
11.519999999999799,,,,,13.089481,-0.48632017,-1.5784624,-0.78381616,24.965326,2.4219778,2.0012827,0.6519945,0.21171862,0.008474711,-0.72801393,2.313084,-10.36597,0.6187258,-0.7706271,-1.5895056,-0.25241026,1
11.529999999999799,,,,,11.215907,-0.073476456,-1.7946408,-1.0832361,24.988264,2.3181312,2.0075762,0.6518614,0.20347838,0.0062987385,-0.73050076,2.2745824,-10.403039,0.6401102,-0.72631633,-1.5877781,-0.27848655,1
11.539999999999798,,,,,11.215907,-0.073476456,-1.7946408,-1.0832361,25.010847,2.2139487,2.0140018,0.651483,0.19540425,0.003834703,-0.7330553,2.2424865,-10.433229,0.6451496,-0.6245538,-1.6200405,-0.31797582,1
11.549999999999798,,,,,11.215907,-0.073476456,-1.7946408,-1.0832361,25.033115,2.1094723,2.0204816,0.6508217,0.18751031,0.0009682255,-0.7357091,2.2112088,-10.461801,0.65089923,-0.53865945,-1.6472738,-0.35552737,1
11.559999999999798,,,,,11.215907,-0.073476456,-1.7946408,-1.0832361,25.055073,2.0047183,2.0270221,0.6499007,0.17976649,-0.0022361565,-0.73844826,2.1806722,-10.488702,0.6573132,-0.46615854,-1.6702614,-0.39123625,1
11.569999999999798,,,,,10.902647,0.5692296,-1.8180087,-1.3595461,25.076729,1.899704,2.03363,0.6487395,0.17214753,-0.0057240105,-0.74126065,2.1508145,-10.513889,0.6643485,-0.40496212,-1.6896648,-0.4251929,1
11.579999999999798,,,,,10.902647,0.5692296,-1.8180087,-1.3595461,25.098093,1.7944498,2.0402963,0.64728564,0.16479221,-0.009640606,-0.7441571,2.122391,-10.536671,0.6690084,-0.25309414,-1.709714,-0.47104186,1
11.589999999999797,,,,,10.902647,0.5692296,-1.8180087,-1.3595461,25.119177,1.6889765,2.0470119,0.6454973,0.15780939,-0.01409905,-0.74714696,2.0944514,-10.557701,0.67417294,-0.124907345,-1.7266382,-0.51464105,1
11.599999999999797,,,,,10.902647,0.5692296,-1.8180087,-1.3595461,25.139986,1.583302,2.0537815,0.64340323,0.15113916,-0.019013526,-0.75021714,2.0668776,-10.576936,0.67978495,-0.01670884,-1.740923,-0.55610085,1
11.609999999999797,,,,,11.13304,1.0275946,-1.6450258,-1.5502343,25.16052,1.477444,2.060609,0.64102703,0.14473109,-0.024311455,-0.7533552,2.0395734,-10.594336,0.6857917,0.07461843,-1.7529795,-0.5955262,1
11.619999999999797,,,,,11.13304,1.0275946,-1.6450258,-1.5502343,25.18078,1.3714199,2.0675094,0.6383468,0.13871306,-0.0300222,-0.75655043,2.0118797,-10.610196,0.69434834,0.22318792,-1.7362084,-0.64237404,1
11.629999999999797,,,,,11.13304,1.0275946,-1.6450258,-1.5502343,25.200758,1.2652467,2.0744967,0.6353456,0.13318446,-0.03616633,-0.7597945,1.9842495,-10.624129,0.70319027,0.34859055,-1.7220509,-0.68692297,1
11.639999999999796,,,,,11.13304,1.0275946,-1.6450258,-1.5502343,25.22046,1.158944,2.081574,0.63204825,0.12806788,-0.04267513,-0.76307946,1.9565647,-10.636122,0.7122532,0.45443895,-1.7100987,-0.72928596,1
11.649999999999796,,,,,10.573389,1.3224956,-1.5488652,-1.9163686,25.23989,1.052531,2.0887427,0.62847525,0.123298086,-0.049490277,-0.7663974,1.9287298,-10.646159,0.72147804,0.5437824,-1.7000074,-0.7695701,1
11.659999999999796,,,,,10.573389,1.3224956,-1.5488652,-1.9163686,25.259043,0.94602966,2.095977,0.62459666,0.11892606,-0.056623194,-0.7697579,1.9020737,-10.653823,0.72540796,0.6651726,-1.6765219,-0.8258439,1
11.669999999999796,,,,,10.573389,1.3224956,-1.5488652,-1.9163686,25.27793,0.839461,2.103251,0.620385,0.11498983,-0.06408016,-0.7731697,1.8751038,-10.659609,0.72937906,0.7676344,-1.6566957,-0.87935627,1
11.679999999999795,,,,,10.573389,1.3224956,-1.5488652,-1.9163686,25.296541,0.732844,2.1105645,0.61585945,0.11142145,-0.07180826,-0.7766233,1.847735,-10.663509,0.73333347,0.8541197,-1.6399573,-0.9302427,1
11.689999999999795,,,,,10.5116005,1.8564824,-0.7603456,-2.3600202,25.314878,0.62619746,2.1179173,0.6110364,0.10816378,-0.0797625,-0.7801095,1.8199008,-10.665515,0.7372167,0.9271198,-1.6258247,-0.9786323,1
11.699999999999795,,,,,10.5116005,1.8564824,-0.7603456,-2.3600202,25.332937,0.5195403,2.1253052,0.6058907,0.10555011,-0.08787353,-0.78360176,1.7917033,-10.665628,0.7403786,1.0720731,-1.490993,-1.0464174,1
11.709999999999795,,,,,10.5116005,1.8564824,-0.7603456,-2.3600202,25.35071,0.41289112,2.1327238,0.60040206,0.10384366,-0.09608637,-0.78708273,1.7628578,-10.663931,0.7433436,1.1944208,-1.377182,-1.1108761,1
11.719999999999795,,,,,10.5116005,1.8564824,-0.7603456,-2.3600202,25.36819,0.30626765,2.1401708,0.59458923,0.102905504,-0.104384065,-0.7905542,1.7332393,-10.6605,0.7460406,1.297687,-1.281113,-1.172172,1
11.729999999999794,,,,,10.800152,2.017988,-0.21486475,-2.6237886,25.385372,0.19968687,2.1476436,0.58846736,0.10261825,-0.11275136,-0.7940155,1.7027465,-10.655396,0.7484056,1.3848469,-1.2000185,-1.2304599,1
11.739999999999794,,,,,10.800152,2.017988,-0.21486475,-2.6237886,25.402239,0.093166165,2.1551516,0.58204186,0.10309796,-0.12109468,-0.7974534,1.6704295,-10.648492,0.7531256,1.4836609,-1.0465293,-1.2988309,1
11.749999999999794,,,,,10.800152,2.017988,-0.21486475,-2.6237886,25.418776,-0.013277598,2.1627045,0.5753163,0.10443273,-0.12933984,-0.80085826,1.6370202,-10.640025,0.75737876,1.567059,-0.91696846,-1.3638469,1
11.759999999999794,,,,,10.800152,2.017988,-0.21486475,-2.6237886,25.434975,-0.1196293,2.1702974,0.56829953,0.106493,-0.13749939,-0.80423045,1.6024226,-10.630092,0.7611038,1.6374454,-0.8076042,-1.4256725,1
11.769999999999794,,,,,10.661062,2.257758,0.6331265,-2.7131355,25.45082,-0.22587466,2.1779246,0.5609986,0.109168984,-0.14558274,-0.807568,1.5665591,-10.618766,0.764244,1.696849,-0.71528685,-1.4844644,1
11.779999999999793,,,,,10.661062,2.257758,0.6331265,-2.7131355,25.466301,-0.33200088,2.1855736,0.5534504,0.112697385,-0.15348385,-0.81082207,1.5298382,-10.606284,0.76544803,1.7845051,-0.50515723,-1.5447556,1
11.789999999999793,,,,,10.661062,2.257758,0.6331265,-2.7131355,25.481411,-0.43799633,2.1932309,0.5456859,0.11726127,-0.16112114,-0.81394994,1.4916875,-10.592631,0.7659566,1.8584744,-0.3277862,-1.6020883,1
11.799999999999793,,,,,10.661062,2.257758,0.6331265,-2.7131355,25.496132,-0.54384995,2.20089,0.53770155,0.12270193,-0.1685324,-0.81695527,1.4519973,-10.57794,0.7657053,1.9208921,-0.1780657,-1.6566076,1
11.809999999999793,,,,,10.268606,2.2433765,1.3903029,-2.8935056,25.510447,-0.64955187,2.2085426,0.52949387,0.12888451,-0.17574784,-0.8198387,1.4106784,-10.562314,0.76463133,1.9735606,-0.05168413,-1.7084517,1
11.819999999999792,,,,,10.268606,2.2433765,1.3903029,-2.8935056,25.524347,-0.7550963,2.2161622,0.5210959,0.13594417,-0.18262434,-0.8225718,1.3692375,-10.5464525,0.7591335,2.0158944,0.17306964,-1.7666028,1
11.829999999999792,,,,,10.268606,2.2433765,1.3903029,-2.8935056,25.537827,-0.8604787,2.2237222,0.5125327,0.14398284,-0.18905047,-0.8251284,1.3260635,-10.5299225,0.75272226,2.051601,0.36278164,-1.8219001,1
11.839999999999792,,,,,10.268606,2.2433765,1.3903029,-2.8935056,25.550865,-0.965693,2.2312136,0.50379014,0.15284902,-0.19508955,-0.8275086,1.2810715,-10.512861,0.74533445,2.0817158,0.5229161,-1.8744841,1
11.849999999999792,,,,,10.659446,2.1329372,1.4823495,-2.8267581,25.563442,-1.0707344,2.2386255,0.49485555,0.16241343,-0.20079313,-0.82971066,1.2341942,-10.495376,0.7369051,2.107113,0.658085,-1.9244877,1
11.859999999999792,,,,,10.659446,2.1329372,1.4823495,-2.8267581,25.575533,-1.1755959,2.2459648,0.48574015,0.17257288,-0.20614974,-0.83173025,1.1835216,-10.476873,0.7307393,2.1113238,0.7865623,-1.9687623,1
11.869999999999791,,,,,10.659446,2.1329372,1.4823495,-2.8267581,25.587107,-1.2802709,2.253236,0.4764549,0.18323907,-0.21115184,-0.8335628,1.1308023,-10.4581,0.7233594,2.114858,0.8950074,-2.0108645,1
11.879999999999791,,,,,10.659446,2.1329372,1.4823495,-2.8267581,25.598143,-1.3847572,2.2604272,0.4669899,0.19432943,-0.21584287,-0.8352043,1.0760128,-10.43912,0.71470094,2.117823,0.9865439,-2.0509007,1
11.889999999999791,,,,,11.278121,2.0771983,1.3209088,-2.8018363,25.60862,-1.4890528,2.2675252,0.45733723,0.20577292,-0.22025844,-0.83665055,1.0191401,-10.419981,0.7046977,2.1203094,1.0638086,-2.0889723,1
11.89999999999979,,,,,11.278121,2.0771983,1.3209088,-2.8018363,25.6185,-1.5931509,2.2745414,0.44748405,0.21744362,-0.22443904,-0.8379148,0.95676,-10.399592,0.6983149,2.1136656,1.1038641,-2.1239526,1
11.90999999999979,,,,,11.278121,2.0771983,1.3209088,-2.8018363,25.627747,-1.6970444,2.281486,0.43742186,0.22923785,-0.22841723,-0.8390087,0.89219314,-10.37907,0.6903756,2.1080496,1.1376741,-2.1572165,1
11.91999999999979,,,,,11.278121,2.0771983,1.3209088,-2.8018363,25.636337,-1.8007319,2.288343,0.42715138,0.24112873,-0.23220918,-0.8399258,0.82546926,-10.358405,0.68081886,2.1033025,1.1662129,-2.1888483,1
11.92999999999979,,,,,12.281546,1.7833289,1.0791223,-2.6088707,25.644249,-1.904212,2.2950964,0.4166742,0.2530926,-0.23582809,-0.84066033,0.75662243,-10.337583,0.6695838,2.0992892,1.1903023,-2.2189279,1
11.93999999999979,,,,,12.281546,1.7833289,1.0791223,-2.6088707,25.65143,-2.0074737,2.3017669,0.40602058,0.2649733,-0.23923217,-0.8412504,0.67938614,-10.314713,0.66418976,2.0500052,1.1730095,-2.2380624,1
11.94999999999979,,,,,12.281546,1.7833289,1.0791223,-2.6088707,25.657831,-2.1105056,2.3083737,0.39522195,0.27664718,-0.24238981,-0.84173095,0.5999728,-10.291614,0.65688026,2.0084097,1.1584045,-2.256258,1
11.95999999999979,,,,,12.281546,1.7833289,1.0791223,-2.6088707,25.663425,-2.2133052,2.314898,0.38428175,0.2881379,-0.24532503,-0.84209126,0.5184768,-10.2682495,0.64763707,1.9733034,1.1460699,-2.2735608,1
11.96999999999979,,,,,14.038784,1.1411726,0.50627023,-2.297599,25.668194,-2.3158698,2.3213198,0.37320334,0.29946467,-0.24805816,-0.8423214,0.4349858,-10.244585,0.63644063,1.9436737,1.1356524,-2.2900145,1
11.979999999999789,,,,,14.038784,1.1411726,0.50627023,-2.297599,25.672054,-2.4181788,2.3276808,0.36204448,0.31034628,-0.25048658,-0.84253395,0.33737797,-10.217144,0.6354371,1.8183783,1.0376868,-2.290387,1
11.989999999999789,,,,,14.038784,1.1411726,0.50627023,-2.297599,25.674932,-2.520211,2.334021,0.35086256,0.32056502,-0.2525319,-0.8428281,0.23778705,-10.189262,0.63227046,1.7126453,0.9549698,-2.2907407,1
11.999999999999789,,,,,14.038784,1.1411726,0.50627023,-2.297599,25.676805,-2.621962,2.3403194,0.339659,0.33021972,-0.2542429,-0.84317565,0.13640425,-10.160892,0.6270399,1.6234202,0.885128,-2.2910774,1
12.009999999999788,,,,,15.464252,1.0212317,0.48627755,-2.024536,25.677656,-2.723427,2.3465552,0.32843408,0.33939284,-0.2556615,-0.8435513,0.0333932,-10.131987,0.61983263,1.5481261,0.82615715,-2.2913973,1
12.019999999999788,,,,,15.464252,1.0212317,0.48627755,-2.024536,25.677416,-2.8245852,2.3527546,0.31723055,0.3481222,-0.25679708,-0.8439366,-0.08171415,-10.09952,0.61976284,1.4658718,0.7732883,-2.2783024,1
12.029999999999788,,,,,15.464252,1.0212317,0.48627755,-2.024536,25.676018,-2.9254155,2.3589435,0.30608708,0.3564407,-0.25766185,-0.8443158,-0.19831395,-10.066399,0.6176901,1.3964583,0.7286435,-2.26585,1
12.039999999999788,,,,,15.464252,1.0212317,0.48627755,-2.024536,25.673447,-3.025911,2.3651018,0.29499733,0.36440438,-0.2582926,-0.844671,-0.3162787,-10.032601,0.6136957,1.3378806,0.6909434,-2.2540085,1
12.049999999999788,,,,,16.224766,0.5783663,0.52823955,-1.7776142,25.66969,-3.1260653,2.3712108,0.28395545,0.37206015,-0.25872052,-0.8449866,-0.4354977,-9.998108,0.6078499,1.2884477,0.6591078,-2.2427483,1
12.059999999999787,,,,,16.224766,0.5783663,0.52823955,-1.7776142,25.664703,-3.2258623,2.3772748,0.27305284,0.3794042,-0.25882944,-0.84528106,-0.5617913,-9.961176,0.6046697,1.1776717,0.6388783,-2.219924,1
12.069999999999787,,,,,16.224766,0.5783663,0.52823955,-1.7776142,25.65845,-3.3252866,2.3832982,0.26236743,0.38643762,-0.2585318,-0.8455701,-0.6891896,-9.923548,0.59972346,1.0841768,0.62177473,-2.1982195,1
12.079999999999787,,,,,16.224766,0.5783663,0.52823955,-1.7776142,25.650917,-3.4243312,2.3892636,0.25187528,0.39320236,-0.25789076,-0.84583765,-0.8175975,-9.88528,0.59311587,1.005267,0.60731435,-2.1775804,1
12.089999999999787,,,,,16.91348,-0.21210149,0.3970599,-1.3693737,25.642096,-3.5229902,2.395155,0.24155517,0.39973307,-0.2569596,-0.84607005,-0.94693524,-9.846417,0.58493495,0.9386671,0.59508926,-2.1579537,1
12.099999999999786,,,,,16.91348,-0.21210149,0.3970599,-1.3693737,25.631948,-3.6212497,2.4009757,0.23154518,0.40592676,-0.2555485,-0.8463471,-1.0826554,-9.805343,0.57902557,0.759148,0.5644782,-2.119258,1
12.109999999999786,,,,,16.91348,-0.21210149,0.3970599,-1.3693737,25.62044,-3.719096,2.4067304,0.22196263,0.41170678,-0.25351334,-0.8467344,-1.2191652,-9.763839,0.57174873,0.6076334,0.53859323,-2.0824606,1
12.119999999999786,,,,,16.91348,-0.21210149,0.3970599,-1.3693737,25.607565,-3.8165257,2.4124064,0.21276084,0.41713405,-0.2509567,-0.84720176,-1.3563709,-9.7220545,0.56328714,0.47975466,0.51670563,-2.0474694,1
12.129999999999786,,,,,17.404222,-0.5006851,0.25702676,-1.0987238,25.593313,-3.9135363,2.4179926,0.20389858,0.42225888,-0.24796498,-0.847723,-1.4941993,-9.680117,0.55379283,0.37182444,0.49819905,-2.014195,1
12.139999999999786,,,,,17.404222,-0.5006851,0.25702676,-1.0987238,25.57766,-4.010122,2.4234917,0.19540325,0.42704424,-0.24453823,-0.8483218,-1.6366045,-9.636919,0.54594433,0.23569433,0.46077403,-1.9692726,1
12.149999999999785,,,,,17.404222,-0.5006851,0.25702676,-1.0987238,25.56058,-4.106275,2.4289088,0.18729861,0.4314631,-0.24068217,-0.8490165,-1.7795181,-9.593808,0.5373303,0.12080377,0.42915052,-1.9265544,1
12.159999999999785,,,,,17.404222,-0.5006851,0.25702676,-1.0987238,25.542067,-4.201998,2.4342363,0.17954539,0.43556693,-0.23647106,-0.84977895,-1.922879,-9.550903,0.5280978,0.02383858,0.40243027,-1.8859326,1
12.169999999999785,,,,,17.564466,-0.93742394,-0.005415935,-0.7742956,25.52212,-4.2972937,2.4394689,0.17210889,0.4393987,-0.23196733,-0.8505859,-2.0666397,-9.508309,0.51836777,-0.057997957,0.3798539,-1.847304,1
12.179999999999785,,,,,17.564466,-0.93742394,-0.005415935,-0.7742956,25.500725,-4.3921633,2.444606,0.1650456,0.44286644,-0.22711015,-0.8514976,-2.212084,-9.465735,0.5090619,-0.19522719,0.31992978,-1.7946512,1
12.189999999999785,,,,,17.564466,-0.93742394,-0.005415935,-0.7742956,25.477875,-4.4866104,2.4496493,0.15840386,0.4458995,-0.22185567,-0.85256076,-2.3578217,-9.423702,0.4995322,-0.31104052,0.26931763,-1.7445819,1
12.199999999999784,,,,,17.564466,-0.93742394,-0.005415935,-0.7742956,25.453568,-4.58064,2.4545965,0.15214331,0.4485595,-0.21627502,-0.8537387,-2.5037892,-9.3823395,0.4899396,-0.40878034,0.22657162,-1.6969697,1
12.209999999999784,,,,,17.670362,-1.0746921,-0.60381556,-0.47686663,25.4278,-4.6742597,2.4594483,0.14622822,0.45089814,-0.21042791,-0.8550007,-2.6499355,-9.341761,0.48041493,-0.49126768,0.19047004,-1.6516939,1
12.219999999999784,,,,,17.670362,-1.0746921,-0.60381556,-0.47686663,25.400564,-4.7674766,2.4642086,0.14063345,0.45273852,-0.20436849,-0.8564353,-2.7970903,-9.301822,0.4716144,-0.5823883,0.06667777,-1.5940449,1
12.229999999999784,,,,,17.670362,-1.0746921,-0.60381556,-0.47686663,25.371857,-4.860299,2.4688823,0.1353425,0.45394203,-0.19814284,-0.858112,-2.944269,-9.262829,0.4631921,-0.65927005,-0.037828945,-1.5392247,1
12.239999999999783,,,,,17.670362,-1.0746921,-0.60381556,-0.47686663,25.341679,-4.952737,2.4734743,0.13033658,0.45460027,-0.1917864,-0.8599806,-3.0913632,-9.224834,0.45533404,-0.7241393,-0.12605353,-1.4870945,1
12.249999999999783,,,,,17.214447,-0.69004965,-1.1154214,-0.31381187,25.310032,-5.0447993,2.4779916,0.12559801,0.45479053,-0.18532868,-0.8619987,-3.2382822,-9.187886,0.4481933,-0.7788735,-0.20053251,-1.4375224,1
12.259999999999783,,,,,17.214447,-0.69004965,-1.1154214,-0.31381187,25.276934,-5.1365027,2.4824297,0.12102017,0.45441696,-0.17896172,-0.86419314,-3.381156,-9.152942,0.43953297,-0.76514286,-0.3432494,-1.3823816,1
12.269999999999783,,,,,17.214447,-0.69004965,-1.1154214,-0.31381187,25.242409,-5.2278614,2.4867857,0.116520435,0.45340592,-0.17283939,-0.8665855,-3.5236564,-9.118985,0.43184334,-0.75352484,-0.4637055,-1.3299465,1
12.279999999999783,,,,,17.214447,-0.69004965,-1.1154214,-0.31381187,25.206463,-5.3188853,2.4910703,0.11211472,0.45184782,-0.16693294,-0.86913466,-3.665665,-9.085937,0.42525756,-0.7436957,-0.56537294,-1.2800845,1
12.289999999999782,,,,,16.520887,-0.0847465,-1.5401274,-0.073048204,25.169098,-5.409583,2.4952948,0.107814685,0.4498194,-0.16121767,-0.87180567,-3.8070786,-9.053736,0.41988686,-0.7353812,-0.65118235,-1.2326691,1
12.299999999999782,,,,,16.520887,-0.0847465,-1.5401274,-0.073048204,25.130352,-5.499969,2.4994533,0.10351875,0.44725844,-0.15591522,-0.87460387,-3.9421318,-9.023583,0.4120374,-0.63399726,-0.7899179,-1.1757662,1
12.309999999999782,,,,,16.520887,-0.0847465,-1.5401274,-0.073048204,25.09026,-5.5900564,2.5035398,0.09915102,0.44411755,-0.15120144,-0.8775332,-4.0764027,-8.994014,0.40553704,-0.5483997,-0.9069977,-1.1216556,1
12.319999999999782,,,,,16.520887,-0.0847465,-1.5401274,-0.073048204,25.048828,-5.6798506,2.5075686,0.094752505,0.44047683,-0.14699483,-0.8805637,-4.209775,-8.964849,0.40046927,-0.4761317,-1.0058029,-1.0702001,1
12.329999999999782,,,,,15.695646,0.53076065,-1.8679289,0.027728107,25.006067,-5.769355,2.5115542,0.09035595,0.43640438,-0.14322582,-0.88366914,-4.342144,-8.935951,0.3969046,-0.4151188,-1.0891862,-1.0212696,1
12.339999999999781,,,,,15.695646,0.53076065,-1.8679289,0.027728107,24.96202,-5.8585777,2.5154881,0.08587254,0.43186188,-0.14006996,-0.886848,-4.466854,-8.908619,0.39010245,-0.26764977,-1.210738,-0.969795,1
12.349999999999781,,,,,15.695646,0.53076065,-1.8679289,0.027728107,24.916733,-5.947527,2.5193615,0.081234984,0.42682004,-0.13766342,-0.8900966,-4.590403,-8.881197,0.3848386,-0.14316113,-1.3133099,-0.9208462,1
12.359999999999781,,,,,15.695646,0.53076065,-1.8679289,0.027728107,24.870216,-6.0362005,2.5231903,0.07649515,0.42134434,-0.13589792,-0.89339066,-4.712678,-8.853475,0.38115957,-0.03807295,-1.3998668,-0.87429947,1
12.36999999999978,,,,,14.996393,1.0504771,-2.265454,0.17390576,24.822483,-6.1245947,2.5269902,0.07169499,0.41549048,-0.13468112,-0.89670855,-4.833573,-8.825279,0.3791026,0.05063705,-1.47291,-0.83003676,1
12.37999999999978,,,,,14.996393,1.0504771,-2.265454,0.17390576,24.773577,-6.2127104,2.5307562,0.06677718,0.4091748,-0.13413957,-0.9000672,-4.9476643,-8.797737,0.37434724,0.20654579,-1.5965847,-0.78077304,1
12.38999999999978,,,,,14.996393,1.0504771,-2.265454,0.17390576,24.723536,-6.3005466,2.5344827,0.061700333,0.4023302,-0.13436909,-0.90347445,-5.060207,-8.769381,0.37121436,0.33815506,-1.7009512,-0.73392665,1
12.39999999999978,,,,,14.996393,1.0504771,-2.265454,0.17390576,24.672377,-6.3880944,2.5381863,0.056516223,0.39502305,-0.13525519,-0.90689933,-5.171063,-8.740005,0.3697406,0.44925112,-1.7890254,-0.68937904,1
12.40999999999978,,,,,14.949814,1.0362,-2.351119,0.2714949,24.62012,-6.4753423,2.5418832,0.051266886,0.38730988,-0.13670036,-0.91031504,-5.280104,-8.709443,0.3699496,0.54302996,-1.8633512,-0.6470174,1
12.41999999999978,,,,,14.949814,1.0362,-2.351119,0.2714949,24.566784,-6.5622787,2.5455894,0.045994826,0.37920573,-0.13862258,-0.91371167,-5.386874,-8.677661,0.37154436,0.6199645,-1.9394325,-0.6019458,1
12.42999999999978,,,,,14.949814,1.0362,-2.351119,0.2714949,24.51239,-6.6488905,2.54932,0.04073563,0.37072507,-0.140952,-0.917079,-5.4915876,-8.644457,0.3748421,0.684907,-2.0036411,-0.55908585,1
12.43999999999978,,,,,14.949814,1.0362,-2.351119,0.2714949,24.456959,-6.7351623,2.553092,0.035510797,0.3619119,-0.14362805,-0.9203953,-5.594124,-8.609747,0.37984607,0.73972595,-2.0578306,-0.518329,1
12.449999999999779,,,,,14.455542,0.78887504,-2.2517474,0.4227682,24.400515,-6.8210793,2.5569227,0.030337302,0.35280412,-0.14659883,-0.92364246,-5.694369,-8.573466,0.38654828,0.78599864,-2.1035645,-0.47957215,1
12.459999999999779,,,,,14.455542,0.78887504,-2.2517474,0.4227682,24.343096,-6.906632,2.5608113,0.025286194,0.34346583,-0.14973398,-0.926806,-5.7889824,-8.536827,0.3914106,0.7865013,-2.1266513,-0.43529406,1
12.469999999999779,,,,,14.455542,0.78887504,-2.2517474,0.4227682,24.284742,-6.9918103,2.5647566,0.020415133,0.3339511,-0.1529282,-0.9298767,-5.8811975,-8.498641,0.39787436,0.78692496,-2.1461384,-0.39318871,1
12.479999999999778,,,,,14.455542,0.78887504,-2.2517474,0.4227682,24.225481,-7.0765996,2.5687745,0.015717892,0.3242767,-0.15617406,-0.9328478,-5.9709406,-8.458933,0.4059101,0.78728145,-2.1625876,-0.35314947,1
12.489999999999778,,,,,13.490191,0.38084927,-1.735879,0.38914773,24.165335,-7.1609845,2.57288,0.011188307,0.31445736,-0.15946484,-0.93571377,-6.058143,-8.41773,0.41548294,0.78758085,-2.1764727,-0.31507498,1
12.499999999999778,,,,,13.490191,0.38084927,-1.735879,0.38914773,24.104355,-7.2449636,2.5770528,0.0069003897,0.30469882,-0.16263835,-0.93843365,-6.1371017,-8.377923,0.41925865,0.72421306,-2.107733,-0.2805186,1
12.509999999999778,,,,,13.490191,0.38084927,-1.735879,0.38914773,24.042599,-7.3285384,2.5812697,0.0029100112,0.29516903,-0.16556694,-0.9409848,-6.213656,-8.336856,0.42436135,0.6707202,-2.0497184,-0.24765788,1
12.519999999999778,,,,,13.490191,0.38084927,-1.735879,0.38914773,23.98009,-7.411697,2.585544,-0.00081308204,0.28582823,-0.16829096,-0.9433863,-6.2878394,-8.294636,0.43072253,0.62556374,-2.0007553,-0.21640965,1
12.529999999999777,,,,,12.947493,0.18380293,-1.1272912,0.27119824,23.91685,-7.4944277,2.5898883,-0.0042950334,0.27664256,-0.17084408,-0.9456536,-6.3596783,-8.251352,0.43828025,0.5874446,-1.9594313,-0.18669479,1
12.539999999999777,,,,,12.947493,0.18380293,-1.1272912,0.27119824,23.852917,-7.5767293,2.5942924,-0.007508927,0.2678173,-0.17317723,-0.9477474,-6.4264107,-8.208871,0.44267565,0.5245396,-1.8296441,-0.16422585,1
12.549999999999777,,,,,12.947493,0.18380293,-1.1272912,0.27119824,23.78833,-7.658602,2.5987453,-0.010437389,0.25951642,-0.17525409,-0.9496454,-6.491026,-8.16555,0.4480723,0.47143772,-1.7201004,-0.14285947,1
12.559999999999777,,,,,12.947493,0.18380293,-1.1272912,0.27119824,23.723106,-7.740038,2.603257,-0.013114354,0.25165746,-0.17711721,-0.95138013,-6.5536327,-8.121487,0.45438564,0.4266117,-1.6276423,-0.12254153,1
12.569999999999776,,,,,13.016001,0.33699188,-0.41040972,0.33007577,23.657265,-7.8210297,2.6078362,-0.015568888,0.24417026,-0.17880203,-0.95297766,-6.614325,-8.076759,0.46154433,0.38877162,-1.5496049,-0.10322061,1
12.579999999999776,,,,,13.016001,0.33699188,-0.41040972,0.33007577,23.590824,-7.9015703,2.6124933,-0.017782405,0.23726682,-0.1804032,-0.9543799,-6.6735077,-8.031196,0.47004005,0.38072783,-1.3719423,-0.08195864,1
12.589999999999776,,,,,13.016001,0.33699188,-0.41040972,0.33007577,23.5238,-7.981652,2.617239,-0.019739887,0.23111309,-0.18199892,-0.95554775,-6.731023,-7.9850726,0.47920606,0.3739314,-1.2219865,-0.061739985,1
12.599999999999776,,,,,13.016001,0.33699188,-0.41040972,0.33007577,23.456207,-8.06127,2.6220794,-0.021469614,0.22559159,-0.18359366,-0.9565243,-6.7870374,-7.938418,0.48893473,0.36818954,-1.0954165,-0.04251348,1
12.609999999999776,,,,,12.84763,0.0069880257,0.0050563626,0.45324656,23.388062,-8.140419,2.6270192,-0.022996116,0.2206027,-0.18519056,-0.9573443,-6.841696,-7.8912544,0.4991375,0.36333904,-0.98858577,-0.024230413,1
12.619999999999775,,,,,12.84763,0.0069880257,0.0050563626,0.45324656,23.31938,-8.219097,2.6320565,-0.024266345,0.21622173,-0.18667278,-0.95802426,-6.894438,-7.8442235,0.50833344,0.30778173,-0.8336222,-0.0008004755,1
12.629999999999775,,,,,12.84763,0.0069880257,0.0050563626,0.45324656,23.250177,-8.297303,2.637187,-0.025238317,0.21250415,-0.18794842,-0.9585814,-6.946136,-7.7967787,0.51785475,0.26088348,-0.7028268,0.021479752,1
12.639999999999775,,,,,12.84763,0.0069880257,0.0050563626,0.45324656,23.18046,-8.375032,2.6424143,-0.025946861,0.20934528,-0.18905286,-0.9590402,-6.99695,-7.748986,0.5276427,0.22129548,-0.5924303,0.042666666,1
12.649999999999775,,,,,13.613186,-0.013231777,0.23637007,0.46297434,23.110239,-8.452282,2.6477406,-0.026421936,0.20665646,-0.19001554,-0.9594201,-7.0470176,-7.7009,0.5376498,0.18787836,-0.4992511,0.06281394,1
12.659999999999775,,,,,13.613186,-0.013231777,0.23637007,0.46297434,23.039505,-8.529036,2.6532001,-0.02666892,0.20445158,-0.19085595,-0.95971876,-7.099404,-7.6496882,0.5542876,0.15651566,-0.38453066,0.08244992,1
12.669999999999774,,,,,13.613186,-0.013231777,0.23637007,0.46297434,22.96825,-8.605275,2.6588268,-0.026693683,0.20273775,-0.19159067,-0.9599352,-7.1512647,-7.5982585,0.57106704,0.13004205,-0.2877013,0.10112236,1
12.679999999999774,,,,,13.613186,-0.013231777,0.23637007,0.46297434,22.896479,-8.681,2.6646218,-0.026520947,0.2014367,-0.19223832,-0.9600844,-7.2027273,-7.54665,0.58794516,0.10769565,-0.20597291,0.118878536,1
12.689999999999774,,,,,13.968445,0.27155808,0.53596175,0.34008434,22.824196,-8.7562065,2.6705859,-0.026172062,0.2004823,-0.19281434,-0.96017826,-7.2539005,-7.4948945,0.6048865,0.08883345,-0.13699028,0.13576342,1
12.699999999999774,,,,,13.968445,0.27155808,0.53596175,0.34008434,22.751394,-8.830889,2.6767347,-0.025679786,0.19993383,-0.19344115,-0.9601798,-7.306212,-7.4416585,0.6248592,0.117320254,-0.032040566,0.14578952,1
12.709999999999773,,,,,13.968445,0.27155808,0.53596175,0.34008434,22.678072,-8.905037,2.683083,-0.025073364,0.19983587,-0.19421579,-0.9600599,-7.3584447,-7.388274,0.6447999,0.14136489,0.056542218,0.15532362,1
12.719999999999773,,,,,13.968445,0.27155808,0.53596175,0.34008434,22.604225,-8.978651,2.68963,-0.024365254,0.20011705,-0.19511588,-0.959837,-7.4107113,-7.334714,0.66464573,0.1616601,0.13131039,0.1643899,1
12.729999999999773,,,,,14.69988,0.4310592,0.76333064,0.21062456,22.529858,-9.051729,2.6963751,-0.02356625,0.20071708,-0.19612245,-0.9595264,-7.463106,-7.280954,0.68434364,0.17879076,0.19441828,0.17301127,1
12.739999999999773,,,,,14.69988,0.4310592,0.76333064,0.21062456,22.45495,-9.124255,2.703347,-0.022696042,0.20167398,-0.19727956,-0.9591094,-7.5184684,-7.2241445,0.7100029,0.21812165,0.28314465,0.17485698,1
12.749999999999773,,,,,14.69988,0.4310592,0.76333064,0.21062456,22.379488,-9.196212,2.7105742,-0.021773092,0.20301564,-0.19862047,-0.9585709,-7.5741587,-7.167061,0.7353885,0.25132024,0.35803345,0.1766121,1
12.759999999999772,,,,,14.69988,0.4310592,0.76333064,0.21062456,22.303465,-9.267595,2.7180536,-0.020804409,0.20468135,-0.20011592,-0.9579269,-7.630274,-7.109663,0.7604355,0.27934283,0.42124283,0.1782811,1
12.769999999999772,,,,,15.175133,0.7047203,0.6663575,-0.020174928,22.226881,-9.338404,2.7257814,-0.019795986,0.2066198,-0.20174113,-0.957191,-7.686895,-7.0519185,0.78508776,0.30299622,0.47459432,0.17986816,1
12.779999999999772,,,,,15.175133,0.7047203,0.6663575,-0.020174928,22.149717,-9.408624,2.7337735,-0.018810822,0.20875412,-0.20357333,-0.9563595,-7.745937,-6.991914,0.81324875,0.3656446,0.50450486,0.170052,1
12.789999999999772,,,,,15.175133,0.7047203,0.6663575,-0.020174928,22.07196,-9.478241,2.7420444,-0.017903378,0.21102215,-0.2056716,-0.9554298,-7.805607,-6.931449,0.8408941,0.41852355,0.52974904,0.1607175,1
12.799999999999772,,,,,15.175133,0.7047203,0.6663575,-0.020174928,21.993603,-9.547252,2.7505894,-0.017066646,0.21340358,-0.20799227,-0.95441324,-7.865928,-6.870454,0.8679712,0.46315667,0.551055,0.15184106,1
12.809999999999771,,,,,15.00284,1.1938508,0.6848687,-0.27220446,21.914639,-9.615648,2.7594016,-0.016294418,0.21588115,-0.21049851,-0.95331943,-7.9269214,-6.8088717,0.8944336,0.50082994,0.5690373,0.14340018,1
12.819999999999771,,,,,15.00284,1.1938508,0.6848687,-0.27220446,21.835064,-9.68343,2.7684684,-0.015651722,0.21845065,-0.21333915,-0.9521126,-7.987901,-6.7473497,0.918828,0.60891235,0.5871031,0.12300633,1
12.829999999999771,,,,,15.00284,1.1938508,0.6848687,-0.27220446,21.754877,-9.750592,2.7777758,-0.0151942745,0.22110868,-0.21662883,-0.9507627,-8.049564,-6.685072,0.94249594,0.7001396,0.60234815,0.10361323,1
12.83999999999977,,,,,15.00284,1.1938508,0.6848687,-0.27220446,21.67407,-9.817128,2.7873158,-0.01490398,0.22384271,-0.22029297,-0.94928443,-8.111912,-6.621918,0.96536195,0.77714014,0.615213,0.085171744,1
12.84999999999977,,,,,14.101257,1.5773506,0.7131817,-0.6880479,21.592636,-9.883027,2.7970803,-0.0147649115,0.22664191,-0.22426865,-0.9476902,-8.174942,-6.55779,0.98735833,0.8421325,0.6260697,0.067635186,1
12.85999999999977,,,,,14.101257,1.5773506,0.7131817,-0.6880479,21.510588,-9.948299,2.807024,-0.014844083,0.22951685,-0.22863653,-0.9459518,-8.234821,-6.496514,1.0012585,0.9568043,0.639637,0.030553598,1
12.86999999999977,,,,,14.101257,1.5773506,0.7131817,-0.6880479,21.427938,-10.012953,2.817102,-0.015200575,0.23247673,-0.23345527,-0.94404453,-8.295328,-6.434118,1.0141981,1.0535928,0.65108395,-0.004708376,1
12.87999999999977,,,,,14.101257,1.5773506,0.7131817,-0.6880479,21.344679,-10.076977,2.8273044,-0.015809992,0.23551077,-0.23864621,-0.9419823,-8.356451,-6.370486,1.0260942,1.1352869,0.6607431,-0.038240038,1
12.88999999999977,,,,,13.687258,1.8071883,0.55897194,-0.92897016,21.260807,-10.140358,2.83762,-0.016650626,0.2386096,-0.24414302,-0.9397768,-8.418177,-6.305525,1.0368716,1.2042407,0.6688941,-0.07012631,1
12.89999999999977,,,,,13.687258,1.8071883,0.55897194,-0.92897016,21.176323,-10.203093,2.8480217,-0.017768295,0.24171269,-0.24996799,-0.9374291,-8.478655,-6.2411027,1.0432986,1.2982874,0.651712,-0.11227003,1
12.90999999999977,,,,,13.687258,1.8071883,0.55897194,-0.92897016,21.091232,-10.265175,2.8584816,-0.01920194,0.24477257,-0.25613415,-0.934939,-8.539654,-6.175218,1.0485047,1.3776658,0.63720775,-0.15234576,1
12.919999999999769,,,,,13.687258,1.8071883,0.55897194,-0.92897016,21.00553,-10.326591,2.8689873,-0.020923594,0.24779886,-0.2625777,-0.93231374,-8.601121,-6.107785,1.0524257,1.444664,0.6249644,-0.19045493,1
12.929999999999769,,,,,13.192192,1.9967448,0.4834526,-1.0389932,20.919209,-10.387325,2.8795257,-0.022908306,0.25079945,-0.26924488,-0.92955905,-8.66301,-6.0387363,1.0550019,1.5012128,0.6146305,-0.22669409,1
12.939999999999769,,,,,13.192192,1.9967448,0.4834526,-1.0389932,20.832277,-10.447373,2.8900647,-0.025173685,0.25375438,-0.27615666,-0.9266664,-8.72302,-5.970571,1.0525855,1.5785031,0.5941212,-0.26655385,1
12.949999999999768,,,,,13.192192,1.9967448,0.4834526,-1.0389932,20.744745,-10.506731,2.9005728,-0.027733564,0.25664812,-0.28332606,-0.923627,-8.78333,-5.900727,1.0487583,1.643739,0.57681066,-0.30445766,1
12.959999999999768,,,,,13.192192,1.9967448,0.4834526,-1.0389932,20.65661,-10.565382,2.911035,-0.030561524,0.25949234,-0.29070082,-0.9204459,-8.843882,-5.829145,1.0434616,1.6988003,0.56220067,-0.34050155,1
12.969999999999768,,,,,12.891101,2.2802148,0.09655629,-1.2075604,20.567867,-10.623308,2.9214368,-0.033633947,0.26229656,-0.298237,-0.917127,-8.904617,-5.7557797,1.0366406,1.7452742,0.5498706,-0.3747767,1
12.979999999999768,,,,,12.891101,2.2802148,0.09655629,-1.2075604,20.478523,-10.680501,2.9317522,-0.037025183,0.26492885,-0.3059904,-0.9136793,-8.964083,-5.6823106,1.0261974,1.8286935,0.47910756,-0.41564164,1
12.989999999999768,,,,,12.891101,2.2802148,0.09655629,-1.2075604,20.388584,-10.736948,2.9419553,-0.04079617,0.26728576,-0.31400093,-0.91010743,-9.023552,-5.607,1.0141742,1.8991026,0.4193817,-0.45450133,1
12.999999999999767,,,,,12.891101,2.2802148,0.09655629,-1.2075604,20.298052,-10.792633,2.9520302,-0.044908293,0.26941225,-0.3222131,-0.90640897,-9.082905,-5.5297894,1.0005331,1.9585309,0.36897257,-0.49145415,1
13.009999999999767,,,,,13.181105,1.8897859,-0.5239322,-1.0998981,20.206926,-10.847537,2.9619603,-0.0493273,0.271346,-0.33058023,-0.90258133,-9.142033,-5.4506383,0.9852368,2.0086913,0.3264274,-0.5265937,1
13.019999999999767,,,,,13.181105,1.8897859,-0.5239322,-1.0998981,20.115204,-10.901631,2.9717383,-0.054051057,0.27289852,-0.33891356,-0.898744,-9.202148,-5.3676987,0.970087,1.9901062,0.19378407,-0.55472594,1
13.029999999999767,,,,,13.181105,1.8897859,-0.5239322,-1.0998981,20.022884,-10.954886,2.9813566,-0.059075594,0.27392432,-0.34706315,-0.8949978,-9.261764,-5.2827716,0.9532716,1.9744222,0.081827834,-0.5814777,1
13.039999999999766,,,,,13.181105,1.8897859,-0.5239322,-1.0998981,19.929972,-11.007281,2.9907985,-0.06436947,0.27450955,-0.35504526,-0.89131486,-9.320719,-5.1958923,0.9348579,1.9611872,-0.012667643,-0.6069168,1
13.049999999999766,,,,,13.258864,1.6744018,-0.8467897,-1.0565156,19.836472,-11.058798,3.0000484,-0.06990465,0.2747264,-0.3628737,-0.88767093,-9.378877,-5.1070957,0.91490126,1.9500194,-0.09242532,-0.6311075,1
13.059999999999766,,,,,13.258864,1.6744018,-0.8467897,-1.0565156,19.742393,-11.109414,3.009094,-0.075674884,0.2745248,-0.37047634,-0.8841126,-9.436449,-5.015885,0.89390665,1.9069858,-0.21007644,-0.6519824,1
13.069999999999766,,,,,13.258864,1.6744018,-0.8467897,-1.0565156,19.647747,-11.15911,3.0179222,-0.081673376,0.2738692,-0.37779704,-0.8806775,-9.492954,-4.9228415,0.87149864,1.8706682,-0.30938038,-0.671833,1
13.079999999999766,,,,,13.258864,1.6744018,-0.8467897,-1.0565156,19.55254,-11.207866,3.0265193,-0.08787558,0.2728337,-0.38486862,-0.8773336,-9.548263,-4.8280253,0.8477634,1.8400191,-0.39319816,-0.6907094,1
13.089999999999765,,,,,14.099304,1.5035686,-1.2396238,-1.1026851,19.456785,-11.255665,3.034873,-0.09425956,0.27148032,-0.39171895,-0.8740528,-9.602262,-4.7314935,0.82277334,1.8141538,-0.46394503,-0.7086596,1
13.099999999999765,,,,,14.099304,1.5035686,-1.2396238,-1.1026851,19.360481,-11.302459,3.0429938,-0.10085406,0.26973236,-0.39829525,-0.8708802,-9.658178,-4.627079,0.80115557,1.7656552,-0.5849116,-0.7279945,1
13.109999999999765,,,,,14.099304,1.5035686,-1.2396238,-1.1026851,19.263626,-11.3482,3.050892,-0.107681945,0.26753283,-0.40455607,-0.86785,-9.712454,-4.5209737,0.7783838,1.7247263,-0.6870148,-0.7463806,1
13.119999999999765,,,,,14.099304,1.5035686,-1.2396238,-1.1026851,19.166237,-11.392872,3.0585575,-0.114716396,0.2649554,-0.4105385,-0.8649251,-9.764957,-4.413252,0.7545651,1.6901864,-0.7731964,-0.7638645,1
13.129999999999765,,,,,14.263446,1.3693182,-1.3860818,-1.10804,19.068333,-11.436459,3.06598,-0.12193357,0.2620615,-0.416274,-0.8620733,-9.815577,-4.3039823,0.7297899,1.6610383,-0.8459391,-0.7804905,1
13.139999999999764,,,,,14.263446,1.3693182,-1.3860818,-1.10804,18.969929,-11.478939,3.0731544,-0.12932332,0.258859,-0.42173582,-0.8593049,-9.864775,-4.1919475,0.70498157,1.6154921,-0.93016773,-0.79656345,1
13.149999999999764,,,,,14.263446,1.3693182,-1.3860818,-1.10804,18.871044,-11.520292,3.0800767,-0.13687623,0.25535703,-0.4269039,-0.8566267,-9.911866,-4.0784993,0.67937934,1.5770546,-1.0012631,-0.8118477,1
13.159999999999764,,,,,14.263446,1.3693182,-1.3860818,-1.10804,18.7717,-11.560504,3.0867395,-0.14457318,0.25160438,-0.43181252,-0.8540084,-9.956762,-3.9637198,0.65306985,1.5446165,-1.0612732,-0.826382,1
13.169999999999764,,,,,13.833954,1.4650351,-1.3266883,-1.0311807,18.671915,-11.599563,3.093136,-0.1523971,0.2476417,-0.43649077,-0.85142416,-9.999387,-3.8476853,0.62612605,1.5172415,-1.1119258,-0.84020305,1
13.179999999999763,,,,,13.833954,1.4650351,-1.3266883,-1.0311807,18.571724,-11.637472,3.0992496,-0.16032363,0.24351302,-0.44100192,-0.84883076,-10.038459,-3.7339995,0.59648126,1.5090746,-1.1454226,-0.8495744,1
13.189999999999763,,,,,13.833954,1.4650351,-1.3266883,-1.0311807,18.471153,-11.674239,3.105064,-0.16833046,0.23925346,-0.44539785,-0.8461926,-10.075208,-3.619229,0.56631213,1.5021842,-1.1736958,-0.8584859,1
13.199999999999763,,,,,13.833954,1.4650351,-1.3266883,-1.0311807,18.370228,-11.709853,3.110574,-0.17640598,0.2348824,-0.44968605,-0.8434999,-10.109582,-3.503432,0.53564185,1.4963708,-1.19756,-0.8669601,1
13.209999999999763,,,,,14.158522,1.0472349,-1.0587953,-1.1879336,18.26897,-11.744305,3.115775,-0.18453991,0.23041603,-0.45387292,-0.84074455,-10.141537,-3.3866668,0.5044896,1.4914665,-1.2177026,-0.8750185,1
13.219999999999763,,,,,14.158522,1.0472349,-1.0587953,-1.1879336,18.1674,-11.777571,3.12067,-0.19265248,0.22599849,-0.45783973,-0.83796835,-10.171738,-3.2662358,0.47443426,1.4221911,-1.192896,-0.89037335,1
13.229999999999762,,,,,14.158522,1.0472349,-1.0587953,-1.1879336,18.065544,-11.809628,3.125262,-0.20068309,0.22174819,-0.46149597,-0.83520895,-10.199471,-3.144968,0.44394127,1.3637178,-1.1719621,-0.90497476,1
13.239999999999762,,,,,14.158522,1.0472349,-1.0587953,-1.1879336,17.96342,-11.840468,3.1295474,-0.20864873,0.21764259,-0.46488428,-0.8324533,-10.224794,-3.0229526,0.4130488,1.3143623,-1.1542966,-0.91885966,1
13.249999999999762,,,,,14.011066,0.89261115,-0.9665785,-1.2306391,17.861057,-11.870085,3.133522,-0.21656315,0.21366216,-0.46804038,-0.8296901,-10.247751,-2.9002697,0.38179007,1.2727029,-1.1393893,-0.9320632,1
13.259999999999762,,,,,14.011066,0.89261115,-0.9665785,-1.2306391,17.758478,-11.898478,3.1371787,-0.22441144,0.20983669,-0.4709501,-0.8269296,-10.268169,-2.7782767,0.34950268,1.2134335,-1.1124153,-0.9467144,1
13.269999999999762,,,,,14.011066,0.89261115,-0.9665785,-1.2306391,17.655703,-11.925649,3.140511,-0.2321829,0.20618968,-0.47360468,-0.8241808,-10.286347,-2.6557693,0.31691685,1.1634055,-1.089652,-0.9606466,1
13.279999999999761,,,,,14.011066,0.89261115,-0.9665785,-1.2306391,17.552757,-11.951592,3.143516,-0.2398932,0.20269662,-0.47603878,-0.8214322,-10.302344,-2.5328166,0.28406507,1.1211782,-1.070442,-0.97389525,1
13.289999999999761,,,,,14.119425,0.92370677,-1.2352991,-1.1784343,17.449661,-11.976304,3.1461914,-0.24755503,0.19933647,-0.4782815,-0.8186738,-10.316208,-2.4094799,0.2509759,1.0855348,-1.0542308,-0.9864937,1
13.299999999999761,,,,,14.119425,0.92370677,-1.2352991,-1.1784343,17.346437,-11.999776,3.1485374,-0.25522718,0.1959968,-0.48034143,-0.8159136,-10.328067,-2.2848592,0.2181789,1.060273,-1.0824586,-0.9959123,1
13.30999999999976,,,,,14.119425,0.92370677,-1.2352991,-1.1784343,17.243107,-12.022,3.1505544,-0.26295537,0.19258676,-0.48222497,-0.81315583,-10.3378105,-2.1599684,0.18521526,1.0389538,-1.1062862,-1.0048687,1
13.31999999999976,,,,,14.119425,0.92370677,-1.2352991,-1.1784343,17.139688,-12.0429735,3.1522412,-0.27073127,0.18911846,-0.48395166,-0.81038755,-10.345425,-2.0348663,0.1521295,1.0209616,-1.1263998,-1.0133857,1
13.32999999999976,,,,,13.987073,0.74961424,-1.382629,-1.0571718,17.036205,-12.0626955,3.1535969,-0.27854735,0.18560188,-0.485538,-0.80759805,-10.350901,-1.9096088,0.11896003,1.0057777,-1.1433777,-1.0214847,1
13.33999999999976,,,,,13.987073,0.74961424,-1.382629,-1.0571718,16.932678,-12.08117,3.1546173,-0.28640056,0.18201001,-0.48692808,-0.80482715,-10.354199,-1.7854275,0.085137025,0.9658029,-1.1806633,-1.0232359,1
13.34999999999976,,,,,13.987073,0.74961424,-1.382629,-1.0571718,16.829128,-12.098403,3.1552997,-0.29428646,0.17832153,-0.48807842,-0.8021066,-10.355367,-1.6612166,0.051331107,0.93206614,-1.2121383,-1.0249012,1
13.35999999999976,,,,,13.987073,0.74961424,-1.382629,-1.0571718,16.725578,-12.114394,3.1556444,-0.30219698,0.17455138,-0.48901892,-0.79941726,-10.354398,-1.5370455,0.017605325,0.903594,-1.2387083,-1.0264847,1
13.36999999999976,,,,,13.722275,0.5249852,-1.5575371,-0.86338407,16.622051,-12.129145,3.155652,-0.31012484,0.170712,-0.48977485,-0.7967429,-10.351293,-1.4129791,-0.015986484,0.8795646,-1.2611375,-1.0279907,1
13.37999999999976,,,,,13.722275,0.5249852,-1.5575371,-0.86338407,16.518562,-12.142666,3.155319,-0.31806365,0.16677438,-0.49027824,-0.7941333,-10.346149,-1.2914274,-0.05061679,0.82424396,-1.3073195,-1.0199136,1
13.389999999999759,,,,,13.722275,0.5249852,-1.5575371,-0.86338407,16.415134,-12.154974,3.154641,-0.3260056,0.16271532,-0.49047655,-0.79162836,-10.338919,-1.1701193,-0.08498504,0.7775557,-1.3463058,-1.0122328,1
13.399999999999759,,,,,13.722275,0.5249852,-1.5575371,-0.86338407,16.31179,-12.16607,3.1536205,-0.3339428,0.15855184,-0.4904103,-0.78920203,-10.329608,-1.0491332,-0.119011946,0.7381526,-1.3792177,-1.0049287,1
13.409999999999759,,,,,13.562908,0.08676139,-1.5498704,-0.7628975,16.208551,-12.17596,3.1522617,-0.34186855,0.15429819,-0.49011374,-0.7868324,-10.318231,-0.9285414,-0.15263058,0.7048976,-1.4070016,-0.9979831,1
13.419999999999758,,,,,13.562908,0.08676139,-1.5498704,-0.7628975,16.105434,-12.18465,3.1505656,-0.349739,0.15002312,-0.48948118,-0.7845908,-10.30496,-0.80980945,-0.18653187,0.60849607,-1.4292147,-0.9864474,1
13.429999999999758,,,,,13.562908,0.08676139,-1.5498704,-0.7628975,16.002457,-12.192158,3.148533,-0.35751915,0.14578258,-0.48843196,-0.7825347,-10.289729,-0.69161755,-0.21987425,0.5271301,-1.447975,-0.9754777,1
13.439999999999758,,,,,13.562908,0.08676139,-1.5498704,-0.7628975,15.899643,-12.198484,3.1461701,-0.36521524,0.14156996,-0.48702618,-0.780628,-10.272609,-0.574044,-0.25256625,0.45845476,-1.4638189,-0.96504635,1
13.449999999999758,,,,,13.709148,-0.24480656,-1.4253466,-0.65159446,15.79701,-12.20364,3.1434839,-0.3728324,0.13737932,-0.48531437,-0.77884,-10.253663,-0.45715892,-0.28453133,0.40049058,-1.4771996,-0.9551268,1
13.459999999999757,,,,,13.709148,-0.24480656,-1.4253466,-0.65159446,15.694576,-12.207624,3.1404858,-0.38032192,0.13328743,-0.48325673,-0.77720755,-10.232736,-0.33977434,-0.31498054,0.29987627,-1.4690477,-0.9402324,1
13.469999999999757,,,,,13.709148,-0.24480656,-1.4253466,-0.65159446,15.5923605,-12.210438,3.1371872,-0.38764536,0.12935504,-0.4808254,-0.7757605,-10.210137,-0.22321273,-0.34455013,0.21495095,-1.4621788,-0.92606884,1
13.479999999999757,,,,,13.709148,-0.24480656,-1.4253466,-0.65159446,15.490378,-12.2120905,3.1335976,-0.39481997,0.12555544,-0.47807556,-0.77446485,-10.185976,-0.10753043,-0.37316942,0.14326833,-1.4563903,-0.91260034,1
13.489999999999757,,,,,13.629681,-0.4243038,-1.1911354,-0.45201078,15.388646,-12.212592,3.129727,-0.40186018,0.12186582,-0.47505355,-0.7732918,-10.160348,0.007222282,-0.40078005,0.082763284,-1.4515122,-0.8997927,1
13.499999999999757,,,,,13.629681,-0.4243038,-1.1911354,-0.45201078,15.287176,-12.211953,3.1255836,-0.40870616,0.11835658,-0.47178385,-0.77224994,-10.1335,0.12034239,-0.42774943,0.0037304629,-1.4108603,-0.87781984,1
13.509999999999756,,,,,13.629681,-0.4243038,-1.1911354,-0.45201078,15.185981,-12.210189,3.121176,-0.41530988,0.11508151,-0.46828982,-0.77134794,-10.105406,0.23246741,-0.45363328,-0.06298283,-1.3765571,-0.85692525,1
13.519999999999756,,,,,13.629681,-0.4243038,-1.1911354,-0.45201078,15.0850725,-12.207308,3.116515,-0.42169836,0.11200023,-0.46460545,-0.77056295,-10.076181,0.3435766,-0.47840393,-0.11929692,-1.3476108,-0.837056,1
13.529999999999756,,,,,13.700579,-0.58992124,-0.9482492,-0.35700387,14.984461,-12.203321,3.1116116,-0.4278946,0.109078616,-0.460759,-0.76987547,-10.04593,0.453651,-0.5020395,-0.16683309,-1.3231846,-0.8181617,1
13.539999999999756,,,,,13.700579,-0.58992124,-0.9482492,-0.35700387,14.884157,-12.198236,3.10648,-0.43385735,0.10638584,-0.45676646,-0.76929396,-10.014583,0.56324273,-0.5241306,-0.23276371,-1.2646819,-0.7955326,1
13.549999999999756,,,,,13.700579,-0.58992124,-0.9482492,-0.35700387,14.784172,-12.1920595,3.101133,-0.43955514,0.10397511,-0.45264283,-0.7688263,-9.982421,0.6717797,-0.54505736,-0.28841957,-1.2153095,-0.7740139,1
13.559999999999755,,,,,13.700579,-0.58992124,-0.9482492,-0.35700387,14.684511,-12.184804,3.095583,-0.44501904,0.10179834,-0.4484086,-0.7684555,-9.949564,0.7792668,-0.5648169,-0.3354018,-1.1736424,-0.75355107,1
13.569999999999755,,,,,13.80472,-0.7450117,-0.46188858,-0.29401615,14.585182,-12.176478,3.089841,-0.45027542,0.099815,-0.4440806,-0.76816696,-9.916112,0.8857077,-0.5834082,-0.37506217,-1.1384777,-0.7340924,1
13.579999999999755,,,,,13.80472,-0.7450117,-0.46188858,-0.29401615,14.486192,-12.1670885,3.083922,-0.4552486,0.098165095,-0.43971422,-0.76796013,-9.881905,0.9919124,-0.6002231,-0.43269047,-1.0329427,-0.7124977,1
13.589999999999755,,,,,13.80472,-0.7450117,-0.46188858,-0.29401615,14.387545,-12.156642,3.0778403,-0.45988122,0.09695798,-0.43535608,-0.7678363,-9.847339,1.0971168,-0.615897,-0.4813428,-0.9438709,-0.69196266,1
13.599999999999755,,,,,13.80472,-0.7450117,-0.46188858,-0.29401615,14.289246,-12.145149,3.0716076,-0.46421835,0.096120864,-0.43100667,-0.7677854,-9.812553,1.2013729,-0.6304656,-0.52241683,-0.86869407,-0.67243534,1
13.609999999999754,,,,,13.02762,-0.8431549,-0.124014154,-0.113838166,14.191294,-12.132618,3.0652347,-0.46829796,0.09559232,-0.42666587,-0.7677984,-9.777666,1.3047254,-0.6439604,-0.55709285,-0.80524457,-0.65386623,1
13.619999999999754,,,,,13.02762,-0.8431549,-0.124014154,-0.113838166,14.093681,-12.119086,3.058708,-0.47207376,0.09543338,-0.4223687,-0.76788193,-9.744749,1.401448,-0.6612338,-0.6016465,-0.6989985,-0.62736696,1
13.629999999999754,,,,,13.02762,-0.8431549,-0.124014154,-0.113838166,13.996398,-12.104592,3.0520132,-0.47550958,0.09568887,-0.41814393,-0.7680424,-9.711958,1.4974198,-0.67756635,-0.639263,-0.609325,-0.60216796,1
13.639999999999754,,,,,13.02762,-0.8431549,-0.124014154,-0.113838166,13.899441,-12.089141,3.0451596,-0.4786483,0.09628931,-0.41398212,-0.7682721,-9.679407,1.5927026,-0.6930019,-0.67102164,-0.5336392,-0.57820547,1
13.649999999999753,,,,,12.78404,-0.70323753,0.0063111596,-0.044880424,13.802809,-12.0727415,3.038156,-0.4815262,0.09717616,-0.4098749,-0.76856416,-9.647193,1.6873487,-0.70757884,-0.6978346,-0.4697585,-0.55541885,1
13.659999999999753,,,,,12.78404,-0.70323753,0.0063111596,-0.044880424,13.706493,-12.055406,3.0310028,-0.48415172,0.09830979,-0.40588382,-0.7688886,-9.615989,1.779647,-0.7229112,-0.69864386,-0.39552692,-0.53036654,1
13.669999999999753,,,,,12.78404,-0.70323753,0.0063111596,-0.044880424,13.610488,-12.037149,3.0237002,-0.4865331,0.099655904,-0.4020577,-0.7692222,-9.585257,1.8714215,-0.7374885,-0.69933337,-0.33287108,-0.50654364,1
13.679999999999753,,,,,12.78404,-0.70323753,0.0063111596,-0.044880424,13.514787,-12.017978,3.0162554,-0.48869845,0.10117641,-0.3983723,-0.7695685,-9.555043,1.9627233,-0.75136137,-0.69992054,-0.27998596,-0.48388967,1
13.689999999999753,,,,,13.568096,-0.61980534,-0.076971784,-0.0020856895,13.419385,-11.997895,3.0086753,-0.49067178,0.1028394,-0.39480683,-0.76992977,-9.52539,2.0535958,-0.76457345,-0.7004205,-0.23534778,-0.46234736,1
13.699999999999752,,,,,13.568096,-0.61980534,-0.076971784,-0.0020856895,13.3242855,-11.976878,3.0009923,-0.49248612,0.104574025,-0.39135352,-0.7703006,-9.494548,2.1496239,-0.771918,-0.68783814,-0.210663,-0.43976218,1
13.709999999999752,,,,,13.568096,-0.61980534,-0.076971784,-0.0020856895,13.229491,-11.954904,2.9932392,-0.49416843,0.10632265,-0.38800526,-0.77067757,-9.464348,2.245261,-0.7786355,-0.67721975,-0.18982643,-0.41828528,1
13.719999999999752,,,,,13.568096,-0.61980534,-0.076971784,-0.0020856895,13.134996,-11.931974,2.985422,-0.49572974,0.1080786,-0.38474664,-0.77106416,-9.434796,2.3405268,-0.78475535,-0.66825885,-0.17223819,-0.39786223,1
13.729999999999752,,,,,13.6074295,-0.28254142,-0.040818114,-0.037181128,13.040794,-11.908094,2.9775462,-0.49717972,0.10983646,-0.3815646,-0.77146333,-9.405899,2.4354389,-0.79030305,-0.6606967,-0.15739192,-0.37844133,1
13.739999999999752,,,,,13.6074295,-0.28254142,-0.040818114,-0.037181128,12.9468775,-11.8832655,2.969619,-0.4985398,0.11153757,-0.37855887,-0.7718222,-9.377573,2.5302875,-0.7950353,-0.60171753,-0.13923344,-0.3616956,1
13.749999999999751,,,,,13.6074295,-0.28254142,-0.040818114,-0.037181128,12.853241,-11.85749,2.961647,-0.49982902,0.11313556,-0.37580845,-0.7720999,-9.349863,2.624825,-0.79926866,-0.55193734,-0.12390319,-0.34577155,1
13.759999999999751,,,,,13.6074295,-0.28254142,-0.040818114,-0.037181128,12.759879,-11.83077,2.9536352,-0.50105214,0.114643134,-0.3732747,-0.77231383,-9.322723,2.7190797,-0.80305207,-0.50992113,-0.110960655,-0.33062896,1
13.76999999999975,,,,,14.112334,-0.266516,0.033346515,0.07133931,12.666785,-11.803108,2.9455876,-0.5022134,0.11607121,-0.37092492,-0.77247834,-9.296113,2.813075,-0.80642676,-0.47445804,-0.10003406,-0.3162294,1
13.77999999999975,,,,,14.112334,-0.266516,0.033346515,0.07133931,12.57396,-11.774491,2.937526,-0.5032959,0.117443904,-0.3687529,-0.77260625,-9.269031,2.9103122,-0.8058998,-0.44202417,-0.07924575,-0.2972113,1
13.78999999999975,,,,,14.112334,-0.266516,0.033346515,0.07133931,12.481403,-11.744903,2.9294713,-0.5042853,0.11878035,-0.36675245,-0.77270895,-9.242439,3.00733,-0.8050241,-0.4146497,-0.061697207,-0.2791264,1
13.79999999999975,,,,,14.112334,-0.266516,0.033346515,0.07133931,12.389109,-11.714345,2.9214265,-0.5051887,0.12008258,-0.36489815,-0.7727954,-9.216316,3.104154,-0.80383426,-0.39154512,-0.046883784,-0.26192898,1
13.80999999999975,,,,,14.129587,0.041855432,-0.028734822,0.06729531,12.297073,-11.68282,2.9133956,-0.5060124,0.121352494,-0.36316842,-0.7728729,-9.190645,3.2008061,-0.8023595,-0.37204438,-0.03437916,-0.2455754,1
13.81999999999975,,,,,14.129587,0.041855432,-0.028734822,0.06729531,12.205294,-11.65033,2.9053814,-0.50678635,0.12251042,-0.36162776,-0.77290547,-9.165372,3.2974231,-0.8005049,-0.30749655,-0.03351233,-0.23022276,1
13.82999999999975,,,,,14.129587,0.041855432,-0.028734822,0.06729531,12.113765,-11.616873,2.8973866,-0.5075355,0.12349343,-0.36032644,-0.77286524,-9.140467,3.393907,-0.79842955,-0.25301486,-0.03277791,-0.21562347,1
13.83999999999975,,,,,14.129587,0.041855432,-0.028734822,0.06729531,12.022483,-11.582451,2.8894136,-0.508258,0.12432588,-0.35922828,-0.7727682,-9.115861,3.4902754,-0.7961696,-0.20702955,-0.03215574,-0.2017406,1
13.84999999999975,,,,,14.212237,0.2715383,-0.03423502,0.028031584,11.931445,-11.547068,2.881464,-0.50895226,0.12502845,-0.35830268,-0.7726276,-9.091498,3.5865445,-0.793755,-0.1682158,-0.031628944,-0.18853891,1
13.859999999999749,,,,,14.212237,0.2715383,-0.03423502,0.028031584,11.8406515,-11.510718,2.873542,-0.50963354,0.125572,-0.35759303,-0.7724192,-9.067184,3.6832914,-0.7906247,-0.09963618,-0.032044552,-0.17791174,1
13.869999999999749,,,,,14.212237,0.2715383,-0.03423502,0.028031584,11.750101,-11.473402,2.8656518,-0.51031446,0.12593465,-0.35713217,-0.7721238,-9.042984,3.779972,-0.78740346,-0.041751627,-0.032392986,-0.16780603,1
13.879999999999749,,,,,14.212237,0.2715383,-0.03423502,0.028031584,11.659792,-11.435119,2.8577943,-0.51099104,0.12614249,-0.356882,-0.771758,-9.018824,3.8766048,-0.78412694,0.0071059773,-0.032685544,-0.15819624,1
13.889999999999748,,,,,13.906659,0.77571535,0.005485039,-0.12499547,11.569724,-11.395869,2.8499694,-0.51166,0.12621765,-0.35681027,-0.77133554,-8.994642,3.973205,-0.7808249,0.048344135,-0.032931168,-0.14905798,1
13.899999999999748,,,,,13.906659,0.77571535,0.005485039,-0.12499547,11.479897,-11.355666,2.842167,-0.5123529,0.12609461,-0.35705099,-0.77078414,-8.970897,4.0677133,-0.7797085,0.16177785,-0.026950939,-0.14787726,1
13.909999999999748,,,,,13.906659,0.77571535,0.005485039,-0.12499547,11.390306,-11.314517,2.8343751,-0.5130967,0.12572324,-0.35770825,-0.7700449,-8.946954,4.1622396,-0.7786566,0.2575215,-0.021901581,-0.14675443,1
13.919999999999748,,,,,13.906659,0.77571535,0.005485039,-0.12499547,11.300959,-11.272422,2.8265932,-0.5138821,0.12514156,-0.35871646,-0.7691463,-8.922698,4.256818,-0.777731,0.3383339,-0.017638305,-0.1456867,1
13.929999999999747,,,,,13.77499,1.0190994,-0.046132464,-0.15075982,11.211855,-11.229381,2.8188198,-0.5147013,0.12438166,-0.36002004,-0.768112,-8.89803,4.3514767,-0.7769841,0.40654355,-0.014038299,-0.14467138,1
13.939999999999747,,,,,13.77499,1.0190994,-0.046132464,-0.15075982,11.122998,-11.185397,2.8110478,-0.5155692,0.12340575,-0.3616358,-0.76692736,-8.873098,4.4453406,-0.7773965,0.5020708,-0.019052535,-0.14497015,1
13.949999999999747,,,,,13.77499,1.0190994,-0.046132464,-0.15075982,11.034394,-11.140473,2.8032706,-0.5164974,0.1221853,-0.36357406,-0.7655807,-8.847562,4.539327,-0.77808285,0.58270055,-0.023283424,-0.14525425,1
13.959999999999747,,,,,13.77499,1.0190994,-0.046132464,-0.15075982,10.946049,-11.09461,2.795485,-0.51747435,0.12075779,-0.36578274,-0.76409394,-8.821319,4.633451,-0.77909064,0.65075636,-0.026853384,-0.14552441,1
13.969999999999747,,,,,13.289141,1.2566426,-0.21324898,-0.115009904,10.85797,-11.047804,2.7876875,-0.5184904,0.11915489,-0.36821792,-0.76248544,-8.794282,4.727724,-0.7804614,0.70819914,-0.029865608,-0.14578132,1
13.979999999999746,,,,,13.289141,1.2566426,-0.21324898,-0.115009904,10.770162,-11.000072,2.7798574,-0.51956964,0.117301404,-0.37088057,-0.7607457,-8.767357,4.8188214,-0.78562945,0.7937259,-0.058471616,-0.14427136,1
13.989999999999746,,,,,13.289141,1.2566426,-0.21324898,-0.115009904,10.682627,-10.9514265,2.7719736,-0.5207297,0.11513878,-0.37376896,-0.7588669,-8.739487,4.910061,-0.79121614,0.86591524,-0.082615115,-0.14283548,1
13.999999999999746,,,,,13.289141,1.2566426,-0.21324898,-0.115009904,10.595375,-10.90187,2.7640314,-0.5219541,0.11271411,-0.3768451,-0.7568658,-8.710574,5.0014296,-0.7972518,0.9268472,-0.10299231,-0.14147006,1
14.009999999999746,,,,,13.317837,1.439285,-0.57103693,-0.15042889,10.508419,-10.8513975,2.7560267,-0.5232288,0.11006722,-0.38007683,-0.7547563,-8.680535,5.092914,-0.8037645,0.97827715,-0.120190665,-0.14017166,1
14.019999999999746,,,,,13.317837,1.439285,-0.57103693,-0.15042889,10.421769,-10.80001,2.7479556,-0.52460766,0.107087106,-0.3834165,-0.7525354,-8.649227,5.184692,-0.81058055,1.0501647,-0.19050679,-0.140675,1
14.029999999999745,,,,,13.317837,1.439285,-0.57103693,-0.15042889,10.335439,-10.747704,2.7398136,-0.52613246,0.10368795,-0.38682404,-0.7501994,-8.616607,5.2765164,-0.8179037,1.1108422,-0.24985614,-0.1411536,1
14.039999999999745,,,,,13.317837,1.439285,-0.57103693,-0.15042889,10.249441,-10.694479,2.7315958,-0.52777636,0.09993464,-0.3902844,-0.747758,-8.582572,5.3683295,-0.8257365,1.1620581,-0.29994908,-0.14160873,1
14.049999999999745,,,,,13.293339,1.1791487,-0.7958975,-0.06586982,10.163793,-10.640337,2.7232969,-0.5295161,0.09588192,-0.39378488,-0.7452192,-8.547037,5.460079,-0.8340845,1.2052873,-0.3422293,-0.14204153,1
14.059999999999745,,,,,13.293339,1.1791487,-0.7958975,-0.06586982,10.0785055,-10.585279,2.714911,-0.5313501,0.09156011,-0.39719066,-0.7426454,-8.510002,5.5515437,-0.84311354,1.2012054,-0.4129753,-0.13830376,1
14.069999999999744,,,,,13.293339,1.1791487,-0.7958975,-0.06586982,9.993597,-10.529307,2.7064323,-0.5332763,0.0869956,-0.4003951,-0.7400882,-8.471365,5.6428175,-0.8526284,1.1977613,-0.47268882,-0.13474941,1
14.079999999999744,,,,,13.293339,1.1791487,-0.7958975,-0.06586982,9.909083,-10.472424,2.6978567,-0.53527594,0.08222566,-0.40342605,-0.73753965,-8.431102,5.7338247,-0.8625944,1.1948553,-0.5230902,-0.13136949,1
14.089999999999744,,,,,13.043161,0.8841388,-0.563802,-0.051501546,9.824981,-10.414631,2.6891792,-0.53733283,0.07728169,-0.4063071,-0.7349927,-8.389193,5.8244987,-0.8729845,1.1924034,-0.5656316,-0.12815541,1
14.099999999999744,,,,,13.043161,0.8841388,-0.563802,-0.051501546,9.741302,-10.355942,2.6803875,-0.5393855,0.072321214,-0.40902176,-0.73248404,-8.346454,5.913084,-0.8854211,1.1443311,-0.5653394,-0.12439398,1
14.109999999999744,,,,,13.043161,0.8841388,-0.563802,-0.051501546,9.658057,-10.29637,2.6714694,-0.541386,0.0674705,-0.41155964,-0.73004544,-8.302138,6.0012574,-0.8982346,1.1037555,-0.5650937,-0.12081713,1
14.119999999999743,,,,,13.043161,0.8841388,-0.563802,-0.051501546,9.575263,-10.235918,2.6624215,-0.54333967,0.06271184,-0.41394708,-0.72766465,-8.256301,6.0889997,-0.9114091,1.0695076,-0.5648871,-0.117415786,1
14.129999999999743,,,,,13.114777,0.46788839,-0.50077987,0.03342813,9.492936,-10.174591,2.65324,-0.54525083,0.058030277,-0.41620612,-0.7253311,-8.208986,6.1762934,-0.92493176,1.0406004,-0.56471366,-0.11418135,1
14.139999999999743,,,,,13.114777,0.46788839,-0.50077987,0.03342813,9.411091,-10.112391,2.643924,-0.54709595,0.05351803,-0.41824928,-0.7231101,-8.159974,6.2635994,-0.93832594,0.9512898,-0.554732,-0.1069381,1
14.149999999999743,,,,,13.114777,0.46788839,-0.50077987,0.03342813,9.329741,-10.049321,2.6344724,-0.54885757,0.049247295,-0.4200095,-0.72105545,-8.109617,6.350428,-0.9520185,0.8759066,-0.54630905,-0.10005029,1
14.159999999999743,,,,,13.114777,0.46788839,-0.50077987,0.03342813,9.248901,-9.985385,2.6248825,-0.5505467,0.045179356,-0.42153126,-0.71914345,-8.058009,6.4367714,-0.9659688,0.8122791,-0.5392011,-0.09350046,1
14.169999999999742,,,,,13.214719,0.04318694,-0.619012,0.24765602,9.168585,-9.920588,2.6151521,-0.5521727,0.041281495,-0.42285183,-0.71735364,-8.005232,6.522623,-0.9801421,0.7585741,-0.5332029,-0.087272026,1
14.179999999999742,,,,,13.214719,0.04318694,-0.619012,0.24765602,9.088802,-9.854931,2.6052825,-0.5537374,0.03757491,-0.42385572,-0.7157571,-7.9509497,6.608626,-0.9938641,0.64701504,-0.54657155,-0.07083701,1
14.189999999999742,,,,,13.214719,0.04318694,-0.619012,0.24765602,9.009568,-9.788418,2.5952747,-0.55524135,0.03407378,-0.42445353,-0.7144117,-7.89567,6.6941066,-1.0077027,0.55285347,-0.55785865,-0.055208467,1
14.199999999999742,,,,,13.214719,0.04318694,-0.619012,0.24765602,8.930892,-9.721051,2.5851283,-0.5566895,0.030743144,-0.42470908,-0.7132831,-7.839495,6.779043,-1.0215828,0.4733764,-0.56738794,-0.040346827,1
14.209999999999742,,,,,13.061262,-0.8913286,-0.70241725,0.58133847,8.852781,-9.652839,2.5748432,-0.5580856,0.027553536,-0.42467585,-0.71234167,-7.7825127,6.863418,-1.0354412,0.40629357,-0.57543314,-0.026214449,1
14.219999999999741,,,,,13.061262,-0.8913286,-0.70241725,0.58133847,8.77524,-9.58379,2.5644147,-0.55940795,0.024647756,-0.42411506,-0.7117448,-7.7254834,6.9462423,-1.0501899,0.20394118,-0.59522873,0.0035983478,1
14.229999999999741,,,,,13.061262,-0.8913286,-0.70241725,0.58133847,8.698273,-9.513916,2.5538402,-0.56063676,0.022135895,-0.42284015,-0.7116191,-7.667919,7.028471,-1.0647168,0.033145834,-0.61194426,0.03194821,1
14.23999999999974,,,,,13.061262,-0.8913286,-0.70241725,0.58133847,8.621883,-9.443222,2.5431216,-0.5617769,0.019951064,-0.42096207,-0.71189797,-7.610001,7.1100802,-1.0788823,-0.11101415,-0.62605816,0.05890695,1
14.24999999999974,,,,,13.626973,-1.7701142,-0.63639915,0.8466309,8.546074,-9.371717,2.532264,-0.5628317,0.01803696,-0.41857374,-0.7125239,-7.551881,7.1910496,-1.092569,-0.23269269,-0.6379748,0.0845428,1
14.25999999999974,,,,,13.626973,-1.7701142,-0.63639915,0.8466309,8.470859,-9.299389,2.5212908,-0.56376284,0.016549408,-0.41551775,-0.71361166,-7.491186,7.27484,-1.1019864,-0.47243696,-0.63775367,0.12193869,1
14.26999999999974,,,,,13.626973,-1.7701142,-0.63639915,0.8466309,8.39625,-9.226225,2.510227,-0.564536,0.0156082,-0.41167158,-0.715249,-7.4306664,7.357932,-1.1106302,-0.6747942,-0.63757384,0.15749955,1
14.27999999999974,,,,,13.626973,-1.7701142,-0.63639915,0.8466309,8.322245,-9.152233,2.4990814,-0.56515765,0.015121289,-0.4071537,-0.7173515,-7.370557,7.4403133,-1.118345,-0.84559464,-0.63742656,0.19131541,1
14.28999999999974,,,,,15.667393,-3.0492542,-0.5919769,1.1112376,8.2488365,-9.077421,2.4878638,-0.56563246,0.015011277,-0.40206337,-0.71984637,-7.311057,7.5219684,-1.1250039,-0.9897596,-0.637305,0.22347194,1
14.29999999999974,,,,,15.667393,-3.0492542,-0.5919769,1.1112376,8.176064,-9.001736,2.4766548,-0.56592435,0.015502379,-0.39612475,-0.72289246,-7.2435765,7.6149945,-1.1166197,-1.3109196,-0.63031965,0.26703486,1
14.30999999999974,,,,,15.667393,-3.0492542,-0.5919769,1.1112376,8.103959,-8.925124,2.4655373,-0.5659961,0.016767694,-0.3891181,-0.7266041,-7.1773915,7.7071342,-1.1066642,-1.5819963,-0.6244295,0.30846012,1
14.31999999999974,,,,,15.667393,-3.0492542,-0.5919769,1.1112376,8.032509,-8.847595,2.454528,-0.56584734,0.018678544,-0.38119525,-0.73086065,-7.1128793,7.7983475,-1.0949265,-1.8107996,-0.61946064,0.34785262,1
14.329999999999739,,,,,16.582422,-3.5841289,-0.5678079,1.3475103,7.9616942,-8.769159,2.4436455,-0.5654763,0.021126607,-0.37248382,-0.7355578,-7.050364,7.888582,-1.0812434,-2.0039217,-0.61526704,0.3853121,1
14.339999999999739,,,,,16.582422,-3.5841289,-0.5678079,1.3475103,7.8915114,-8.6898,2.4329436,-0.5648502,0.024137964,-0.36293933,-0.7406996,-6.986624,7.9829855,-1.0588372,-2.2503371,-0.6079965,0.43252748,1
14.349999999999739,,,,,16.582422,-3.5841289,-0.5678079,1.3475103,7.8219523,-8.609503,2.4224772,-0.5639348,0.027727349,-0.352529,-0.74627835,-6.9256587,8.076206,-1.0340972,-2.4583256,-0.6018592,0.47742593,1
14.359999999999738,,,,,16.582422,-3.5841289,-0.5678079,1.3475103,7.7529874,-8.52828,2.4122703,-0.5627262,0.03179552,-0.3413684,-0.75219357,-6.8678017,8.168147,-1.0069157,-2.633879,-0.5966766,0.5201212,1
14.369999999999738,,,,,16.977638,-3.980673,-0.5420356,1.5689101,7.684584,-8.446145,2.4023476,-0.56122094,0.03625894,-0.32955617,-0.758359,-6.8133397,8.258702,-0.97722834,-2.7820559,-0.59229803,0.5607214,1
14.379999999999738,,,,,16.977638,-3.980673,-0.5420356,1.5689101,7.616714,-8.3631,2.39275,-0.5593855,0.041135047,-0.31706208,-0.76476586,-6.761322,8.349875,-0.94189805,-2.9689634,-0.5846234,0.6101935,1
14.389999999999738,,,,,16.977638,-3.980673,-0.5420356,1.5689101,7.549344,-8.279153,2.3835187,-0.5571859,0.04643278,-0.30386493,-0.771397,-6.71334,8.43937,-0.90394574,-3.1267238,-0.57814014,0.657238,1
14.399999999999737,,,,,16.977638,-3.980673,-0.5420356,1.5689101,7.482432,-8.19432,2.3746798,-0.55462,0.052075904,-0.29005548,-0.77817214,-6.6696677,8.527036,-0.8633765,-3.2598825,-0.57266146,0.70197403,1
14.409999999999737,,,,,17.851383,-4.1278973,-0.40970305,1.749136,7.4159346,-8.10862,2.3662598,-0.5516867,0.058000173,-0.27571198,-0.7850223,-6.630542,8.612713,-0.820232,-3.3722756,-0.56803006,0.7445149,1
14.419999999999737,,,,,17.851383,-4.1278973,-0.40970305,1.749136,7.349814,-8.022052,2.3583207,-0.54835016,0.064219445,-0.26088607,-0.79191273,-6.5943985,8.700538,-0.76718754,-3.490109,-0.5435082,0.7938119,1
14.429999999999737,,,,,17.851383,-4.1278973,-0.40970305,1.749136,7.284029,-7.934618,2.3509247,-0.54457957,0.07074149,-0.24562299,-0.79881,-6.563467,8.785936,-0.71161824,-3.5895665,-0.5228024,0.84068996,1
14.439999999999737,,,,,17.851383,-4.1278973,-0.40970305,1.749136,7.2185264,-7.8463426,2.3440964,-0.54038197,0.07750808,-0.2299776,-0.80566084,-6.537939,8.868742,-0.65365654,-3.673514,-0.50531715,0.88526773,1
14.449999999999736,,,,,17.693577,-4.058284,-0.42516688,1.8591942,7.153251,-7.757252,2.3378592,-0.5357647,0.08446997,-0.213998,-0.81241935,-6.51797,8.948782,-0.593458,-3.7443697,-0.4905504,0.92765796,1
14.459999999999736,,,,,17.693577,-4.058284,-0.42516688,1.8591942,7.0881467,-7.66738,2.3322272,-0.5307278,0.09156275,-0.19774736,-0.819048,-6.503809,9.025198,-0.53261536,-3.7933166,-0.4804963,0.9733687,1
14.469999999999736,,,,,17.693577,-4.058284,-0.42516688,1.8591942,7.0231547,-7.576759,2.327213,-0.5252722,0.09873319,-0.18128042,-0.82551664,-6.49536,9.098522,-0.46992096,-3.83463,-0.4720025,1.0168364,1
14.479999999999736,,,,,17.693577,-4.058284,-0.42516688,1.8591942,6.958219,-7.4854207,2.3228343,-0.5194062,0.10595787,-0.16462581,-0.83179796,-6.492673,9.168578,-0.40557897,-3.8695009,-0.46482587,1.0581713,1
14.489999999999736,,,,,17.029463,-4.269904,-0.9086509,2.3266127,6.8932815,-7.3933992,2.3191063,-0.51313853,0.11321696,-0.14780922,-0.83786786,-6.495777,9.235194,-0.33980316,-3.898934,-0.45876125,1.0974777,1
14.499999999999735,,,,,17.029463,-4.269904,-0.9086509,2.3266127,6.828285,-7.300741,2.3160114,-0.5064461,0.120365664,-0.13069037,-0.84376764,-6.504344,9.295816,-0.27900615,-3.9567156,-0.52911794,1.1577916,1
14.509999999999735,,,,,17.029463,-4.269904,-0.9086509,2.3266127,6.7631755,-7.2074957,2.3135295,-0.49929738,0.12728558,-0.11316237,-0.8495258,-6.5184712,9.352683,-0.21722119,-4.0054903,-0.58849245,1.2151461,1
14.519999999999735,,,,,17.029463,-4.269904,-0.9086509,2.3266127,6.697897,-7.1137013,2.3116698,-0.4916907,0.13399711,-0.0952925,-0.85510445,-6.5381174,9.405518,-0.1546381,-4.0466633,-0.6385973,1.2696861,1
14.529999999999735,,,,,17.681536,-4.4768696,-1.3933277,2.632795,6.6323943,-7.0193996,2.3104389,-0.48362735,0.14051777,-0.07713922,-0.8604697,-6.563219,9.454064,-0.09146318,-4.0814195,-0.68087876,1.3215498,1
14.539999999999734,,,,,17.681536,-4.4768696,-1.3933277,2.632795,6.566608,-6.924627,2.3098729,-0.47507954,0.1467321,-0.05859416,-0.8656414,-6.59486,9.499754,-0.021721724,-4.142961,-0.7922112,1.3858929,1
14.549999999999734,,,,,17.681536,-4.4768696,-1.3933277,2.632795,6.500478,-6.829422,2.3100052,-0.46601495,0.1525471,-0.039577927,-0.87062746,-6.631959,9.540393,0.04820007,-4.1949143,-0.8861693,1.4470787,1
14.559999999999734,,,,,17.681536,-4.4768696,-1.3933277,2.632795,6.43395,-6.733837,2.3108368,-0.45643306,0.15800743,-0.02017748,-0.8753825,-6.674371,9.575649,0.118080124,-4.238774,-0.9654623,1.505262,1
14.569999999999734,,,,,18.405582,-3.8595917,-3.2522655,2.7120178,6.366972,-6.6379285,2.312366,-0.44633713,0.16315132,-0.00046809716,-0.8798657,-6.7219296,9.605226,0.18767759,-4.275802,-1.0323782,1.5605903,1
14.579999999999734,,,,,18.405582,-3.8595917,-3.2522655,2.7120178,6.2994833,-6.5417485,2.3146229,-0.43576142,0.16724661,0.019594267,-0.8841695,-6.776551,9.6297865,0.26360264,-4.2104926,-1.3786572,1.6170912,1
14.589999999999733,,,,,18.405582,-3.8595917,-3.2522655,2.7120178,6.2314253,-6.4453564,2.3176358,-0.4247195,0.16971521,0.040028643,-0.88837314,-6.8357434,9.647644,0.33884782,-4.1554046,-1.6709332,1.6708195,1
14.599999999999733,,,,,18.405582,-3.8595917,-3.2522655,2.7120178,6.162755,-6.3488207,2.321397,-0.41319215,0.17079552,0.06074201,-0.8924184,-6.8988924,9.658334,0.41328496,-4.1089416,-1.9176278,1.7219114,1
14.609999999999733,,,,,14.572571,-2.6928675,-2.7940009,2.7246222,6.0934362,-6.252216,2.325898,-0.40116766,0.17068967,0.08165562,-0.8962482,-6.965417,9.661471,0.48675328,-4.0697556,-2.125849,1.7704961,1
14.619999999999733,,,,,14.572571,-2.6928675,-2.7940009,2.7246222,6.023509,-6.1556153,2.3309503,-0.3887386,0.16955033,0.102210954,-0.899826,-7.0203085,9.65776,0.52358174,-3.854843,-2.2299175,1.8173153,1
14.629999999999733,,,,,14.572571,-2.6928675,-2.7940009,2.7246222,5.9530244,-6.059082,2.336366,-0.37599796,0.16752082,0.12196542,-0.9031532,-7.076922,9.647852,0.5593828,-3.6734622,-2.3177783,1.8618371,1
14.639999999999732,,,,,14.572571,-2.6928675,-2.7940009,2.7246222,5.8819666,-5.962679,2.342134,-0.3629418,0.16474518,0.14101417,-0.90622634,-7.1347795,9.631822,0.59405494,-3.5203834,-2.3919568,1.9041743,1
14.649999999999732,,,,,13.611233,-1.561497,-3.0116055,1.9574403,5.8103256,-5.866466,2.348243,-0.3495693,0.16134404,0.15943828,-0.90903676,-7.193449,9.609752,0.6274988,-3.3911905,-2.4545844,1.9444339,1
14.659999999999732,,,,,13.611233,-1.561497,-3.0116055,1.9574403,5.738116,-5.7704954,2.3546364,-0.33602834,0.15716864,0.1769404,-0.9116326,-7.248621,9.583594,0.6510376,-3.10574,-2.5410914,1.9450722,1
14.669999999999732,,,,,13.611233,-1.561497,-3.0116055,1.9574403,5.6653543,-5.6748133,2.3612592,-0.32245338,0.152111,0.19329113,-0.9140698,-7.3037047,9.55209,0.673343,-2.8648224,-2.614164,1.9456792,1
14.679999999999731,,,,,13.611233,-1.561497,-3.0116055,1.9574403,5.592044,-5.5794716,2.3680992,-0.30882758,0.1463172,0.20864613,-0.91634196,-7.35826,9.515454,0.69443166,-2.6614902,-2.6758885,1.9462564,1
14.689999999999731,,,,,14.072003,0.4053299,-3.9285517,0.59786636,5.518192,-5.4845214,2.3751438,-0.29513764,0.13990855,0.22313754,-0.91843784,-7.411902,9.473892,0.71431357,-2.4898798,-2.7280269,1.9468052,1
14.699999999999731,,,,,14.072003,0.4053299,-3.9285517,0.59786636,5.443801,-5.3900185,2.3824012,-0.2815543,0.13238311,0.23628409,-0.9205274,-7.466023,9.426055,0.73697186,-2.0382621,-2.9145868,1.8806126,1
14.70999999999973,,,,,14.072003,0.4053299,-3.9285517,0.59786636,5.368878,-5.296016,2.38988,-0.2682266,0.1233519,0.24770756,-0.92275614,-7.5182295,9.3736925,0.75859153,-1.657118,-3.0721786,1.8176678,1
14.71999999999973,,,,,14.072003,0.4053299,-3.9285517,0.59786636,5.293445,-5.202559,2.3975701,-0.2551152,0.11305689,0.25765005,-0.9250675,-7.5679502,9.317169,0.77937466,-1.3354474,-3.2052963,1.7578118,1
14.72999999999973,,,,,13.896058,0.9341167,-3.8869135,-0.07308367,5.2175293,-5.1096864,2.405465,-0.24218713,0.10169929,0.2663158,-0.9274036,-7.6147017,9.256826,0.7994833,-1.063968,-3.3177369,1.7008929,1
14.73999999999973,,,,,13.896058,0.9341167,-3.8869135,-0.07308367,5.1411657,-5.017431,2.4135504,-0.22951758,0.08939012,0.27368537,-0.9297453,-7.6575255,9.193792,0.81757706,-0.7524627,-3.406111,1.6138433,1
14.74999999999973,,,,,13.896058,0.9341167,-3.8869135,-0.07308367,5.0643916,-4.9258213,2.4218147,-0.21717511,0.07622431,0.27975324,-0.932074,-7.6966343,9.127679,0.83526856,-0.48955056,-3.4807887,1.5310653,1
14.75999999999973,,,,,13.896058,0.9341167,-3.8869135,-0.07308367,4.9872465,-4.834887,2.4302545,-0.20512551,0.06233424,0.28469673,-0.93433654,-7.7317057,9.0588455,0.8526681,-0.26764923,-3.543888,1.4523493,1
14.76999999999973,,,,,14.082452,0.6046922,-3.4805014,-0.026551459,4.909772,-4.744653,2.4388673,-0.1933403,0.047830954,0.2886653,-0.93648446,-7.762469,8.987627,0.8698492,-0.08035959,-3.597201,1.3774959,1
14.77999999999973,,,,,14.082452,0.6046922,-3.4805014,-0.026551459,4.8320107,-4.6551466,2.4476585,-0.1818323,0.032987084,0.2918782,-0.9384322,-7.7890596,8.913352,0.88839203,0.026296701,-3.5789073,1.3085989,1
14.78999999999973,,,,,14.082452,0.6046922,-3.4805014,-0.026551459,4.7540064,-4.5663924,2.4566345,-0.17061444,0.018022709,0.29452056,-0.94011843,-7.810953,8.837253,0.9067357,0.1163319,-3.5634887,1.2430825,1
14.799999999999729,,,,,14.082452,0.6046922,-3.4805014,-0.026551459,4.6758075,-4.478407,2.4657927,-0.15966456,0.0029536497,0.2966623,-0.9415355,-7.8280816,8.759583,0.9248415,0.19233665,-3.550493,1.1807812,1
14.809999999999729,,,,,12.550679,1.1180323,-2.6039999,-0.38895902,4.597461,-4.3912053,2.4751303,-0.14896354,-0.012206257,0.2983621,-0.942677,-7.840391,8.680583,0.94265926,0.25649807,-3.5395381,1.1215371,1
14.819999999999729,,,,,12.550679,1.1180323,-2.6039999,-0.38895902,4.5190206,-4.3047557,2.4845817,-0.13863897,-0.02715715,0.29942533,-0.94360226,-7.847045,8.609199,0.94756675,0.39058298,-3.3935618,1.0474167,1
14.829999999999728,,,,,12.550679,1.1180323,-2.6039999,-0.38895902,4.440535,-4.2190237,2.4940803,-0.1287956,-0.041659847,0.29970783,-0.9443784,-7.84946,8.537115,0.952173,0.5037938,-3.270376,0.97693336,1
14.839999999999728,,,,,12.550679,1.1180323,-2.6039999,-0.38895902,4.362046,-4.1340146,2.503624,-0.11938668,-0.055785365,0.29932174,-0.94500816,-7.847738,8.464599,0.956489,0.5993793,-3.1664202,0.90990865,1
14.849999999999728,,,,,12.027475,1.2750671,-1.7244824,-0.47230113,4.283594,-4.049732,2.5132093,-0.11037185,-0.069593884,0.2983607,-0.94549185,-7.841973,8.391885,0.96051705,0.680083,-3.0786912,0.84617287,1
14.859999999999728,,,,,12.027475,1.2750671,-1.7244824,-0.47230113,4.2052183,-3.9661615,2.5228121,-0.10182646,-0.08281339,0.296806,-0.9458746,-7.832674,8.322216,0.9600119,0.7726324,-2.8674843,0.78147495,1
14.869999999999727,,,,,12.027475,1.2750671,-1.7244824,-0.47230113,4.126953,-3.883287,2.532409,-0.093808636,-0.095231615,0.29465318,-0.946208,-7.819791,8.25277,0.95925885,0.85078794,-2.689228,0.71995175,1
14.879999999999727,,,,,12.027475,1.2750671,-1.7244824,-0.47230113,4.0488343,-3.8011045,2.5419967,-0.08626223,-0.10697609,0.29199192,-0.9464961,-7.8035245,8.183737,0.95829195,0.9167863,-2.5387802,0.6614475,1
14.889999999999727,,,,,11.33606,0.8772269,-0.26087633,-0.64132804,3.970894,-3.71961,2.551574,-0.079138875,-0.1181545,0.28889647,-0.946739,-7.784049,8.115273,0.9571384,0.97251767,-2.4118023,0.6058142,1
14.899999999999727,,,,,11.33606,0.8772269,-0.26087633,-0.64132804,3.8931577,-3.6387773,2.5611107,-0.0726049,-0.12829751,0.28553313,-0.9469628,-7.762841,8.051407,0.95025915,0.95744115,-2.0764105,0.5446166,1
14.909999999999727,,,,,11.33606,0.8772269,-0.26087633,-0.64132804,3.8156462,-3.5585792,2.5705783,-0.066792876,-0.13704202,0.28204507,-0.9472107,-7.7391033,7.988277,0.9432705,0.9447628,-1.7933193,0.48642188,1
14.919999999999726,,,,,11.33606,0.8772269,-0.26087633,-0.64132804,3.7383833,-3.4790087,2.5799758,-0.06161768,-0.14461431,0.2784552,-0.9474977,-7.713166,7.9259324,0.93622357,0.9340983,-1.5543728,0.4310829,1
14.929999999999726,,,,,10.018478,1.0013534,1.5137246,-0.9069951,3.6613894,-3.4000576,2.5893028,-0.057005987,-0.15120469,0.27478054,-0.9478304,-7.6853104,7.8644066,0.9291669,0.92512584,-1.3526871,0.3784594,1
14.939999999999726,,,,,10.018478,1.0013534,1.5137246,-0.9069951,3.584668,-3.3216872,2.5985136,-0.053087886,-0.15635961,0.27090007,-0.9483385,-7.6588545,7.8100004,0.91274047,0.95171016,-0.92054486,0.31672883,1
14.949999999999726,,,,,10.018478,1.0013534,1.5137246,-0.9069951,3.5082145,-3.243852,2.6075537,-0.049997095,-0.15966274,0.2667807,-0.9491236,-7.6316733,7.757161,0.8953007,0.9593517,-0.54095787,0.25668034,1
14.959999999999726,,,,,10.018478,1.0013534,1.5137246,-0.9069951,3.4320366,-3.166541,2.6164205,-0.04764296,-0.1613834,0.26248494,-0.95015085,-7.6037602,7.705134,0.8781383,0.9658395,-0.22056627,0.19957845,1
14.969999999999725,,,,,10.570267,2.0053747,2.9270897,-1.2660397,3.3561406,-3.0897462,2.6251175,-0.045934334,-0.16177413,0.25803864,-0.9513856,-7.575429,7.6539326,0.86135715,0.97134405,0.04986164,0.14527857,1
14.979999999999725,,,,,10.570267,2.0053747,2.9270897,-1.2660397,3.2805364,-3.0134735,2.6336718,-0.044915836,-0.16053794,0.25304607,-0.9529833,-7.5453987,7.600812,0.849567,1.1325793,0.49852818,0.076024786,1
14.989999999999725,,,,,10.570267,2.0053747,2.9270897,-1.2660397,3.2052314,-2.9377267,2.6421113,-0.04462081,-0.15744767,0.24718975,-0.9550476,-7.5156116,7.5487137,0.8384805,1.2687094,0.8772134,0.010169288,1
14.999999999999725,,,,,10.570267,2.0053747,2.9270897,-1.2660397,3.1302218,-2.8624952,2.6504443,-0.044961996,-0.15279187,0.24059227,-0.9574696,-7.486437,7.497776,0.82828385,1.383638,1.196835,-0.052454658,1
15.009999999999724,,,,,9.964664,2.274247,3.1023245,-1.5810239,3.0554996,-2.7877667,2.6586807,-0.04586492,-0.14681298,0.23335569,-0.96014947,-7.4581895,7.448126,0.8191202,1.4806632,1.4666066,-0.11200563,1
15.019999999999724,,,,,9.964664,2.274247,3.1023245,-1.5810239,2.9810462,-2.7135139,2.666805,-0.047303855,-0.13966149,0.22545311,-0.9630303,-7.432692,7.4026475,0.8059361,1.604521,1.7216119,-0.18409078,1
15.029999999999724,,,,,9.964664,2.274247,3.1023245,-1.5810239,2.906841,-2.6397085,2.6748035,-0.049259715,-0.13146733,0.216866,-0.966053,-7.4085584,7.3586297,0.7939114,1.7090762,1.9368446,-0.2526387,1
15.039999999999724,,,,,9.964664,2.274247,3.1023245,-1.5810239,2.8328693,-2.5663357,2.6826878,-0.051681772,-0.12239094,0.2076852,-0.9691314,-7.385994,7.3162036,0.7831024,1.7973337,2.1185098,-0.31782293,1
15.049999999999724,,,,,9.422541,2.1583269,3.117102,-1.8040143,2.7591147,-2.4933784,2.6904697,-0.05452572,-0.11256795,0.1979884,-0.97219104,-7.3651733,7.2754927,0.7735344,1.8718312,2.2718444,-0.37980857,1
15.059999999999723,,,,,9.422541,2.1583269,3.117102,-1.8040143,2.685554,-2.4208088,2.698138,-0.057785723,-0.102110215,0.18788435,-0.9751581,-7.347276,7.238727,0.7603213,1.9166516,2.4035635,-0.44969475,1
15.069999999999723,,,,,9.422541,2.1583269,3.117102,-1.8040143,2.6121626,-2.3485978,2.70568,-0.061456975,-0.091113076,0.17746422,-0.9779711,-7.3312926,7.2037854,0.7482524,1.954482,2.5147436,-0.5161516,1
15.079999999999723,,,,,9.422541,2.1583269,3.117102,-1.8040143,2.538921,-2.2767267,2.7131069,-0.06550414,-0.0796604,0.16676688,-0.9805875,-7.317327,7.1707525,0.7372817,1.98641,2.6085882,-0.5793474,1
15.089999999999723,,,,,9.165325,2.2139542,3.2267299,-1.9877793,2.4658086,-2.205176,2.7204292,-0.069895685,-0.06782347,0.15582658,-0.9829711,-7.305466,7.139711,0.72734874,2.0133553,2.6878018,-0.63944215,1
15.099999999999723,,,,,9.165325,2.2139542,3.2267299,-1.9877793,2.3928027,-2.1339216,2.727645,-0.07463083,-0.055624846,0.14464706,-0.9850953,-7.2960463,7.1115327,0.7159483,2.0447927,2.7717462,-0.70560545,1
15.109999999999722,,,,,9.165325,2.2139542,3.2267299,-1.9877793,2.31988,-2.0629385,2.734751,-0.07970859,-0.043086205,0.13323371,-0.98693377,-7.288808,7.085451,0.7054091,2.0713224,2.8426037,-0.768522,1
15.119999999999722,,,,,9.165325,2.2139542,3.2267299,-1.9877793,2.2470188,-1.9922051,2.741756,-0.08510154,-0.030262597,0.121617645,-0.9884587,-7.283805,7.061547,0.6956439,2.0937088,2.902415,-0.82835126,1
15.129999999999722,,,,,9.346026,2.2146406,3.148068,-1.6418148,2.174196,-1.9216998,2.7486665,-0.09078452,-0.017201137,0.10982661,-0.9896464,-7.2810764,7.039895,0.6865564,2.1125977,2.9529033,-0.8852447,1
15.139999999999722,,,,,9.346026,2.2146406,3.148068,-1.6418148,2.1013894,-1.8514013,2.755498,-0.09668877,-0.0039688433,0.09788878,-0.99048114,-7.28064,7.0201864,0.679809,2.128601,2.9832783,-0.9223698,1
15.149999999999721,,,,,9.346026,2.2146406,3.148068,-1.6418148,2.0285754,-1.7812878,2.7622645,-0.1027512,0.009378396,0.0858289,-0.99095273,-7.2825565,7.002916,0.6735346,2.1421034,3.00892,-0.95767313,1
15.159999999999721,,,,,9.346026,2.2146406,3.148068,-1.6418148,1.9557303,-1.7113345,2.76897,-0.10895755,0.022817925,0.07366576,-0.9910503,-7.286822,6.9881444,0.6676165,2.1534953,3.0305657,-0.9912442,1
15.169999999999721,,,,,11.347168,2.3399932,2.696127,-1.4902009,1.8828309,-1.6415162,2.7756176,-0.115294345,0.0363299,0.06141634,-0.990765,-7.293422,6.97593,0.6619347,2.1631062,3.0488389,-1.023168,1
15.17999999999972,,,,,11.347168,2.3399932,2.696127,-1.4902009,1.8098446,-1.5718176,2.7823083,-0.12172212,0.04971295,0.04906705,-0.99010336,-7.304238,6.964269,0.67617995,2.1906998,2.9937825,-1.0460854,1
15.18999999999972,,,,,11.347168,2.3399932,2.696127,-1.4902009,1.7367367,-1.5022197,2.7891414,-0.12820907,0.06280589,0.03661018,-0.9890791,-7.317761,6.955837,0.6904207,2.2139924,2.947316,-1.0678782,1
15.19999999999972,,,,,11.347168,2.3399932,2.696127,-1.4902009,1.6634804,-1.4326897,2.796116,-0.13475269,0.0756467,0.02406787,-0.9876943,-7.3338804,6.950684,0.7045172,2.2336543,2.9080992,-1.0886018,1
15.20999999999972,,,,,10.534826,2.2736363,1.8353583,-1.2909293,1.5900505,-1.3631946,2.8032305,-0.14134924,0.08826707,0.011459327,-0.9859503,-7.3524904,6.9488554,0.7183314,2.250251,2.8750014,-1.1083084,1
