t,px,py,pz,qx,qy,qz,qw,vx,vy,vz,wx,wy,wz,throttle_mpc,roll_mpc,pitch_mpc,yaw_mpc,throttle_nw,roll_nw,pitch_nw,yaw_nw,network_used
-2.0,18.724860999999997,-9.577698,1.9181669,0.39878064,-0.14949742,-0.90413326,-0.034169633,-11.772057,-0.9804559000000002,-0.24686976,1.2901868,0.08155303,-0.012028043,7.607749934898336,-5.9999986818455815,-5.999999919756273,5.374488757514921,10.3595495,0.25590578,-3.0733947999999995,-1.2516972,0
-1.99,18.606504,-9.587234500000001,1.9157771000000001,0.3990931,-0.15527624,-0.90294087,-0.036218055,-11.898665,-0.92661864,-0.2316422,1.196086,0.17608912,0.15714264,7.607749934898336,-5.9999986818455815,-5.999999919756273,5.374488757514921,14.219024,-1.9812281999999999,-6.272375,0.20296535,0
-1.98,18.486897,-9.596228,1.9135244999999999,0.39965072,-0.16098629,-0.90165067,-0.03726719,-12.022758999999999,-0.8717710999999999,-0.21922034,1.1042703,0.24348255,0.32103214,7.607749934898336,-5.9999986818455815,-5.999999919756273,5.374488757514921,14.219024,-1.9812281999999999,-6.272375,0.20296535,0
-1.97,18.366055,-9.604667,1.911385,0.40030804,-0.16658637,-0.90033704,-0.037356738,-12.145143,-0.81583744,-0.20902814,1.0030974,0.27666652,0.47899476,7.607749934898336,-5.9999986818455815,-5.999999919756273,5.374488757514921,14.219024,-1.9812281999999999,-6.272375,0.20296535,0
-1.96,18.244,-9.612542,1.9093361,0.40092373,-0.17201947,-0.89907485,-0.036520372999999995,-12.265823,-0.7590665,-0.20111668,0.89315695,0.28009614,0.6314001,7.607749934898336,-5.9999986818455815,-5.999999919756273,5.374488757514921,5.7355967,-2.1259842,-5.0581307,0.65403587,0
-1.95,18.120743,-9.619846,1.9073547999999998,0.40137467,-0.17723285,-0.8979290000000001,-0.034789454,-12.384793,-0.7017076999999999,-0.19548184,0.7750986,0.25768572,0.7785857,7.607749934898336,-5.9999986818455815,-5.999999919756273,5.374488757514921,5.7355967,-2.1259842,-5.0581307,0.65403587,0
-1.94,17.996307,-9.626575,1.9054188000000003,0.40155372,-0.18217814,-0.8969555,-0.03219334,-12.50203,-0.6440081,-0.19207226,0.64960617,0.21287729999999996,0.9208603000000001,7.607749934898336,-5.9999986818455815,-5.999999919756273,5.374488757514921,5.7355967,-2.1259842,-5.0581307,0.65403587,0
-1.93,17.870707,-9.632727000000001,1.9035058999999996,0.40136743,-0.18681145,-0.89620227,-0.028759647000000003,-12.617496000000001,-0.58621013,-0.19079693,0.5173770000000001,0.14869815,1.0585065,7.607749934898336,-5.9999986818455815,-5.999999919756273,5.374488757514921,5.7355967,-2.1259842,-5.0581307,0.65403587,0
-1.92,17.743963,-9.6383,1.9015958,0.40073392,-0.19109325,-0.89570904,-0.024514478,-12.731143,-0.5285491999999999,-0.19153185,0.37910724,0.06781162,1.1917834999999999,7.85186349723528,-5.9999996658370565,-5.999999966735643,5.8475444318785526,11.868199,-3.8305300000000004,-6.851909599999999,2.5407832000000004,0
-1.91,17.616062,-9.643284,1.8996935000000001,0.39970496,-0.1951453,-0.8954189,-0.019473622,-12.848691,-0.4682854,-0.18920928,0.29487488,0.03206369,1.3388301999999999,7.85186349723528,-5.9999996658370565,-5.999999966735643,5.8475444318785526,11.868199,-3.8305300000000004,-6.851909599999999,2.5407832000000004,0
-1.9,17.486995999999998,-9.647667,1.8978058999999998,0.39832009999999995,-0.19906831,-0.8952802,-0.013648957,-12.964477,-0.40844253,-0.18855277,0.19869673,-0.023244925,1.4809052,7.85186349723528,-5.9999996658370565,-5.999999966735643,5.8475444318785526,11.868199,-3.8305300000000004,-6.851909599999999,2.5407832000000004,0
-1.89,17.35678,-9.651454,1.8959168999999998,0.39649427,-0.20279945,-0.8953295,-0.0070596156,-13.078441,-0.34918293,-0.18947737,0.091932535,-0.0955704,1.6182976,7.85186349723528,-5.9999996658370565,-5.999999966735643,5.8475444318785526,11.868199,-3.8305300000000004,-6.851909599999999,2.5407832000000004,0
-1.8800000000000001,17.225431,-9.654653,1.8940113,0.3941515,-0.20628317,-0.8955957,0.0002752986,-13.190516,-0.29066790000000003,-0.19186841,-0.024161053999999998,-0.18265496,1.7512726000000003,7.85186349723528,-5.9999996658370565,-5.999999966735643,5.8475444318785526,11.868199,-3.8305300000000004,-6.851909599999999,2.5407832000000004,0
-1.87,17.092976,-9.65727,1.892075,0.39122376,-0.20947039999999997,-0.89610076,0.008336610999999999,-13.300625,-0.23305452,-0.19558743,-0.14842589,-0.28249407,1.8800737,9.27795402942582,-5.999999890933179,-5.999999999652928,5.999959431107096,11.330971,-3.6891043,-6.895238000000001,3.3914135,0
-1.8599999999999999,16.959381,-9.659293,1.8901339,0.38760559999999994,-0.21228866,-0.89688456,0.017132984,-13.417554999999998,-0.17184877,-0.19281752,-0.29701063,-0.41057125,2.0139419999999997,9.27795402942582,-5.999999890933179,-5.999999999652928,5.999959431107096,11.330971,-3.6891043,-6.895238000000001,3.3914135,0
-1.85,16.82463,-9.660711000000001,1.8882150000000002,0.3831969,-0.21467087,-0.8979784,0.026671737,-13.532123,-0.11196436,-0.19112726,-0.45160443,-0.5479222,2.1438527,9.27795402942582,-5.999999890933179,-5.999999999652928,5.999959431107096,11.330971,-3.6891043,-6.895238000000001,3.3914135,0
-1.84,16.688747,-9.661537,1.8863083999999999,0.37794602,-0.21658395,-0.89937997,0.036931227999999997,-13.644203,-0.05355808,-0.19029328,-0.61129594,-0.6931257,2.2700023999999996,11.575155029694116,-5.999999968742431,-6.0,5.828364865193142,13.675999999999998,-3.123022,-6.8710933,2.8884451,0
-1.83,16.551704,-9.661761,1.884453,0.37160040000000005,-0.21781094,-0.9012075999999999,0.047921754000000004,-13.763874,0.008521539,-0.18089268,-0.861118,-0.9310492,2.3918333,11.575155029694116,-5.999999968742431,-6.0,5.828364865193142,13.675999999999998,-3.123022,-6.8710933,2.8884451,0
-1.82,16.413483,-9.661375,1.8826886000000003,0.36392716,-0.21816054,-0.90355146,0.059648685,-13.880191,0.068486094,-0.17202978,-1.1074827,-1.1674354,2.510863,11.575155029694116,-5.999999968742431,-6.0,5.828364865193142,13.675999999999998,-3.123022,-6.8710933,2.8884451,0
-1.81,16.274113,-9.660399,1.8810118000000002,0.35490778,-0.21764070000000002,-0.9063539,0.072082065,-13.992923999999999,0.12615857,-0.16331838,-1.3503475,-1.4019393999999998,2.627177,11.575155029694116,-5.999999968742431,-6.0,5.828364865193142,13.675999999999998,-3.123022,-6.8710933,2.8884451,0
-1.8,16.133635,-9.658859,1.8794229,0.34452358,-0.21625815,-0.9095485000000001,0.085190944,-14.101826999999998,0.18139605,-0.15441327,-1.5896752,-1.6342669,2.7408555,13.944294087440136,-5.9999999984712735,-6.0,5.386320431062502,12.510232,-3.3765857000000006,-6.4037633000000005,2.0045464,0
-1.79,15.99205,-9.65676,1.877965,0.33244112,-0.21374734,-0.9132374,0.09895801,-14.21429,0.23792893,-0.13712576,-1.9509056,-1.9900807,2.8415127,13.944294087440136,-5.9999999984712735,-6.0,5.386320431062502,12.510232,-3.3765857000000006,-6.4037633000000005,2.0045464,0
-1.7799999999999998,15.849366,-9.654111,1.8766825,0.31835324,-0.20987578,-0.9174713,0.11335759,-14.321570000000001,0.2913659,-0.11922801,-2.2970523999999997,-2.3316898,2.9409206,13.944294087440136,-5.9999999984712735,-6.0,5.386320431062502,12.510232,-3.3765857000000006,-6.4037633000000005,2.0045464,0
-1.77,15.705638,-9.650944,1.875584,0.30227938,-0.2046941,-0.9220931,0.12834333,-14.42325,0.3415853,-0.10031056,-2.6291826,-2.6600208,3.0390255,13.944294087440136,-5.9999999984712735,-6.0,5.386320431062502,12.510232,-3.3765857000000006,-6.4037633000000005,2.0045464,0
-1.7599999999999998,15.560923,-9.647291000000001,1.8746808999999998,0.28423694,-0.19824655,-0.9269360999999999,0.14386584,-14.518894,0.38851273,-0.08007160599999999,-2.9482644000000002,-2.975923,3.1357817999999997,13.944294087440136,-5.9999999984712735,-6.0,5.386320431062502,13.0476055,-3.5366123,-6.9297786,0.82669955,0
-1.75,15.415282999999999,-9.643186,1.8739876,0.26424322,-0.19057247,-0.9318255,0.15987217,-14.608058999999999,0.43211657,-0.058316432,-3.2551785,-3.2801777999999997,3.2311525000000003,13.944294087440136,-5.9999999984712735,-6.0,5.386320431062502,13.0476055,-3.5366123,-6.9297786,0.82669955,0
-1.7399999999999998,15.268785000000001,-9.63866,1.8735199,0.24231727,-0.18170765,-0.9365795,0.17630535,-14.690291,0.47240479999999996,-0.03495647,-3.5507252,-3.5735012999999998,3.3251076,13.944294087440136,-5.9999999984712735,-6.0,5.386320431062502,13.0476055,-3.5366123,-6.9297786,0.82669955,0
-1.73,15.121503,-9.633747999999999,1.8732939,0.21848153,-0.17168558,-0.9410106,0.19310394,-14.765137,0.5094223,-0.010008164,-3.8356342000000003,-3.8565519999999998,3.4176230000000003,13.944294087440136,-5.9999999984712735,-6.0,5.386320431062502,13.0476055,-3.5366123,-6.9297786,0.82669955,0
-1.72,14.973510000000001,-9.628482,1.8733249,0.19276337,-0.16053863,-0.9449259,0.21020170000000002,-14.832149,0.543249,0.016408598,-4.110570399999999,-4.129935700000001,3.5086803,17.853174692690846,-6.0,-6.0,4.4481541352860186,14.102525,-2.8930657,-8.051609,-0.06738177,0
-1.71,14.824812,-9.622854,1.8737842,0.16511323,-0.14821574,-0.9481808,0.22742695,-14.905885000000001,0.5818484,0.076225646,-4.4044266,-4.422375,3.5547805,17.853174692690846,-6.0,-6.0,4.4481541352860186,14.102525,-2.8930657,-8.051609,-0.06738177,0
-1.7,14.675425,-9.616856,1.8748658,0.13563596,-0.13476294,-0.95058644,0.24459629999999996,-14.970096,0.61753494,0.14081186,-4.652552,-4.6691127,3.5986184999999997,17.853174692690846,-6.0,-6.0,4.4481541352860186,14.102525,-2.8930657,-8.051609,-0.06738177,0
-1.69,14.525447,-9.610514,1.8766154,0.10458239999999998,-0.120341726,-0.9519098,0.26162633,-15.023837,0.6503831999999999,0.20973068,-4.8620667,-4.8772874,3.6403055,17.853174692690846,-6.0,-6.0,4.4481541352860186,14.102525,-2.8930657,-8.051609,-0.06738177,0
-1.68,14.374988,-9.603858,1.8790733,0.07218362,-0.10509231,-0.95195436,0.278439,-15.066256,0.6805303,0.2823738,-5.038981,-5.052923000000001,3.6799470000000003,20.999999806451388,-6.0,-6.0,3.0604763018771366,14.840606,-2.6457607999999997,-8.35184,-1.173977,0
-1.67,14.224134,-9.596888,1.8824256999999998,0.038671422999999996,-0.089126736,-0.9506076999999999,0.29479867,-15.101957999999998,0.7130417,0.3886027,-5.1886,-5.2008753,3.6495495000000004,20.999999806451388,-6.0,-6.0,3.0604763018771366,14.840606,-2.6457607999999997,-8.35184,-1.173977,0
-1.66,14.072999,-9.589606,1.8868537,0.00425859,-0.07255175,-0.9477952,0.31048805,-15.122732999999998,0.7428857,0.49728469999999997,-5.3149414,-5.3256984,3.6206436,20.999999806451388,-6.0,-6.0,3.0604763018771366,14.840606,-2.6457607999999997,-8.35184,-1.173977,0
-1.65,13.921733999999999,-9.582038,1.8923758000000002,-0.030875247,-0.055477016,-0.9434207,0.32546395,-15.127995,0.7703867,0.60726213,-5.421625,-5.4310102,3.5931559999999996,20.999999806451388,-6.0,-6.0,3.0604763018771366,14.840606,-2.6457607999999997,-8.35184,-1.173977,0
-1.64,13.770494,-9.574205000000001,1.8989991000000002,-0.066562295,-0.03800139,-0.93741035,0.33968765,-15.117312,0.79590434,0.7172826999999999,-5.5117087,-5.519861,3.567017,21.0,-5.999999876257887,-5.9999999865436395,2.5326123055114143,15.519929999999999,-3.1231513,-8.264291,-1.263059,0
-1.63,13.619444,-9.566127,1.9067171000000003,-0.102643296,-0.020219455,-0.92973226,0.35306364,-15.090423000000001,0.81982696,0.8260243,-5.587869,-5.594731299999999,3.5162584999999997,21.0,-5.999999876257887,-5.9999999865436395,2.5326123055114143,15.519929999999999,-3.1231513,-8.264291,-1.263059,0
-1.6199999999999999,13.468742,-9.557814,1.9155103,-0.13897064,-0.0022207629999999997,-0.92037386,0.36550605,-15.047222,0.8425635,0.93211794,-5.6521745,-5.657902,3.4679906000000003,21.0,-5.999999876257887,-5.9999999865436395,2.5326123055114143,15.519929999999999,-3.1231513,-8.264291,-1.263059,0
-1.6099999999999999,13.318554,-9.549278,1.9253453999999999,-0.17540877,0.015915662,-0.9093145,0.37699616,-14.987775,0.86453587,1.0341703000000002,-5.706468,-5.711203599999999,3.4220912000000006,21.0,-5.999999876257887,-5.9999999865436395,2.5326123055114143,15.519929999999999,-3.1231513,-8.264291,-1.263059,0
-1.5999999999999999,13.169042000000001,-9.5405245,1.936175,-0.21183018,0.034117084,-0.8965456,0.3875185,-14.912304999999998,0.8861732,1.1307843000000002,-5.752308,-5.7561800000000005,3.3784444,21.0,-3.826227239757217,-5.999999870801097,-1.0231073275514473,17.365917,-1.0007889,-8.403175,-2.1135254,0
-1.5899999999999999,13.020383,-9.531549,1.9479816000000003,-0.24770989,0.051667925,-0.8823171000000001,0.39684674,-14.817431,0.90885913,1.2285621,-5.517464,-5.7282453,3.1707094,21.0,-3.826227239757217,-5.999999870801097,-1.0231073275514473,17.365917,-1.0007889,-8.403175,-2.1135254,0
-1.5799999999999998,12.872738,-9.5223465,1.9607043999999998,-0.282665,0.067920454,-0.8669556999999999,0.40481567,-14.709435999999998,0.9318711,1.3142556,-5.300568,-5.723387000000001,2.9690642000000005,21.0,-3.826227239757217,-5.999999870801097,-1.0231073275514473,17.365917,-1.0007889,-8.403175,-2.1135254,0
-1.5699999999999998,12.726235,-9.512908,1.9742266,-0.31680990000000003,0.08281368,-0.8505391,0.41153044,-14.589244,0.9559934000000001,1.3882685,-5.0850325,-5.751746,2.7744202999999996,21.0,-3.826227239757217,-5.999999870801097,-1.0231073275514473,17.365917,-1.0007889,-8.403175,-2.1135254,0
-1.5599999999999998,12.580995,-9.503219999999999,1.9884324,-0.35023057,0.09630815,-0.8331254000000001,0.41709238,-14.457196,0.9820518,1.4513032,-4.8893566,-5.789512,2.5880747000000004,21.0,-3.826227239757217,-5.999999870801097,-1.0231073275514473,17.903624,0.9849509,-7.241492,-3.0033076000000003,0
-1.5499999999999998,12.437130999999999,-9.4932575,2.0032158,-0.38294706,0.10850768,-0.8147797,0.42155945,-14.313625,1.0107986,1.5036732,-4.7241800000000005,-5.821512,2.4108732,21.0,-3.826227239757217,-5.999999870801097,-1.0231073275514473,17.903624,0.9849509,-7.241492,-3.0033076000000003,0
-1.5399999999999998,12.294757,-9.482992,2.0184667000000003,-0.41496345,0.11952694,-0.79556,0.4249748,-14.159631,1.042735,1.544665,-4.584744000000001,-5.8486237999999995,2.2423667999999997,21.0,-3.826227239757217,-5.999999870801097,-1.0231073275514473,17.903624,0.9849509,-7.241492,-3.0033076000000003,0
-1.5299999999999998,12.15397,-9.472389,2.0340679,-0.44627985,0.12946191,-0.7755153,0.42737650000000005,-13.996326000000002,1.0782678999999997,1.5736477,-4.4670334,-5.871590599999999,2.0821288,21.0,-3.826227239757217,-5.999999870801097,-1.0231073275514473,17.903624,0.9849509,-7.241492,-3.0033076000000003,0
-1.5199999999999998,12.014858,-9.461412,2.0498965,-0.47689247,0.13839291,-0.7546874,0.428799,-13.824832999999998,1.1177188,1.5900678999999998,-4.3676585999999995,-5.8910465,1.9297539000000001,21.0,-0.953947278313202,-5.412361587161612,-5.99999842753024,13.754570000000001,2.1977165000000003,-3.4844193,-4.3791150000000005,0
-1.5099999999999998,11.877929,-9.449916,2.0660765,-0.5060448000000001,0.14598876,-0.7337283,0.42924282,-13.560524,1.1822647,1.6423828999999999,-4.0149736,-5.6369014,1.6346374,21.0,-0.953947278313202,-5.412361587161612,-5.99999842753024,13.754570000000001,2.1977165000000003,-3.4844193,-4.3791150000000005,0
-1.4999999999999998,11.743652,-9.437752,2.0826675999999997,-0.5332127,0.15198126,-0.71329343,0.42871794,-13.294579,1.2513243,1.6724623,-3.7200015,-5.4197264,1.3468299,21.0,-0.953947278313202,-5.412361587161612,-5.99999842753024,13.754570000000001,2.1977165000000003,-3.4844193,-4.3791150000000005,0
-1.4899999999999998,11.612035,-9.424875,2.0994544,-0.5586988,0.15651317,-0.6934031,0.4272612,-13.029025,1.3246261000000001,1.6817871,-3.4739777999999997,-5.233505999999999,1.0661503,21.0,-0.953947278313202,-5.412361587161612,-5.99999842753024,13.754570000000001,2.1977165000000003,-3.4844193,-4.3791150000000005,0
-1.4799999999999998,11.483065,-9.411246,2.1162367000000004,-0.5827539,0.15970181,-0.6740575,0.42490038,-12.7655115,1.4018358,1.6717583999999999,-3.2695665000000003,-5.073103,0.7924223000000001,20.999999989456764,-0.09656795300659876,-3.407004367767253,-5.999999749539222,14.444545999999999,2.9410822,-1.3435018,-5.974977,0
-1.4699999999999998,11.356713000000001,-9.396827,2.1328275000000003,-0.60496855,0.16150762,-0.65568423,0.42190892,-12.505402,1.4825622999999999,1.6437848000000002,-2.8777943,-4.7105239999999995,0.5254734999999999,20.999999989456764,-0.09656795300659876,-3.407004367767253,-5.999999749539222,14.444545999999999,2.9410822,-1.3435018,-5.974977,0
-1.4599999999999997,11.232941,-9.381584,2.149057,-0.62507206,0.16192484,-0.63866395,0.4185382,-12.249885,1.5663283000000001,1.5997223999999999,-2.55144,-4.400173000000001,0.26513612,20.999999989456764,-0.09656795300659876,-3.407004367767253,-5.999999749539222,14.444545999999999,2.9410822,-1.3435018,-5.974977,0
-1.4499999999999997,11.111696,-9.365491,2.164773,-0.6434338000000001,0.16108277,-0.62290484,0.41477153,-11.999856,1.6526546000000002,1.5413979,-2.2801482999999996,-4.134051,0.011246435,20.999999989456764,-0.09656795300659876,-3.407004367767253,-5.999999749539222,14.444545999999999,2.9410822,-1.3435018,-5.974977,0
-1.4399999999999997,10.992923,-9.348523,2.1798412999999996,-0.6603549,0.159085,-0.60831016,0.41058826,-11.755942,1.7410929,1.4703979999999999,-2.055257,-3.90533,-0.2363553,20.999999505586697,0.7637376457529728,-0.544916967201725,-5.999999607522563,12.471714,4.173566,-0.34764937,-6.144179299999999,0
-1.4299999999999997,10.876555,-9.330663000000001,2.1941422999999998,-0.67533463,0.15587184,-0.5954049,0.40635040000000006,-11.518567,1.8312168000000002,1.3882139,-1.5789387,-3.418261,-0.47782475,20.999999505586697,0.7637376457529728,-0.544916967201725,-5.999999607522563,12.471714,4.173566,-0.34764937,-6.144179299999999,0
-1.4199999999999997,10.762527,-9.311894,2.2075741,-0.6880276,0.15141004,-0.58462495,0.40237692,-11.287996000000001,1.9226038,1.2967952,-1.1798971,-3.0041428,-0.7133138000000001,20.999999505586697,0.7637376457529728,-0.544916967201725,-5.999999607522563,12.471714,4.173566,-0.34764937,-6.144179299999999,0
-1.4099999999999997,10.650771,-9.292208,2.2200532,-0.6988526999999999,0.14580585,-0.5757428000000001,0.39858055,-11.064321000000001,2.0148935000000003,1.1979836000000001,-0.84549934,-2.6521795,-0.94297063,20.999999505586697,0.7637376457529728,-0.544916967201725,-5.999999607522563,12.471714,4.173566,-0.34764937,-6.144179299999999,0
-1.3999999999999997,10.541217999999999,-9.271595,2.2315137000000003,-0.70814407,0.13914189,-0.5685452,0.39487794,-10.8475,2.1077936,1.0932866,-0.56518334,-2.3531592,-1.1669396,19.825084130792273,1.4792087392718891,2.086484165920872,-5.999999458364368,14.073892,3.7319562000000004,2.2231426,-5.6969624,0
-1.3899999999999997,10.433771,-9.250063,2.2419047,-0.7155273,0.13137667,-0.5634007,0.39158806,-10.642723,2.1987088,0.9843122999999999,-0.06814927,-1.8392444,-1.3798382,19.825084130792273,1.4792087392718891,2.086484165920872,-5.999999458364368,14.073892,3.7319562000000004,2.2231426,-5.6969624,0
-1.3799999999999997,10.328342,-9.22762,2.2511904,-0.7207243,0.122476585,-0.5605817,0.38897908,-10.444313000000001,2.2898185,0.87247014,0.35248306,-1.4065789,-1.587464,19.825084130792273,1.4792087392718891,2.086484165920872,-5.999999458364368,14.073892,3.7319562000000004,2.2231426,-5.6969624,0
-1.3699999999999997,10.22487,-9.204265,2.2593490000000003,-0.7240907,0.11252779,-0.5597751999999999,0.38688803,-10.251032,2.3814973999999998,0.75910896,0.6970606,-1.0308971,-1.7888936999999998,19.825084130792273,1.4792087392718891,2.086484165920872,-5.999999458364368,14.073892,3.7319562000000004,2.2231426,-5.6969624,0
-1.3599999999999997,10.12331,-9.179986,2.266371,-0.72588843,0.10169829,-0.5607576,0.38509068,-10.06132,2.4743361,0.6452356,0.9601598,-0.6859791000000001,-1.9829238999999999,19.825084130792273,1.4792087392718891,2.086484165920872,-5.999999458364368,14.703438,2.1991751,3.1928916000000003,-3.8586495000000003,0
-1.3499999999999996,10.02363,-9.154775,2.2722554,-0.7263170999999999,0.090165354,-0.5633526999999999,0.38336393,-9.875149,2.5681796,0.531751,1.1536520000000001,-0.36618367,-2.1699915,19.825084130792273,1.4792087392718891,2.086484165920872,-5.999999458364368,14.703438,2.1991751,3.1928916000000003,-3.8586495000000003,0
-1.3399999999999996,9.925794,-9.128621,2.2770099999999998,-0.7255326,0.07808488,-0.56740975,0.38151264,-9.692473,2.6628382,0.4193818,1.2876868000000001,-0.066881485,-2.3505008,19.825084130792273,1.4792087392718891,2.086484165920872,-5.999999458364368,14.703438,2.1991751,3.1928916000000003,-3.8586495000000003,0
-1.3299999999999996,9.829767,-9.101517,2.2806490000000004,-0.7236560000000001,0.065595135,-0.57280004,0.37936768,-9.513232,2.7580948,0.30871204,1.3709519,0.21571127,-2.5248253,19.825084130792273,1.4792087392718891,2.086484165920872,-5.999999458364368,14.703438,2.1991751,3.1928916000000003,-3.8586495000000003,0
-1.3199999999999996,9.735517,-9.073459,2.2831917,-0.7207803,0.05281977,-0.57941383,0.3767836,-9.33736,2.8537107,0.2002101,1.4108923999999998,0.48467454,-2.693311,18.73928613494398,2.2146337281582897,4.6471526373867444,-5.999999289632018,15.755856,1.1895177,3.7697553999999998,-2.7410930000000002,0
-1.3099999999999996,9.643002000000001,-9.044446,2.2846622,-0.7163166999999999,0.039854556,-0.5877258000000001,0.3740065,-9.1659355,2.9487900000000002,0.09438676,1.6284707,1.0421129999999998,-2.847397,18.73928613494398,2.2146337281582897,4.6471526373867444,-5.999999289632018,15.755856,1.1895177,3.7697553999999998,-2.7410930000000002,0
-1.2999999999999996,9.552186,-9.014483,2.2850912,-0.7097722,0.026782649,-0.5980781999999999,0.3712265,-8.99772,3.0437038,-0.007990973,1.781021,1.5438034999999999,-2.996702,18.73928613494398,2.2146337281582897,4.6471526373867444,-5.999999289632018,15.755856,1.1895177,3.7697553999999998,-2.7410930000000002,0
-1.2899999999999996,9.463036,-8.983573,2.2845169999999997,-0.70133066,0.013694201000000001,-0.6101974,0.3682492,-8.832642,3.138216,-0.10609318,1.8788049,1.9983146,-3.1414487,18.73928613494398,2.2146337281582897,4.6471526373867444,-5.999999289632018,15.755856,1.1895177,3.7697553999999998,-2.7410930000000002,0
-1.2799999999999996,9.375522,-8.951721000000001,2.2829862000000003,-0.69113475,0.0006692351299999999,-0.62383765,0.36491042,-8.670314999999999,3.2323107999999996,-0.19924043,1.9352406999999998,2.4081016,-3.2814388,17.85858832231971,2.5050781726540334,5.99999965147759,-5.999998404152483,17.830904,0.13048431,4.764803400000001,-2.2029366,0
-1.2699999999999996,9.289603999999999,-8.918939,2.2805502,-0.67895424,-0.012255721,-0.6390214,0.36128000000000005,-8.513752,3.324033,-0.28704602,2.0580797,2.935222,-3.4119005,17.85858832231971,2.5050781726540334,5.99999965147759,-5.999998404152483,17.830904,0.13048431,4.764803400000001,-2.2029366,0
-1.2599999999999996,9.205235499999999,-8.885243,2.277266,-0.6645763000000001,-0.025018325,-0.6557379,0.35738057,-8.360261999999999,3.4148187999999995,-0.3687573,2.1341214,3.4078263999999994,-3.5384357000000004,17.85858832231971,2.5050781726540334,5.99999965147759,-5.999998404152483,17.830904,0.13048431,4.764803400000001,-2.2029366,0
-1.2499999999999996,9.122394,-8.850642,2.273199,-0.648151,-0.037604503,-0.67365646,0.35309179999999996,-8.208242,3.505559,-0.44351014,2.1932007999999996,3.8117669999999997,-3.6592255,17.85858832231971,2.5050781726540334,5.99999965147759,-5.999998404152483,17.830904,0.13048431,4.764803400000001,-2.2029366,0
-1.2399999999999995,9.041065,-8.815133,2.2684224,-0.6298272,-0.05006803,-0.69242674,0.34836295,-8.057623,3.5963422999999994,-0.510625,2.2429595,4.152735,-3.774088,16.831276845253264,1.9117922378704773,5.999999812744191,-5.999985875521309,19.329914000000002,-0.89984703,5.271988400000001,-2.2561085,0
-1.2299999999999995,8.961192,-8.778741,2.2630038,-0.60981935,-0.062284194,-0.71175164,0.3430033,-7.917411,3.6818137,-0.57185435,2.1923367999999996,4.440784,-3.8833132000000004,16.831276845253264,1.9117922378704773,5.999999812744191,-5.999985875521309,19.329914000000002,-0.89984703,5.271988400000001,-2.2561085,0
-1.2199999999999995,8.882710000000001,-8.741496000000001,2.2570126,-0.588313,-0.074143074,-0.73137754,0.3368651,-7.779385,3.7670224,-0.6250984,2.1495166,4.6839066,-3.9871790000000003,16.831276845253264,1.9117922378704773,5.999999812744191,-5.999985875521309,19.329914000000002,-0.89984703,5.271988400000001,-2.2561085,0
-1.2099999999999995,8.805596000000001,-8.703401,2.25053,-0.5653945,-0.08570026,-0.75107104,0.32996577,-7.6440344,3.8518114000000003,-0.67014986,2.1132902999999996,4.889109599999999,-4.085948,16.831276845253264,1.9117922378704773,5.999999812744191,-5.999985875521309,19.329914000000002,-0.89984703,5.271988400000001,-2.2561085,0
-1.1999999999999995,8.729819,-8.66446,2.2436385,-0.5411451999999999,-0.09699642,-0.77062595,0.32231954,-7.511899499999999,3.9360642,-0.70689327,2.082637,5.062307,-4.179869999999999,16.63086077310883,1.1388811671172674,5.9999998015554725,-5.9999866682734275,18.293707,-1.1634219,5.7516475,-2.7416513,0
-1.1899999999999995,8.655337,-8.624685000000001,2.2364167999999998,-0.51574177,-0.10781947,-0.7898932,0.3137749,-7.3850755999999995,4.0186863,-0.7361368,1.9361601000000002,5.208825599999999,-4.2691836,16.63086077310883,1.1388811671172674,5.9999998015554725,-5.9999866682734275,18.293707,-1.1634219,5.7516475,-2.7416513,0
-1.1799999999999995,8.582103,-8.584088000000001,2.2289437999999997,-0.4893384,-0.117991365,-0.80874795,0.30422583,-7.2624949999999995,4.1005154,-0.7572316,1.8124631999999998,5.332453,-4.354115,16.63086077310883,1.1388811671172674,5.9999998015554725,-5.9999866682734275,18.293707,-1.1634219,5.7516475,-2.7416513,0
-1.1699999999999995,8.510071,-8.542678,2.2213,-0.46198034,-0.12758347,-0.82704973,0.29374468,-7.144662400000001,4.1813970000000005,-0.7703299,1.7080000000000002,5.436763,-4.4348790000000005,16.63086077310883,1.1388811671172674,5.9999998015554725,-5.9999866682734275,18.293707,-1.1634219,5.7516475,-2.7416513,0
-1.1599999999999995,8.439192,-8.500463499999999,2.2135642000000004,-0.43371508,-0.13665304,-0.84467244,0.28239390000000003,-7.032100999999999,4.261223,-0.7756438,1.6197761999999998,5.5247725999999995,-4.511679,16.63086077310883,1.1388811671172674,5.9999998015554725,-5.9999866682734275,19.29325,-2.1314826,5.4212203,-2.954288,0
-1.1499999999999995,8.369408,-8.457458,2.205813,-0.40459195,-0.1452453,-0.86150247,0.27022820000000003,-6.925342999999999,4.3399267,-0.77344525,1.5452653,5.599029499999999,-4.5847106,16.63086077310883,1.1388811671172674,5.9999998015554725,-5.9999866682734275,19.29325,-2.1314826,5.4212203,-2.954288,0
-1.1399999999999995,8.300661,-8.413671,2.1981199,-0.37466237,-0.15339538,-0.8774378,0.2572966,-6.8249197,4.4174795,-0.76406497,1.4823331,5.6616817,-4.654159,16.63086077310883,1.1388811671172674,5.9999998015554725,-5.9999866682734275,19.29325,-2.1314826,5.4212203,-2.954288,0
-1.1299999999999994,8.232884,-8.369112,2.1905549,-0.34397940000000005,-0.16112988,-0.89238644,0.24364388,-6.731353299999999,4.4938855,-0.747891,1.4291778,5.714542400000001,-4.7201996,16.63086077310883,1.1388811671172674,5.9999998015554725,-5.9999866682734275,19.29325,-2.1314826,5.4212203,-2.954288,0
-1.1199999999999994,8.166008,-8.323796000000002,2.1831834,-0.31259766,-0.16846828,-0.9062658000000001,0.22931176,-6.6451473,4.5691795,-0.7253665,1.3842788000000001,5.7591410000000005,-4.7829986,16.833356933334,0.5185401380071731,5.9999995707513145,-5.99999532069321,20.595598000000003,-2.4493816,4.076630000000001,-2.7992666,0
-1.1099999999999994,8.099958,-8.277728,2.176075,-0.28062874,-0.17519818,-0.9190451,0.21426514,-6.565815,4.6443114,-0.6954431,1.2496104,5.797073,-4.8427167,16.833356933334,0.5185401380071731,5.9999995707513145,-5.99999532069321,20.595598000000003,-2.4493816,4.076630000000001,-2.7992666,0
-1.0999999999999994,8.034661,-8.230914,2.1692932000000003,-0.24817054,-0.18114667,-0.9306976999999999,0.1984932,-6.494797,4.718348000000001,-0.66011363,1.1359167,5.8290358,-4.8995047,16.833356933334,0.5185401380071731,5.9999995707513145,-5.99999532069321,20.595598000000003,-2.4493816,4.076630000000001,-2.7992666,0
-1.0899999999999994,7.970032000000001,-8.183365,2.1628895,-0.21526198,-0.18637982,-0.94115746,0.18206589999999997,-6.432444,4.791279299999999,-0.6199333,1.0399289,5.855967,-4.953506,16.833356933334,0.5185401380071731,5.9999995707513145,-5.99999532069321,20.595598000000003,-2.4493816,4.076630000000001,-2.7992666,0
-1.0799999999999994,7.9059824999999995,-8.135092,2.1569092,-0.18194623,-0.19095264,-0.9503647,0.16504584,-6.3790803,4.863133,-0.57549304,0.9588883,5.878658000000001,-5.0048575,15.921788910852234,-0.08267382633946052,5.094190393164073,-5.9999924470642245,20.092463000000002,-3.0345755000000003,2.8400617,-2.4243189999999997,0
-1.0699999999999994,7.842407000000001,-8.086125,2.1513526,-0.1486547,-0.19473961,-0.95825773,0.14738029,-6.337357,4.9301260000000005,-0.5353376999999999,0.7962431,5.7568245000000005,-5.0536895,15.921788910852234,-0.08267382633946052,5.094190393164073,-5.9999924470642245,20.092463000000002,-3.0345755000000003,2.8400617,-2.4243189999999997,0
-1.0599999999999994,7.7792053,-8.036491999999999,2.1462122999999997,-0.11574366,-0.19763958,-0.9648261,0.12904695,-6.3044305,4.996176999999999,-0.49238133,0.65900886,5.6539183,-5.100125,15.921788910852234,-0.08267382633946052,5.094190393164073,-5.9999924470642245,20.092463000000002,-3.0345755000000003,2.8400617,-2.4243189999999997,0
-1.0499999999999994,7.716289,-7.986204600000001,2.1415126,-0.08315714,-0.19972977,-0.9700839,0.110139504,-6.2802773,5.061325599999999,-0.4472463,0.54321516,5.5669975,-5.144281400000001,15.921788910852234,-0.08267382633946052,5.094190393164073,-5.9999924470642245,20.092463000000002,-3.0345755000000003,2.8400617,-2.4243189999999997,0
-1.0399999999999994,7.6535706999999995,-7.9352694,2.1372726,-0.05085423,-0.20107734,-0.97403723,0.090739526,-6.264868,5.1256413,-0.4005353,0.4455125,5.493578,-5.186271700000001,13.881349042244238,0.02274621981153446,2.9933226354440867,-5.3823457155558465,19.22306,-3.3578669999999997,1.5524136,-2.4719192999999997,0
-1.0299999999999994,7.5909576,-7.883735000000001,2.133412,-0.019639628,-0.20185016,-0.9766549000000001,0.070827074,-6.2589690000000004,5.181081,-0.37152693,0.37829876,5.1038879999999995,-5.1958933,13.881349042244238,0.02274621981153446,2.9933226354440867,-5.3823457155558465,19.22306,-3.3578669999999997,1.5524136,-2.4719192999999997,0
-1.0199999999999994,7.528367,-7.8316493000000005,2.1298432000000003,0.009838767,-0.20218165,-0.9780007,0.05040613,-6.260219,5.23605,-0.34218168,0.32176644,4.7749343,-5.205043,13.881349042244238,0.02274621981153446,2.9933226354440867,-5.3823457155558465,19.22306,-3.3578669999999997,1.5524136,-2.4719192999999997,0
-1.0099999999999993,7.4657307,-7.779014999999999,2.1265676,0.03782141,-0.20208298,-0.9781911,0.029574702999999997,-6.2681627,5.2907248,-0.31294963,0.274219,4.4972515,-5.213743,13.881349042244238,0.02274621981153446,2.9933226354440867,-5.3823457155558465,19.22306,-3.3578669999999997,1.5524136,-2.4719192999999997,0
-0.9999999999999991,7.402982700000001,-7.7258353,2.1235824,0.0645121,-0.20156755,-0.9773118000000001,0.008416442,-6.2823887,5.345271,-0.28420895,0.23422928,4.2628484,-5.222017,12.329903123913988,0.5381950918032153,0.91902837058229,-4.2253323157681475,19.831306,-3.2033587000000003,1.611796,-1.5082437,0
-0.9899999999999991,7.340074,-7.6721406000000005,2.1208099999999996,0.08924355,-0.20086329,-0.97545886,-0.0130389705,-6.30023,5.393758,-0.270365,0.2797394,3.7412332999999998,-5.1731095,12.329903123913988,0.5381950918032153,0.91902837058229,-4.2253323157681475,19.831306,-3.2033587000000003,1.611796,-1.5082437,0
-0.9799999999999991,7.276963,-7.617960000000001,2.1181717,0.11149339,-0.20014973,-0.9727806999999999,-0.034749302999999995,-6.3226767,5.442483999999999,-0.25745586,0.31846222,3.3009894,-5.126602,12.329903123913988,0.5381950918032153,0.91902837058229,-4.2253323157681475,19.831306,-3.2033587000000003,1.611796,-1.5082437,0
-0.9699999999999993,7.2136073000000005,-7.563289599999999,2.115657,0.13161814,-0.19937922,-0.9693905,-0.056631982000000004,-6.349116,5.49164,-0.24561907,0.35140452,2.9294221,-5.082376999999999,12.329903123913988,0.5381950918032153,0.91902837058229,-4.2253323157681475,19.831306,-3.2033587000000003,1.611796,-1.5082437,0
-0.9599999999999993,7.1499690000000005,-7.5081253,2.1132553,0.14992101,-0.19851628,-0.96536773,-0.07861756,-6.379016,5.54138,-0.23493655,0.37942487,2.6158185,-5.040321400000001,12.329903123913988,0.5381950918032153,0.91902837058229,-4.2253323157681475,18.733809,-2.4023106,0.7326355,-1.0239227,0
-0.9499999999999993,7.0860167,-7.452459299999999,2.1109543,0.16665916,-0.19753543,-0.96076804,-0.10064727,-6.411916000000001,5.591826999999999,-0.22545135,0.40325496,2.3511362,-5.00033,12.329903123913988,0.5381950918032153,0.91902837058229,-4.2253323157681475,18.733809,-2.4023106,0.7326355,-1.0239227,0
-0.9399999999999993,7.0217220000000005,-7.396285000000001,2.108742,0.18205017,-0.19641921,-0.9556305,-0.12267124,-6.4474163,5.6430798,-0.21717992,0.42351875,2.1277432000000003,-4.962301,12.329903123913988,0.5381950918032153,0.91902837058229,-4.2253323157681475,18.733809,-2.4023106,0.7326355,-1.0239227,0
-0.9299999999999993,6.9570603,-7.3395944,2.1066065,0.19627783,-0.19515653,-0.9499825999999999,-0.14464693,-6.485171299999999,5.695216,-0.21012083,0.4407474,1.9391988999999998,-4.9261374,12.329903123913988,0.5381950918032153,0.91902837058229,-4.2253323157681475,18.733809,-2.4023106,0.7326355,-1.0239227,0
-0.9199999999999993,6.892011,-7.2823772,2.1045352999999998,0.20949718,-0.19374129,-0.9438438,-0.16653791,-6.524880400000001,5.748298,-0.20426081,0.4553939,1.7800663,-4.8917484,11.606501887648554,1.1583659066209084,-0.6059268295537075,-3.1011906497171187,16.24406,-1.6017401000000002,0.85891604,-0.91308147,0
-0.9099999999999993,6.8265667,-7.224638000000001,2.1024916,0.22121911,-0.19236135,-0.9373269000000001,-0.18835671,-6.564089,5.799559599999999,-0.20492509,0.5718808000000001,1.4157342,-4.804629,11.606501887648554,1.1583659066209084,-0.6059268295537075,-3.1011906497171187,16.24406,-1.6017401000000002,0.85891604,-0.91308147,0
-0.8999999999999992,6.760725999999999,-7.1663837,2.1004313999999997,0.23102383,-0.19110695,-0.9305735,-0.2100949,-6.6041669999999995,5.851468,-0.20726414,0.66229534,1.1002091,-4.7210407,11.606501887648554,1.1583659066209084,-0.6059268295537075,-3.1011906497171187,16.24406,-1.6017401000000002,0.85891604,-0.91308147,0
-0.8899999999999992,6.694481,-7.107605499999999,2.0983436,0.23917443,-0.18991563,-0.9236032,-0.23170143,-6.644958,5.904404,-0.2104706,0.7387953,0.8339402,-4.6415544,11.606501887648554,1.1583659066209084,-0.6059268295537075,-3.1011906497171187,16.24406,-1.6017401000000002,0.85891604,-0.91308147,0
-0.8799999999999992,6.627826,-7.048292599999999,2.0962195,0.24590239,-0.18875107,-0.9164216000000001,-0.25313473,-6.686103,5.9583697,-0.21441244,0.80351776,0.60923684,-4.565968,10.854081036896005,1.6823995177802653,-1.8127275531033975,-2.021612058064191,15.1250305,-0.9852154000000001,0.22125767,-0.47551373,0
-0.8699999999999992,6.560751,-6.9884243,2.0940716,0.2510823,-0.18802792,-0.9090075999999999,-0.27442503,-6.728744,6.0153217,-0.21562828,1.0546306,0.34572482,-4.451967,10.854081036896005,1.6823995177802653,-1.8127275531033975,-2.021612058064191,15.1250305,-0.9852154000000001,0.22125767,-0.47551373,0
-0.8599999999999992,6.493255,-6.927986,2.0918996,0.2545837,-0.18802175,-0.90137154,-0.29557595,-6.770241,6.0723785999999995,-0.2190685,1.2507666000000002,0.10757108,-4.341568,10.854081036896005,1.6823995177802653,-1.8127275531033975,-2.021612058064191,15.1250305,-0.9852154000000001,0.22125767,-0.47551373,0
-0.8499999999999992,6.425351,-6.866976299999999,2.0896838,0.2565702,-0.18848896,-0.893566,-0.31651896,-6.810312700000001,6.1296887,-0.22435063,1.3971552,-0.11252422,-4.2348666,10.854081036896005,1.6823995177802653,-1.8127275531033975,-2.021612058064191,15.1250305,-0.9852154000000001,0.22125767,-0.47551373,0
-0.8399999999999992,6.357055,-6.805391999999999,2.0874066000000004,0.25718454,-0.18921866,-0.8856366,-0.33719575,-6.8486395,6.187183999999999,-0.23134531,1.5013272,-0.31762266,-4.131662,10.571287215791596,2.074671326250992,-2.3222801414669454,-1.0086302686353878,15.082464000000002,-0.272813,-0.6657976999999999,0.03211155,0
-0.8299999999999992,6.28835,-6.7431765,2.0851378,0.25637072,-0.19026428,-0.87761474,-0.35758445,-6.891868,6.255705,-0.22289002,1.6793653000000002,-0.5414051999999999,-4.004618600000001,10.571287215791596,2.074671326250992,-2.3222801414669454,-1.0086302686353878,15.082464000000002,-0.272813,-0.6657976999999999,0.03211155,0
-0.8199999999999992,6.219228299999999,-6.680279,2.0829403,0.25410974,-0.19170879,-0.86951286,-0.37765595,-6.9320555,6.3236346,-0.2170104,1.8227234,-0.73719656,-3.880721,10.571287215791596,2.074671326250992,-2.3222801414669454,-1.0086302686353878,15.082464000000002,-0.272813,-0.6657976999999999,0.03211155,0
-0.8099999999999992,6.1497207000000005,-6.616705400000001,2.0807896,0.25057110000000005,-0.19343054,-0.8613405999999999,-0.39735597,-6.968991,6.390857700000001,-0.21350192,1.9371371,-0.9090406999999999,-3.7598922,10.571287215791596,2.074671326250992,-2.3222801414669454,-1.0086302686353878,15.082464000000002,-0.272813,-0.6657976999999999,0.03211155,0
-0.7999999999999992,6.0798607,-6.552464,2.0786626,0.24590263,-0.19533053,-0.8531058000000001,-0.41664007,-7.002536999999999,6.457236,-0.21218762,2.0274196,-1.0603761999999999,-3.6420557000000002,10.147380253846086,2.0684796445664717,-2.4302271480880906,-0.08869171499592626,14.52541,-0.6124908,-1.3788922,0.94704723,0
-0.7899999999999991,6.0096545,-6.4875050000000005,2.0766268,0.24019732,-0.19734970000000002,-0.8448393,-0.43543717,-7.038057000000001,6.534444000000001,-0.19529949,2.105552,-1.2020434,-3.5063470000000003,10.147380253846086,2.0684796445664717,-2.4302271480880906,-0.08869171499592626,14.52541,-0.6124908,-1.3788922,0.94704723,0
-0.7799999999999991,5.9391136,-6.42178,2.0747485,0.23353778,-0.19944154,-0.83657277,-0.45368472,-7.069439999999999,6.610285,-0.1806696,2.1658087000000004,-1.3273188,-3.373999,10.147380253846086,2.0684796445664717,-2.4302271480880906,-0.08869171499592626,14.52541,-0.6124908,-1.3788922,0.94704723,0
-0.7699999999999991,5.86828,-6.3553047,2.0730060000000003,0.22603074,-0.20154977,-0.8283149999999999,-0.47136253,-7.096692999999999,6.684570299999999,-0.16816962,2.2112696,-1.4384677,-3.244929,10.147380253846086,2.0684796445664717,-2.4302271480880906,-0.08869171499592626,14.52541,-0.6124908,-1.3788922,0.94704723,0
-0.7599999999999991,5.7971945,-6.288094999999999,2.0713782,0.21776974,-0.20362917,-0.8200746999999999,-0.4884564,-7.1198664,6.757117699999999,-0.15769504,2.2445161,-1.53742,-3.1190557,10.147380253846086,2.0684796445664717,-2.4302271480880906,-0.08869171499592626,13.5156,-0.7545618000000001,-1.5111082,1.4224303999999999,0
-0.7499999999999991,5.725896400000001,-6.220169,2.0698456999999997,0.20883685,-0.20564353,-0.81186,-0.5049573,-7.139045200000001,6.8277564,-0.14916226,2.2677112,-1.6258209,-2.9962997000000002,10.147380253846086,2.0684796445664717,-2.4302271480880906,-0.08869171499592626,13.5156,-0.7545618000000001,-1.5111082,1.4224303999999999,0
-0.7399999999999989,5.654427,-6.151547,2.068389,0.19930416,-0.20756403,-0.80367917,-0.5208604,-7.1543407000000006,6.8963265,-0.14250562,2.2826662,-1.7050717,-2.876584,10.147380253846086,2.0684796445664717,-2.4302271480880906,-0.08869171499592626,13.5156,-0.7545618000000001,-1.5111082,1.4224303999999999,0
-0.7299999999999989,5.5828233,-6.08225,2.0669894,0.18923510000000002,-0.2093678,-0.7955398,-0.5361645,-7.165887400000001,6.962683999999999,-0.13767481,2.2908976,-1.7763677,-2.7598333,10.147380253846086,2.0684796445664717,-2.4302271480880906,-0.08869171499592626,13.5156,-0.7545618000000001,-1.5111082,1.4224303999999999,0
-0.7199999999999989,5.5111217,-6.012301,2.065629,0.17868558,-0.21103683,-0.78744936,-0.5508714,-7.173835799999999,7.0267015,-0.13463250000000002,2.2936752,-1.8407284,-2.6459742000000004,9.457603284597392,1.7187929844678742,-2.2219794825126065,0.7316435595912288,12.444678,-0.9394450000000001,-0.8037107,1.601394,0
-0.7099999999999989,5.4393544,-5.941676599999999,2.064367,0.16784595,-0.21254039,-0.7794438,-0.56490934,-7.179052400000001,7.0977372999999995,-0.118073165,2.2489712,-1.8551008999999998,-2.5178607000000004,9.457603284597392,1.7187929844678742,-2.2219794825126065,0.7316435595912288,12.444678,-0.9394450000000001,-0.8037107,1.601394,0
-0.6999999999999991,5.367553,-5.870356,2.0632603,0.15687247,-0.21386328,-0.7715639,-0.5782245,-7.180565,7.165863000000001,-0.103543855,2.2082777,-1.8702081000000002,-2.3929202999999997,9.457603284597392,1.7187929844678742,-2.2219794825126065,0.7316435595912288,12.444678,-0.9394450000000001,-0.8037107,1.601394,0
-0.6899999999999991,5.295755000000001,-5.7983694,2.062289,0.14576484,-0.21501316,-0.76382214,-0.59084564,-7.178632,7.2310205000000005,-0.09104622,2.1711411,-1.8857629,-2.271074,9.457603284597392,1.7187929844678742,-2.2219794825126065,0.7316435595912288,12.444678,-0.9394450000000001,-0.8037107,1.601394,0
-0.679999999999999,5.223992,-5.725746,2.0614324,0.13452394,-0.21599658,-0.75622886,-0.6027998,-7.1735014999999995,7.293169,-0.080582455,2.1371756,-1.9015256,-2.1522455000000003,8.907437615982774,1.137165296188675,-2.033942816593874,1.4833932510243053,12.398603999999999,-0.9967433000000001,-0.6026024999999999,2.0076959999999997,0
-0.669999999999999,5.1523004,-5.652475,2.0607443,0.123352684,-0.21680329999999998,-0.7488315999999999,-0.6140297,-7.1642985,7.360467,-0.05742068,2.0464807,-1.8568386000000001,-2.0203283,8.907437615982774,1.137165296188675,-2.033942816593874,1.4833932510243053,12.398603999999999,-0.9967433000000001,-0.6026024999999999,2.0076959999999997,0
-0.659999999999999,5.0807166,-5.5785480000000005,2.0602758000000003,0.11241344,-0.21743527,-0.7416809,-0.6244960999999999,-7.152058599999999,7.42435,-0.03659919,1.9684626,-1.8206006000000001,-1.891678,8.907437615982774,1.137165296188675,-2.033942816593874,1.4833932510243053,12.398603999999999,-0.9967433000000001,-0.6026024999999999,2.0076959999999997,0
-0.649999999999999,5.009269000000001,-5.5039997000000005,2.0600042000000003,0.10165299,-0.21791306,-0.7347874,-0.63424665,-7.1370949999999995,7.4848742,-0.018134588,1.9012508000000001,-1.7913866000000003,-1.7662139,8.907437615982774,1.137165296188675,-2.033942816593874,1.4833932510243053,12.398603999999999,-0.9967433000000001,-0.6026024999999999,2.0076959999999997,0
-0.639999999999999,4.9379835,-5.428861599999999,2.0599053,0.09102664,-0.21825314,-0.7281585999999999,-0.64332384,-7.119688000000001,7.5421042,-0.0020357072,1.8432705000000003,-1.7679886000000002,-1.6438572,8.331853862017384,0.1660519502282338,-1.3926140021081268,2.163303284310468,12.0307045,-1.422723,0.14257585,2.034984,0
-0.629999999999999,4.8668942,-5.353136,2.0600216000000002,0.080932416,-0.21844839,-0.7218671999999999,-0.6516430999999999,-7.0977883,7.6025214000000005,0.024936054,1.6680936000000002,-1.6230280000000001,-1.5103978,8.331853862017384,0.1660519502282338,-1.3926140021081268,2.163303284310468,12.0307045,-1.422723,0.14257585,2.034984,0
-0.619999999999999,4.796035,-5.2768235,2.0603948,0.07168487,-0.21850770000000003,-0.71598756,-0.6591497,-7.0738516,7.6595416,0.0492345,1.5203303,-1.5005891000000002,-1.3802438,8.331853862017384,0.1660519502282338,-1.3926140021081268,2.163303284310468,12.0307045,-1.422723,0.14257585,2.034984,0
-0.6099999999999992,4.7254233,-5.1999564000000005,2.0609971999999996,0.06313640000000001,-0.21846226,-0.71052325,-0.6659172,-7.0482492,7.713379,0.07084994,1.3956757,-1.3971869,-1.2533131000000002,8.331853862017384,0.1660519502282338,-1.3926140021081268,2.163303284310468,12.0307045,-1.422723,0.14257585,2.034984,0
-0.5999999999999992,4.6550746,-5.122566,2.0618024,0.055162035,-0.21833579,-0.7054736999999999,-0.6720077,-7.021289,7.7642317,0.08978865,1.2905132,-1.3098638999999999,-1.129526,7.68156561653461,-0.97156580264119,-0.7914330865138258,2.7500633794605154,10.810697,-1.4758178999999998,1.018251,2.6458585,0
-0.5899999999999992,4.585014299999999,-5.0446587,2.0628386,0.04812939,-0.21813901,-0.7009148000000001,-0.67736125,-6.990583,7.8168664,0.116938055,1.0666642,-1.1000861000000002,-0.99732983,7.68156561653461,-0.97156580264119,-0.7914330865138258,2.7500633794605154,10.810697,-1.4758178999999998,1.018251,2.6458585,0
-0.5799999999999992,4.5152660000000004,-4.966239,2.0641313,0.04232404,-0.21788982,-0.69691616,-0.6819395,-6.9590697,7.8667607,0.14118683,0.8785278,-0.92222464,-0.86840767,7.68156561653461,-0.97156580264119,-0.7914330865138258,2.7500633794605154,10.810697,-1.4758178999999998,1.018251,2.6458585,0
-0.5699999999999992,4.4458345999999995,-4.8873324,2.0656524,0.037537716,-0.21761149999999999,-0.693463,-0.6858178,-6.9270916,7.9142246,0.16255966,0.7203864000000001,-0.77144814,-0.74267846,7.68156561653461,-0.97156580264119,-0.7914330865138258,2.7500633794605154,10.810697,-1.4758178999999998,1.018251,2.6458585,0
-0.5599999999999992,4.3767242,-4.8079615,2.0673728,0.033594507999999995,-0.21732037,-0.6905383,-0.68905807,-6.8949194,7.959525599999999,0.1810938,0.58743936,-0.6436546999999999,-0.6200631,7.68156561653461,-0.97156580264119,-0.7914330865138258,2.7500633794605154,10.737015,-1.7928116000000003,1.1567246999999998,2.8037994,0
-0.5499999999999992,4.307935700000001,-4.728148,2.0692647,0.030346021,-0.21702754,-0.6881236,-0.69171166,-6.8627667,8.002892999999998,0.19683470000000003,0.4756554,-0.53536177,-0.5004845,7.68156561653461,-0.97156580264119,-0.7914330865138258,2.7500633794605154,10.737015,-1.7928116000000003,1.1567246999999998,2.8037994,0
-0.5399999999999991,4.2394676,-4.647908999999999,2.0713,0.027667224,-0.21674037,-0.6862001,-0.6938215999999999,-6.8308,8.044522,0.20983313,0.3816487,-0.4436133,-0.38386753,7.68156561653461,-0.97156580264119,-0.7914330865138258,2.7500633794605154,10.737015,-1.7928116000000003,1.1567246999999998,2.8037994,0
-0.5299999999999991,4.171318,-4.567262,2.073452,0.025452872999999997,-0.21646348,-0.6847494000000001,-0.69542414,-6.79915,8.08458,0.22014314,0.3025753,-0.36590022,-0.27013874,7.68156561653461,-0.97156580264119,-0.7914330865138258,2.7500633794605154,10.737015,-1.7928116000000003,1.1567246999999998,2.8037994,0
-0.5199999999999991,4.103482700000001,-4.4862223,2.075694,0.02361447,-0.21619953,-0.6837535,-0.69655013,-6.767917,8.123211,0.22782070000000004,0.23604636,-0.30009359999999996,-0.15922661,7.067441900488447,-2.119355118578229,-0.4488981099050974,3.2155211226172256,11.146317,-1.6811895000000001,0.8743122999999999,2.8688228,0
-0.5099999999999991,4.03597,-4.4047875,2.0780413,0.022484632,-0.2159544,-0.68326783,-0.6971399,-6.734739299999999,8.163534,0.24116590000000002,0.063880295,-0.12814702,-0.042420674000000005,7.067441900488447,-2.119355118578229,-0.4488981099050974,3.2155211226172256,11.146317,-1.6811895000000001,0.8743122999999999,2.8688228,0
-0.4999999999999991,3.9687858,-4.322956,2.0805081999999997,0.022322707,-0.21573271,-0.68333673,-0.6971461999999999,-6.7022786,8.202681,0.25178376,-0.081349924,0.017071448,0.07149239,7.067441900488447,-2.119355118578229,-0.4488981099050974,3.2155211226172256,11.146317,-1.6811895000000001,0.8743122999999999,2.8688228,0
-0.4899999999999989,3.9019217000000004,-4.2407379999999995,2.0830677,0.022961588999999998,-0.21553248,-0.68392664,-0.69660866,-6.670692,8.240861,0.25972903,-0.20401229,0.1395627,0.1825842,7.067441900488447,-2.119355118578229,-0.4488981099050974,3.2155211226172256,11.146317,-1.6811895000000001,0.8743122999999999,2.8688228,0
-0.47999999999999887,3.8353684,-4.1581410000000005,2.0856936000000004,0.024260577000000002,-0.21535018,-0.6850058000000001,-0.69555986,-6.6400976,8.278242,0.26505756,-0.30777442,0.24272238,0.29092467,6.677343891163241,-3.0879963778636417,-0.7441359281931536,3.5661841334463387,10.921921000000001,-1.9273523999999997,0.6252651,3.0596992999999997,0
-0.46999999999999886,3.7691252,-4.075163,2.0883927,0.02628356,-0.21518302,-0.68658173,-0.6939825,-6.608678299999999,8.317346,0.27436495,-0.44828597,0.38187990000000005,0.40343273,6.677343891163241,-3.0879963778636417,-0.7441359281931536,3.5661841334463387,10.921921000000001,-1.9273523999999997,0.6252651,3.0596992999999997,0
-0.45999999999999885,3.70319,-3.9917964999999995,2.0911715,0.029074682,-0.21502602,-0.688657,-0.6918603,-6.578531,8.355903999999999,0.28100032,-0.56753063,0.4986894,0.5131543,6.677343891163241,-3.0879963778636417,-0.7441359281931536,3.5661841334463387,10.921921000000001,-1.9273523999999997,0.6252651,3.0596992999999997,0
-0.44999999999999885,3.6375499,-3.9080467000000003,2.0940037,0.032498196,-0.21487154,-0.69119555,-0.68921953,-6.549752,8.394052,0.28501734,-0.668996,0.5964651,0.6201585000000001,6.677343891163241,-3.0879963778636417,-0.7441359281931536,3.5661841334463387,10.921921000000001,-1.9273523999999997,0.6252651,3.0596992999999997,0
-0.43999999999999884,3.57219,-3.823917,2.096863,0.03643973,-0.21471192,-0.69416404,-0.6860816999999999,-6.5224137,8.431888,0.28646868,-0.75560963,0.67802,0.7245125,6.698203377001153,-4.194569806312464,-0.7396734962375908,3.673343179508733,11.826321,-2.5709142999999997,-1.0441281999999998,3.8288830000000003,0
-0.4299999999999988,3.5070998999999996,-3.739405,2.0997374,0.041108217,-0.21453699999999998,-0.6975749,-0.6824031999999999,-6.495877,8.470511,0.28802907,-0.9166639999999999,0.8321725,0.8290341,6.698203377001153,-4.194569806312464,-0.7396734962375908,3.673343179508733,11.826321,-2.5709142999999997,-1.0441281999999998,3.8288830000000003,0
-0.4199999999999988,3.4422669999999997,-3.6545074,2.1026146,0.04666377,-0.21433270000000001,-0.70143014,-0.67814505,-6.470986,8.509017,0.28705066,-1.0543038999999998,0.9605804,0.93096703,6.698203377001153,-4.194569806312464,-0.7396734962375908,3.673343179508733,11.826321,-2.5709142999999997,-1.0441281999999998,3.8288830000000003,0
-0.4099999999999988,3.3776742999999994,-3.5692246,2.1054697,0.052951556,-0.21408628,-0.70568526,-0.6733294,-6.4478393,8.547503,0.28357375,-1.1723905000000001,1.067049,1.0303754,6.698203377001153,-4.194569806312464,-0.7396734962375908,3.673343179508733,11.826321,-2.5709142999999997,-1.0441281999999998,3.8288830000000003,0
-0.3999999999999988,3.313304,-3.4835565,2.1082783,0.059840593,-0.2137822,-0.71030027,-0.6679751,-6.426462,8.586122,0.27784163,-1.276669,1.1522995,1.1271076999999998,7.119493457898884,-5.159768200536711,-0.966481193528312,3.563062194809928,10.705358,-3.0611756000000003,-0.31080630000000004,3.5645847,0
-0.3899999999999988,3.2491453,-3.3974886,2.1110492,0.067417525,-0.21308896,-0.71530795,-0.6621053000000001,-6.4055976999999995,8.62754,0.27602267,-1.5108587,1.1930951,1.2134191,7.119493457898884,-5.159768200536711,-0.966481193528312,3.563062194809928,10.705358,-3.0611756000000003,-0.31080630000000004,3.5645847,0
-0.3799999999999988,3.1851849999999997,-3.3110046000000004,2.1137922000000002,0.07573965,-0.21167965,-0.7207361999999999,-0.65574044,-6.386766400000001,8.669307,0.27233052,-1.7286196,1.2074058,1.297293,7.119493457898884,-5.159768200536711,-0.966481193528312,3.563062194809928,10.705358,-3.0611756000000003,-0.31080630000000004,3.5645847,0
-0.3699999999999988,3.1214020000000002,-3.2241014999999997,2.1164892,0.08466342,-0.20951954,-0.7265472,-0.64889437,-6.370151,8.711352999999999,0.26678379999999996,-1.932532,1.199345,1.3788505,7.119493457898884,-5.159768200536711,-0.966481193528312,3.563062194809928,10.705358,-3.0611756000000003,-0.31080630000000004,3.5645847,0
-0.35999999999999877,3.0577736,-3.136777,2.1191218,0.0940655,-0.2065801,-0.7327056,-0.6415761,-6.355903,8.753583,0.2594029,-2.1247296,1.1724279,1.4582032,7.119493457898884,-5.159768200536711,-0.966481193528312,3.563062194809928,11.266584,-3.485555,-0.7518132,3.5574019999999997,0
-0.34999999999999876,2.9942752999999995,-3.0490298,2.1216714,0.103839524,-0.20283836,-0.7391781,-0.63379073,-6.3441477,8.795876,0.25020927,-2.3069751,1.1296606000000002,1.5354536,7.119493457898884,-5.159768200536711,-0.966481193528312,3.563062194809928,11.266584,-3.485555,-0.7518132,3.5574019999999997,0
-0.33999999999999875,2.9308817000000005,-2.9608597999999997,2.12412,0.11389334,-0.1982763,-0.745933,-0.6255396,-6.3349843,8.838092,0.23922449999999998,-2.4807236,1.0736127,1.6106961000000002,7.119493457898884,-5.159768200536711,-0.966481193528312,3.563062194809928,11.266584,-3.485555,-0.7518132,3.5574019999999997,0
-0.32999999999999874,2.8675667999999996,-2.8722687000000002,2.1264498,0.12414672,-0.19288035,-0.7529393,-0.616821,-6.328489,8.880078999999999,0.22646964,-2.6471741,1.0064828000000001,1.6840178,7.119493457898884,-5.159768200536711,-0.966481193528312,3.563062194809928,11.266584,-3.485555,-0.7518132,3.5574019999999997,0
-0.31999999999999873,2.804303,-2.7832596,2.1286435,0.13452935,-0.18664098,-0.7601665,-0.60763043,-6.3247147,8.921675,0.21196465,-2.8073142000000004,0.93015134,1.7554995999999998,7.749762400282477,-5.798470815683094,-1.4696053369730808,3.2854758422616297,11.702825,-2.9684627,-0.44699004,2.7930189999999997,0
-0.3099999999999987,2.7410634,-2.6938257,2.1307065,0.14498083,-0.17919089,-0.76764786,-0.5979873,-6.3236456,8.96499,0.20030634,-3.0738966,0.7552063,1.8127028000000003,7.749762400282477,-5.798470815683094,-1.4696053369730808,3.2854758422616297,11.702825,-2.9684627,-0.44699004,2.7930189999999997,0
-0.2999999999999987,2.67782,-2.6039636,2.1326417999999996,0.15543757,-0.17021118,-0.7754013000000001,-0.5878954000000001,-6.3255596,9.007232,0.18645956,-3.3241346,0.58230543,1.8693557,7.749762400282477,-5.798470815683094,-1.4696053369730808,3.2854758422616297,11.702825,-2.9684627,-0.44699004,2.7930189999999997,0
-0.2899999999999987,2.6145422000000003,-2.5136855,2.1344282999999997,0.16583669,-0.15976606,-0.78337175,-0.5773236999999999,-6.33049,9.048152,0.17052367,-3.5597794,0.41192845,1.9254141,7.749762400282477,-5.798470815683094,-1.4696053369730808,3.2854758422616297,11.702825,-2.9684627,-0.44699004,2.7930189999999997,0
-0.2799999999999987,2.5512,-2.4230058,2.1360455000000003,0.17612194,-0.14791657,-0.79150176,-0.56623995,-6.338438,9.087508,0.15257697,-3.7823534,0.24443604,1.9808395,8.385110535364777,-5.759605324471508,-2.5732556826269515,2.9362482810968054,12.425208999999999,-3.2598352000000004,-1.1822491000000002,2.5902665000000002,0
-0.2699999999999989,2.4877605,-2.3319327999999997,2.1374912,0.18587357,-0.13439412,-0.79980767,-0.55470526,-6.349861,9.126744,0.136205,-4.0121503,-0.117297634,2.020718,8.385110535364777,-5.759605324471508,-2.5732556826269515,2.9362482810968054,12.425208999999999,-3.2598352000000004,-1.1822491000000002,2.5902665000000002,0
-0.2599999999999989,2.4241922000000002,-2.2404792000000002,2.1387615,0.19474235,-0.11897499,-0.8082946,-0.54275346,-6.3642449999999995,9.163564,0.11750785,-4.2340126,-0.45050466,2.0611331,8.385110535364777,-5.759605324471508,-2.5732556826269515,2.9362482810968054,12.425208999999999,-3.2598352000000004,-1.1822491000000002,2.5902665000000002,0
-0.2499999999999989,2.360466,-2.1486709999999998,2.139834,0.2027749,-0.10177911,-0.8168803000000001,-0.53031224,-6.3814487,9.197659,0.09662124,-4.447910299999999,-0.75836766,2.1019452000000003,8.385110535364777,-5.759605324471508,-2.5732556826269515,2.9362482810968054,12.425208999999999,-3.2598352000000004,-1.1822491000000002,2.5902665000000002,0
-0.23999999999999888,2.296554,-2.0565362,2.1406875,0.21000856,-0.08292392,-0.82547385,-0.51731426,-6.4014096,9.228898,0.07397546599999999,-4.649841,-1.0395827,2.1426785,9.363270897710768,-5.188599096857493,-2.574637498381417,2.3917450029413527,12.908974,-3.5843529999999997,-2.3849692000000005,2.6592648,0
-0.22999999999999865,2.232414,-1.9640845,2.1413572,0.21638162,-0.062780134,-0.8339107,-0.5038170999999999,-6.4271400000000005,9.260985,0.05998174,-4.7335157,-1.2791282,2.1549002999999995,9.363270897710768,-5.188599096857493,-2.574637498381417,2.3917450029413527,12.908974,-3.5843529999999997,-2.3849692000000005,2.6592648,0
-0.21999999999999864,2.1679997,-1.8713269000000001,2.1418872,0.22187142,-0.041727938,-0.84204227,-0.48989564,-6.456254,9.289997999999999,0.046001165999999996,-4.804190599999999,-1.4812976999999998,2.1665223,9.363270897710768,-5.188599096857493,-2.574637498381417,2.3917450029413527,12.908974,-3.5843529999999997,-2.3849692000000005,2.6592648,0
-0.20999999999999863,2.103278,-1.7782961,2.1422767999999994,0.22656935,-0.019927574,-0.8497909,-0.47552693,-6.488597,9.315610000000001,0.031944737,-4.8638864,-1.6519228,2.1775742,9.363270897710768,-5.188599096857493,-2.574637498381417,2.3917450029413527,12.908974,-3.5843529999999997,-2.3849692000000005,2.6592648,0
-0.19999999999999862,2.0382173,-1.6850272000000002,2.142525,0.23055397,0.0024827857999999998,-0.85708725,-0.46069652,-6.523994999999999,9.337530000000001,0.017700056999999998,-4.914308999999999,-1.795925,2.1880836,10.122647441760057,-3.8056800755710785,-2.3179902774739283,1.8846257869091856,13.373089000000002,-3.7130706,-2.9925102999999997,2.6310569999999998,0
-0.18999999999999884,1.9727729999999999,-1.5915514,2.1426632000000003,0.23373152,0.024875475,-0.8638322,-0.44558495,-6.5653424,9.356982,0.009914473,-4.741321599999999,-1.8770483,2.1731927000000004,10.122647441760057,-3.8056800755710785,-2.3179902774739283,1.8846257869091856,13.373089000000002,-3.7130706,-2.9925102999999997,2.6310569999999998,0
-0.17999999999999883,1.9069011000000002,-1.4979028,2.1427214,0.23605044,0.046745494000000005,-0.8699872,-0.43037033,-6.6094375,9.372071,0.0016627559,-4.5953292999999995,-1.9455639,2.1590328,10.122647441760057,-3.8056800755710785,-2.3179902774739283,1.8846257869091856,13.373089000000002,-3.7130706,-2.9925102999999997,2.6310569999999998,0
-0.16999999999999882,1.8405759999999998,-1.4041251000000001,2.1426942,0.23762815,0.06814912,-0.87557447,-0.41504129999999995,-6.655936200000001,9.382741000000001,-0.007168656999999999,-4.4721203,-2.0034313000000004,2.1455677000000004,10.122647441760057,-3.8056800755710785,-2.3179902774739283,1.8846257869091856,13.373089000000002,-3.7130706,-2.9925102999999997,2.6310569999999998,0
-0.1599999999999988,1.7737752,-1.3102631999999999,2.1425755,0.23856284,0.089134194,-0.8806093,-0.39958924,-6.7045183,9.38895,-0.016690325,-4.3681374,-2.052305,2.1327631,10.122647441760057,-3.8056800755710785,-2.3179902774739283,1.8846257869091856,13.636478,-2.8296474999999996,-2.5149024,1.9177388,0
-0.1499999999999988,1.7064795,-1.2163614999999999,2.1423576,0.23893657,0.10974104,-0.8851019,-0.38400805,-6.754884,9.390673,-0.027010718,-4.280380999999999,-2.0935829,2.1205868999999997,10.122647441760057,-3.8056800755710785,-2.3179902774739283,1.8846257869091856,13.636478,-2.8296474999999996,-2.5149024,1.9177388,0
-0.1399999999999988,1.6386724,-1.1224651,2.1420320999999998,0.23881805,0.13000332,-0.8890591999999998,-0.36829385,-6.806750999999999,9.387895,-0.038236845,-4.20632,-2.128445,2.109008,10.122647441760057,-3.8056800755710785,-2.3179902774739283,1.8846257869091856,13.636478,-2.8296474999999996,-2.5149024,1.9177388,0
-0.12999999999999878,1.5703403,-1.0286191999999998,2.1415894,0.23826475,0.14994876,-0.8924850000000001,-0.35244477,-6.859851400000001,9.380614,-0.050474457,-4.143815,-2.157889,2.0979977,10.122647441760057,-3.8056800755710785,-2.3179902774739283,1.8846257869091856,13.636478,-2.8296474999999996,-2.5149024,1.9177388,0
-0.11999999999999877,1.5014721000000002,-0.93486845,2.141019,0.23732482,0.16959994,-0.8953818000000001,-0.33646065,-6.9139295,9.368838,-0.06382811,-4.091064,-2.1827567,2.0875273,10.492855792533042,-2.1825384153984237,-1.9444391752250936,1.3515874108218071,12.94552,-1.9544555000000001,-2.2106726,1.5100615,0
-0.10999999999999877,1.4320493,-0.8412607,2.1403244,0.23594922,0.18836069,-0.8978166,-0.32058567,-6.9707336,9.352018,-0.07533383,-3.793532,-2.1450970000000003,2.0514145,10.492855792533042,-2.1825384153984237,-1.9444391752250936,1.3515874108218071,12.94552,-1.9544555000000001,-2.2106726,1.5100615,0
-0.09999999999999876,1.3620558999999999,-0.7478433000000001,2.139508,0.23411931,0.20576957,-0.8998892,-0.3050377,-7.02798,9.330788,-0.08810762,-3.542388,-2.1133895000000003,2.0170738999999998,10.492855792533042,-2.1825384153984237,-1.9444391752250936,1.3515874108218071,12.94552,-1.9544555000000001,-2.2106726,1.5100615,0
-0.08999999999999875,1.2914889999999999,-0.65465933,2.1385577000000002,0.23190956,0.2220252,-0.90163845,-0.28977959999999997,-7.0853825,9.305386,-0.10213483,-3.3303995000000004,-2.0866926,1.984418,10.492855792533042,-2.1825384153984237,-1.9444391752250936,1.3515874108218071,12.94552,-1.9544555000000001,-2.2106726,1.5100615,0
-0.07999999999999874,1.2203485,-0.5617493,2.137461,0.22937952,0.23729539,-0.9030915999999999,-0.27477774,-7.142696400000001,9.276024000000001,-0.117399134,-3.151462,-2.064213,1.9533647,10.522881242839107,-0.37204380769146267,-1.6789663502147392,0.6863516092945825,12.947269,-0.27093652,-1.6979511000000003,0.64242846,0
-0.06999999999999873,1.1486353,-0.46915218,2.1362066000000004,0.22646031,0.25105926,-0.90440357,-0.26027003,-7.1998619999999995,9.2428255,-0.13363336,-2.7181716000000002,-2.0034718999999996,1.8911921000000003,10.522881242839107,-0.37204380769146267,-1.6789663502147392,0.6863516092945825,12.947269,-0.27093652,-1.6979511000000003,0.64242846,0
-0.05999999999999872,1.0763530000000001,-0.37690440000000003,2.1347845000000003,0.22311263,0.26292232,-0.9057325,-0.2464598,-7.2564754,9.20623,-0.15093805,-2.3524325,-1.9523234,1.8320701000000001,10.522881242839107,-0.37204380769146267,-1.6789663502147392,0.6863516092945825,12.947269,-0.27093652,-1.6979511000000003,0.64242846,0
-0.04999999999999871,1.0035082,-0.28503802,2.1331849999999997,0.21941558,0.27318427,-0.9070908999999999,-0.23326918,-7.31233,9.166598,-0.1691506,-2.0437136000000002,-1.9092497,1.7758493000000002,10.522881242839107,-0.37204380769146267,-1.6789663502147392,0.6863516092945825,12.947269,-0.27093652,-1.6979511000000003,0.64242846,0
-0.0399999999999987,0.9301094999999999,-0.1935818,2.1313994,0.21543096,0.28209692,-0.9084795,-0.22062863,-7.3672595,9.124239999999999,-0.18812415,-1.7831248,-1.8729731,1.7223874,11.295393559839036,1.1940702358152688,-0.9907558404781992,0.19533181067117505,13.288013000000001,0.85497993,-1.3507558000000002,0.3251917,0
-0.029999999999998694,0.8561468000000001,-0.1025779,2.1294496,0.21130633,0.28925708,-0.9100035,-0.20874584,-7.425092,9.076164,-0.20194998,-1.3190727,-1.7348057000000001,1.6474543999999998,11.295393559839036,1.1940702358152688,-0.9907558404781992,0.19533181067117505,13.288013000000001,0.85497993,-1.3507558000000002,0.3251917,0
-0.019999999999998908,0.78161186,-0.01206594,2.1273592,0.20716792,0.2943648,-0.9117624,-0.19779104,-7.481705000000001,9.025928,-0.21620823,-0.9273495999999999,-1.6183072,1.5761983,11.295393559839036,1.1940702358152688,-0.9907558404781992,0.19533181067117505,13.288013000000001,0.85497993,-1.3507558000000002,0.3251917,0
-0.009999999999998899,0.7065170999999999,0.077934735,2.1251247,0.20302747,0.2977514,-0.9137347,-0.18765436,-7.537047,8.973969,-0.23066644,-0.5966835,-1.5200745,1.5084389999999999,11.295393559839036,1.1940702358152688,-0.9907558404781992,0.19533181067117505,13.288013000000001,0.85497993,-1.3507558000000002,0.3251917,0
1.3322676295501878e-15,0.63087535,0.16740882,2.1227455,0.19889016,0.2996934,-0.9158921,-0.1782396,-7.591087299999999,8.920661,-0.24512315,-0.31755847,-1.4372395,1.4440044,,,,,13.166936999999999,1.8622077000000001,-0.8208091000000001,-0.14750205,0
0.010000000000000675,0.55468583,0.25633016,2.120245,0.194886,0.3000156,-0.9182726999999999,-0.16966587,-7.646602000000001,8.863471,-0.25496998,0.07798447,-1.2750956,1.3609563999999998,,,,,13.166936999999999,1.8622077000000001,-0.8208091000000001,-0.14750205,0
0.020000000000000906,0.47794792,0.34467608,2.117648,0.19111861,0.29859293,-0.92090404,-0.16202751,-7.700778,8.805641,-0.26440242,0.4118844,-1.138331,1.2819837,,,,,13.166936999999999,1.8622077000000001,-0.8208091000000001,-0.14750205,0
0.030000000000000693,0.40067470000000005,0.43244222,2.1149592,0.18755116,0.29570407,-0.92373914,-0.15521257,-7.7536726,8.747579,-0.27321568,0.6937463,-1.0229685,1.2068862,,,,,13.166936999999999,1.8622077000000001,-0.8208091000000001,-0.14750205,0
0.04000000000000048,0.32287866,0.51962805,2.1121863999999997,0.18414983,0.29158166,-0.9267318999999999,-0.14912446,-7.805343,8.689629,-0.28124166,0.9316788,-0.9256549999999999,1.1354737,,,,,13.166936999999999,1.8622077000000001,-0.8208091000000001,-0.14750205,0
0.050000000000000266,0.24457179999999998,0.6062363000000001,2.1093376,0.18088433,0.28642035,-0.9298395,-0.14367996,-7.8558416,8.632089,-0.28834525,1.1325272,-0.84356254,1.0675656,,,,,13.569273,2.7346923,-0.40232328,-0.67375195,1
0.06000000000000005,0.16573071,0.692232,2.1064875,0.17768271,0.28020087,-0.9330735000000001,-0.13889311,-7.9121809999999995,8.567202,-0.28143188,1.3822927,-0.7746541,0.98211867,,,,,13.569273,2.7346923,-0.40232328,-0.67375195,1
0.06999999999999984,0.086332485,0.7775840999999999,2.1037133,0.17448474,0.27291512,-0.9364341999999999,-0.134776,-7.9672728,8.503403,-0.27319837,1.5931233999999999,-0.71653825,0.90086466,,,,,13.569273,2.7346923,-0.40232328,-0.67375195,1
0.08000000000000007,0.0063894503,0.8623048000000001,2.1010284,0.17128116,0.26472807,-0.9398690999999999,-0.13125919,-8.021144,8.44099,-0.263527,1.771088,-0.6675207,0.8235978,,,,,13.569273,2.7346923,-0.40232328,-0.67375195,1
0.08999999999999941,-0.07408627,0.9464094999999999,2.098448,0.16806386,0.25577843,-0.94333273,-0.12828252,-8.073815,8.380222,-0.2523338,1.9213091,-0.62617445,0.75012237,,,,,13.686129000000001,2.4993927000000005,-0.2823942,-0.6980116999999999,1
0.0999999999999992,-0.15508503,1.0299132,2.0959918,0.16488269,0.24626671,-0.9467542999999999,-0.1257931,-8.1257515,8.320817,-0.23861241,2.0114080000000003,-0.57261103,0.6790619999999999,,,,,13.686129000000001,2.4993927000000005,-0.2823942,-0.6980116999999999,1
0.10999999999999899,-0.23659734,1.112833,2.093681,0.16177727,0.236359,-0.9500794,-0.12374565,-8.176534,8.263472,-0.22329693,2.0874655,-0.52741,0.61148864,,,,,13.686129000000001,2.4993927000000005,-0.2823942,-0.6980116999999999,1
0.11999999999999877,-0.31861186,1.1951903999999998,2.0915313,0.15872787,0.22611691,-0.95329386,-0.12210158,-8.226195,8.208332,-0.20640247,2.1516697,-0.48926434,0.5472311,,,,,13.686129000000001,2.4993927000000005,-0.2823942,-0.6980116999999999,1
0.12999999999999856,-0.4011175,1.2770078,2.0895581,0.15571827,0.21559243,-0.95638585,-0.120827064,-8.274764,8.15553,-0.18795544,2.2058673,-0.4570715,0.48612669999999997,,,,,13.592838,2.050154,-0.16988875,-0.7476459,1
0.13999999999999835,-0.4841018,1.3583112,2.0877733,0.15279879999999998,0.20499739,-0.9593011,-0.11988003,-8.3219385,8.105511,-0.16880187,2.1815534,-0.4123795,0.42558515,,,,,13.592838,2.050154,-0.16988875,-0.7476459,1
0.14999999999999813,-0.56755275,1.4391266,2.086187,0.15000989,0.19450386,-0.96200407,-0.11922597,-8.368091999999999,8.057957,-0.14822516,2.1610372000000004,-0.37465012,0.36801434,,,,,13.592838,2.050154,-0.16988875,-0.7476459,1
0.15999999999999792,-0.6514603,1.5194788000000001,2.084813,0.14732598,0.18409844,-0.9645101,-0.11884686,-8.413264999999999,8.012885,-0.12631007,2.143725,-0.34279838,0.31326857,,,,,13.592838,2.050154,-0.16988875,-0.7476459,1
0.1699999999999977,-0.73581487,1.5993928999999998,2.0836650000000003,0.14472595,0.17376958,-0.96683204,-0.118726216,-8.457493,7.970313000000001,-0.10313612,2.1291165000000003,-0.31590843,0.26120916,,,,,13.136009,1.6340540000000001,-0.006899137,-0.8134604,1
0.17999999999999705,-0.82059973,1.6789006999999998,2.082734,0.14227396,0.16366206,-0.96894306,-0.118844,-8.49935,7.931594400000001,-0.08289837,2.0518942,-0.26780242,0.20847480000000002,,,,,13.136009,1.6340540000000001,-0.006899137,-0.8134604,1
0.18999999999999728,-0.90579903,1.7580331999999999,2.0820107,0.14002109,0.15389122,-0.9708288,-0.11918381,-8.540375,7.895261,-0.061617747,1.9867191000000002,-0.22718859,0.15832815,,,,,13.136009,1.6340540000000001,-0.006899137,-0.8134604,1
0.19999999999999707,-0.99140465,1.8368138999999999,2.081505,0.13793355,0.14440788,-0.97251517,-0.11973581,-8.580623,7.861263799999999,-0.03938821,1.9317118000000002,-0.19290037,0.110642195,,,,,13.136009,1.6340540000000001,-0.006899137,-0.8134604,1
0.20999999999999686,-1.077409,1.9152663,2.0812258999999997,0.13598303,0.13517010000000002,-0.97402334,-0.120490514,-8.620138,7.8295617,-0.016292503,1.8852851000000002,-0.16395284,0.06529623,,,,,12.477138499999999,1.3061601999999999,0.037064176000000004,-0.83946615,1
0.21999999999999664,-1.1637954,1.9934202,2.0811512,0.13417852,0.1262685,-0.9753511,-0.12142656,-8.657013000000001,7.8015895,0.0014748042000000002,1.7949656000000003,-0.13266034,0.02089929,,,,,12.477138499999999,1.3061601999999999,0.037064176000000004,-0.83946615,1
0.22999999999999643,-1.2505472,2.0713049999999997,2.0812576000000003,0.13252658,0.117773406,-0.9765014999999999,-0.122526355,-8.693273,7.775686,0.019915448999999998,1.7187333999999999,-0.106240444,-0.02131908,,,,,12.477138499999999,1.3061601999999999,0.037064176000000004,-0.83946615,1
0.23999999999999622,-1.3376588,2.1489409999999998,2.0815516,0.13100216,0.10962434,-0.9774966,-0.12378593,-8.728958,7.7517759999999996,0.038958404,1.6543908999999999,-0.08393472,-0.061465785,,,,,12.477138499999999,1.3061601999999999,0.037064176000000004,-0.83946615,1
0.249999999999996,-1.4251243999999998,2.2263477000000003,2.0820386,0.12958418,0.10176997,-0.97835433,-0.12520084,-8.764101,7.7297974,0.058542393,1.6000838,-0.065102644,-0.09964249,,,,,12.078445,0.8721641,-0.21124507,-0.7521713000000001,1
0.25999999999999623,-1.5129333999999999,2.3035467,2.082705,0.1281807,0.09434786,-0.97908676,-0.12672354,-8.797618,7.710327599999999,0.07483706,1.4865618999999999,-0.087917276,-0.13166226,,,,,12.078445,0.8721641,-0.21124507,-0.7521713000000001,1
0.269999999999996,-1.6010749,2.38056,2.0835366,0.12671871,0.087464996,-0.9797087,-0.12831514,-8.830636,7.692553,0.09155255,1.3907433,-0.107169606,-0.16211082,,,,,12.078445,0.8721641,-0.21124507,-0.7521713000000001,1
0.2799999999999958,-1.6895442999999999,2.4574032000000003,2.0845375,0.12520726,0.08103977,-0.9802357,-0.1299822,-8.863147,7.676357,0.10864526,1.3098670000000001,-0.123416364,-0.19106525,,,,,12.078445,0.8721641,-0.21124507,-0.7521713000000001,1
0.28999999999999515,-1.7783362,2.534092,2.0857108,0.12365388,0.075003006,-0.98068005,-0.13172926,-8.895147999999999,7.6616387,0.12607884,1.2416034,-0.13712701,-0.2185989,,,,,11.393414,0.09580044,-0.5965691999999999,-0.5408420999999999,1
0.2999999999999954,-1.8674363999999999,2.6106443,2.0870273,0.12195692,0.069618054,-0.9810521999999999,-0.13348408,-8.924847,7.649055000000001,0.13725154,1.0629036,-0.20876238,-0.23441145,,,,,11.393414,0.09580044,-0.5965691999999999,-0.5408420999999999,1
0.3099999999999947,-1.9568311999999999,2.6870768,2.0884569,0.120037235,0.06509071,-0.9813666,-0.13518716,-8.95403,7.637589,0.14868574,0.91207254,-0.26922655,-0.24944809,,,,,11.393414,0.09580044,-0.5965691999999999,-0.5408420999999999,1
0.3199999999999945,-2.0465152,2.7633996,2.0900018,0.11793065,0.061289015999999995,-0.9816351999999999,-0.13685742,-8.982669999999999,7.627053,0.16035643,0.784764,-0.32026225,-0.2637469,,,,,11.393414,0.09580044,-0.5965691999999999,-0.5408420999999999,1
0.3299999999999943,-2.1364827,2.8396208,2.0916646,0.115667135,0.058101274,-0.9818665999999999,-0.13850991,-9.010745,7.617287599999999,0.17224433,0.67730993,-0.36333966,-0.27734402,,,,,11.041909,-0.36608502,-0.8442488000000001,-0.32437673,1
0.3399999999999941,-2.2267240000000004,2.9157490000000004,2.0934303,0.11320167,0.055625197,-0.9820713,-0.14010331,-9.037386,7.608429400000001,0.18093446,0.51457894,-0.43830866,-0.27965194,,,,,11.041909,-0.36608502,-0.8442488000000001,-0.32437673,1
0.34999999999999387,-2.3172283,2.9917912,2.095284,0.11050021,0.05393303,-0.9822584000000001,-0.14160185,-9.063429,7.6,0.18980654,0.37722766,-0.5015903,-0.28184658,,,,,11.041909,-0.36608502,-0.8442488000000001,-0.32437673,1
0.35999999999999366,-2.4079902,3.0677502,2.097227,0.10760036,0.052903183,-0.9824303,-0.14302364,-9.088846,7.591829,0.198849,0.26129785,-0.55500686,-0.28393355,,,,,11.041909,-0.36608502,-0.8442488000000001,-0.32437673,1
0.369999999999993,-2.4990032,3.1436281000000004,2.0992612999999998,0.10453359,0.05243283,-0.9825877000000001,-0.14438336,-9.113616,7.583772,0.20805185,0.16344875,-0.60009605,-0.28591812,,,,,11.093630000000001,-0.72733736,-0.7078099,-0.06223384,1
0.3799999999999928,-2.590261,3.2194254,2.1013908,0.10140257,0.052565847,-0.9827219000000001,-0.14564899,-9.137835,7.575664,0.21790783,0.02453236,-0.61686784,-0.2749419,,,,,11.093630000000001,-0.72733736,-0.7078099,-0.06223384,1
0.389999999999993,-2.6817577,3.2951410000000005,2.1036197999999997,0.09829042,0.053332000000000004,-0.9828268,-0.14679144,-9.161402,7.567398,0.22789610000000002,-0.09271964,-0.6310299,-0.26450425,,,,,11.093630000000001,-0.72733736,-0.7078099,-0.06223384,1
0.39999999999999325,-2.7734869,3.3707726000000005,2.1059492000000004,0.09519493,0.054632142,-0.98290515,-0.14782558,-9.184339,7.5588417,0.23799731,-0.19168589,-0.64298785,-0.2545788,,,,,11.093630000000001,-0.72733736,-0.7078099,-0.06223384,1
0.4099999999999926,-2.8654422999999998,3.4463165,2.10838,0.09211405,0.05638254,-0.9829583000000001,-0.14876387,-9.206663,7.549883,0.24819386,-0.27521795,-0.6530847,-0.24514039,,,,,10.5752945,-1.0125532,-0.87552476,-0.06213263,1
0.4199999999999924,-2.9576127999999997,3.5217707000000003,2.110888,0.08899701,0.05863469,-0.98298645,-0.14960247,-9.227375,7.540862599999999,0.2534054,-0.3902065,-0.68775797,-0.23616014,,,,,10.5752945,-1.0125532,-0.87552476,-0.06213263,1
0.4299999999999917,-3.0499878,3.5971317000000003,2.1134484000000002,0.08580334,0.06142572,-0.9829876000000001,-0.15033904,-9.247522,7.531246,0.258675,-0.48726162,-0.71702784,-0.22762057,,,,,10.5752945,-1.0125532,-0.87552476,-0.06213263,1
0.4399999999999915,-3.1425612000000003,3.6723932999999995,2.1160614,0.08254526599999999,0.06467102,-0.9829594000000001,-0.15098505,-9.267101,7.520923599999999,0.26398522,-0.56918025,-0.7417363,-0.21950005,,,,,10.5752945,-1.0125532,-0.87552476,-0.06213263,1
0.4499999999999922,-3.2353277,3.7475476000000003,2.118728,0.079233006,0.06829909,-0.98289955,-0.15155016,-9.286116,7.509801400000001,0.26931807,-0.6383232,-0.7625939,-0.21177797,,,,,10.442594999999999,-1.2048903999999998,-0.7921568,0.030953672,1
0.4599999999999915,-3.3282802000000005,3.8225870000000004,2.1214411,0.07592043,0.07231924,-0.9827996999999999,-0.15202756,-9.304335,7.49795,0.27335656,-0.72667366,-0.76719767,-0.19986705,,,,,10.442594999999999,-1.2048903999999998,-0.7921568,0.030953672,1
0.46999999999999176,-3.4214122000000002,3.8975031,2.1241949,0.07265083,0.07673551,-0.98265254,-0.15241106,-9.322014999999999,7.4851465,0.27737486,-0.80124605,-0.7710863,-0.18854062,,,,,10.442594999999999,-1.2048903999999998,-0.7921568,0.030953672,1
0.47999999999999066,-3.5147182999999997,3.9722862,2.1269886000000002,0.069417834,0.08148512,-0.98245764,-0.15270913,-9.339175,7.4713144,0.28134770000000003,-0.86418915,-0.77437055,-0.17776996,,,,,10.442594999999999,-1.2048903999999998,-0.7921568,0.030953672,1
0.4899999999999909,-3.6081934,4.0469254999999995,2.1298217999999998,0.0662161,0.08651503,-0.98221433,-0.15292896,-9.355830000000001,7.456390400000001,0.2852502,-0.9173165000000001,-0.7771443,-0.16752784,,,,,9.915585,-1.2080505,-0.45271018,-0.0046865083,1
0.4999999999999907,-3.7018287000000005,4.121414,2.1326674999999997,0.06317433,0.091761194,-0.9819129999999999,-0.1530931,-9.371184,7.441134,0.28391406,-0.9626471,-0.72654897,-0.15953715,,,,,9.915585,-1.2080505,-0.45271018,-0.0046865083,1
0.5099999999999905,-3.7956154000000004,4.1957445,2.1354995,0.060394235,0.09717061,-0.9815475,-0.15322143,-9.386125999999999,7.4247622,0.28246018,-1.0009098,-0.6838449000000001,-0.1519386,,,,,9.915585,-1.2080505,-0.45271018,-0.0046865083,1
0.5199999999999902,-3.88955,4.2699050000000005,2.1383164,0.057835255,0.102716826,-0.9811219999999999,-0.1533161,-9.400706,7.4072537,0.28086218,-1.0332066,-0.6478012,-0.14471289999999998,,,,,9.915585,-1.2080505,-0.45271018,-0.0046865083,1
0.52999999999999,-3.9836285000000005,4.343885,2.1411164,0.05546315,0.108377464,-0.9806401,-0.15337881,-9.414969000000001,7.388592,0.27909526,-1.0604678,-0.6173791000000001,-0.13784178,,,,,9.712294,-1.1544807,-0.17414083,0.022648122000000003,1
0.5399999999999903,-4.077847,4.417675,2.1438878,0.053355426,0.11409534,-0.9801017,-0.15342121,-9.42867,7.3691716,0.27516487,-1.0751198999999998,-0.54826057,-0.12996648,,,,,9.712294,-1.1544807,-0.17414083,0.022648122000000003,1
0.5499999999999896,-4.172201,4.491265,2.1466186,0.051572062,0.11982424,-0.97950834,-0.15345292,-9.442158000000001,7.348616000000001,0.27102378,-1.0874887,-0.48992106,-0.122477636,,,,,9.712294,-1.1544807,-0.17414083,0.022648122000000003,1
0.5599999999999894,-4.2666892999999995,4.564644,2.1493073,0.050062800000000005,0.1255615,-0.9788646999999999,-0.15347253,-9.455492,7.3269343,0.26665118,-1.0979301000000001,-0.44067955,-0.11535627400000001,,,,,9.712294,-1.1544807,-0.17414083,0.022648122000000003,1
0.5699999999999892,-4.3613105,4.6378,2.1519508,0.04878522,0.13130485,-0.97817445,-0.15347871,-9.468721,7.3041344,0.26202798,-1.1067443000000001,-0.3991171,-0.108584374,,,,,10.263107000000002,-1.1182967,-0.15224601,0.10384193,1
0.5799999999999894,-4.4560676,4.7107162,2.154573,0.047711175,0.13703634,-0.9774436,-0.15346237,-9.482634,7.278869599999999,0.26242247,-1.1085408,-0.36062518,-0.09816054,,,,,10.263107000000002,-1.1182967,-0.15224601,0.10384193,1
0.5899999999999888,-4.5509634000000005,4.7833734,2.157198,0.0468168,0.14274160000000002,-0.9766773999999999,-0.15341493,-9.496518,7.252446000000001,0.26251653,-1.110058,-0.32813564,-0.08824821599999999,,,,,10.263107000000002,-1.1182967,-0.15224601,0.10384193,1
0.5999999999999885,-4.6459980000000005,4.855761,2.1598224999999998,0.04607477,0.14842370000000002,-0.9758778,-0.15333611,-9.510404,7.224876400000001,0.26229453,-1.1113393,-0.3007125,-0.07882230000000001,,,,,10.263107000000002,-1.1182967,-0.15224601,0.10384193,1
0.6099999999999883,-4.741171400000001,4.9278674,2.162443,0.045462035,0.15408514,-0.9750460999999999,-0.15322575,-9.524319,7.196171799999999,0.2617416,-1.1124215,-0.27756572,-0.06985891,,,,,10.860716,-0.8828881,-0.16819789,0.26030424,1
0.6199999999999886,-4.8364887,4.999672,2.1650843999999996,0.044941474,0.15963636,-0.97420156,-0.15306833,-9.539097,7.164610400000001,0.26650473,-1.0766223999999998,-0.26052278,-0.053657714,,,,,10.860716,-0.8828881,-0.16819789,0.26030424,1
0.6299999999999883,-4.9319534,5.0711555,2.1677716,0.044483308,0.16500671,-0.9733618,-0.15284915,-9.553939,7.1319,0.27089915,-1.0464067,-0.24613631,-0.038251515,,,,,10.860716,-0.8828881,-0.16819789,0.26030424,1
0.6399999999999881,-5.027567400000001,5.1423062999999996,2.170501,0.044079415999999996,0.17022355,-0.97252536,-0.1525695,-9.568849,7.098078699999999,0.27492297,-1.0209036,-0.23399216,-0.023601305,,,,,10.860716,-0.8828881,-0.16819789,0.26030424,1
0.6499999999999875,-5.1233306,5.213114,2.1732688,0.0437229,0.17530994,-0.97169054,-0.15223087,-9.583828,7.063182,0.27857370000000004,-0.9993779,-0.22374108,-0.00966998,,,,,10.747924000000001,-0.60024524,-0.10163833,0.28364286,1
0.6599999999999877,-5.2192435,5.2835684,2.176066,0.04341709,0.18017139,-0.9708754999999999,-0.15184171,-9.598724,7.0276155,0.28079733,-0.93713135,-0.20470829999999998,0.0047229715,,,,,10.747924000000001,-0.60024524,-0.10163833,0.28364286,1
0.669999999999987,-5.3153057,5.353663,2.1788836,0.043164443,0.18473433,-0.9700965,-0.15140912,-9.613693,6.9910765,0.28266004,-0.8845924999999999,-0.18864237,0.01840965,,,,,10.747924000000001,-0.60024524,-0.10163833,0.28364286,1
0.6799999999999868,-5.4115176,5.423387,2.1817179,0.04295834,0.18904498,-0.9693491,-0.15093276,-9.628734,6.953625,0.28417373,-0.84024733,-0.17508067,0.031424724,,,,,10.747924000000001,-0.60024524,-0.10163833,0.28364286,1
0.6899999999999862,-5.5078807,5.492732,2.1845658,0.042793125,0.19314228,-0.9686292999999999,-0.15041262,-9.643844999999999,6.9153113,0.28534833,-0.80281794,-0.16363303,0.043801147,,,,,10.441963000000001,-0.078512095,0.18893717,0.15626016,1
0.6999999999999864,-5.6043925,5.5616956,2.1874099,0.042742167000000005,0.19684017,-0.96796703,-0.14989589999999997,-9.658596000000001,6.8773029999999995,0.28337932,-0.68986404,-0.10864914,0.049319547000000005,,,,,10.441963000000001,-0.078512095,0.18893717,0.15626016,1
0.7099999999999858,-5.7010527,5.6302757,2.1902328,0.042862903,0.19999363,-0.9673881999999999,-0.14942324,-9.673433000000001,6.838611599999999,0.28112420000000005,-0.5945252,-0.06223975,0.05456716,,,,,10.441963000000001,-0.078512095,0.18893717,0.15626016,1
0.7199999999999855,-5.797861599999999,5.698466000000001,2.1930318,0.04312935,0.20268802,-0.96688294,-0.14898594,-9.688375,6.7993436,0.278618,-0.51405466,-0.023067601,0.05955725,,,,,10.441963000000001,-0.078512095,0.18893717,0.15626016,1
0.7299999999999858,-5.8948207,5.7662606,2.1958046,0.0435195,0.20499524,-0.9664419,-0.14857657,-9.703438,6.7595882,0.27589118,-0.44613338,0.009995588,0.06430249,,,,,10.356695,0.20716170000000003,0.29144952,0.1875185,1
0.7399999999999856,-5.9919305,5.833657700000001,2.1985452000000003,0.044038205999999996,0.20685916,-0.96607924,-0.14819856,-9.718511,6.7197533,0.27219507,-0.34425452,0.053891077999999995,0.07034874,,,,,10.356695,0.20716170000000003,0.29144952,0.1875185,1
0.7499999999999853,-6.089192,5.900655,2.201248,0.04468848,0.20823845,-0.96580577,-0.14785396,-9.733731,6.679611,0.26834518,-0.25826350000000003,0.09094116,0.07609828,,,,,10.356695,0.20716170000000003,0.29144952,0.1875185,1
0.7599999999999851,-6.186605999999999,5.967249,2.2039115000000002,0.045450613,0.20920883,-0.9656091999999998,-0.14753513,-9.74911,6.639253599999999,0.2643773,-0.1856826,0.12221323,0.081565715,,,,,10.356695,0.20716170000000003,0.29144952,0.1875185,1
0.7699999999999849,-6.284175,6.0334387000000005,2.2065349999999997,0.046307895,0.20983411,-0.9654785,-0.1472356,-9.764659,6.5987577,0.260322,-0.124420665,0.14860837,0.08676485,,,,,10.527652,0.7774233,0.36331734,0.28375933,1
0.7799999999999847,-6.381901,6.0992193,2.2091255000000003,0.047242875999999996,0.20994292,-0.96545225,-0.14695515,-9.780646,6.5575285,0.257761,0.01621838,0.18210027,0.09643143400000001,,,,,10.527652,0.7774233,0.36331734,0.28375933,1
0.7899999999999845,-6.479788,6.164588,2.2116902,0.04824136,0.20940205,-0.9655604,-0.14669189,-9.796812,6.516354,0.25519362,0.13492483,0.21036918,0.10562366,,,,,10.527652,0.7774233,0.36331734,0.28375933,1
0.7999999999999843,-6.5778375,6.2295465,2.2142296000000004,0.049294582999999996,0.20831233,-0.9657813000000001,-0.14643861,-9.813151,6.475355,0.25267205,0.235119,0.23422953,0.11436482,,,,,10.527652,0.7774233,0.36331734,0.28375933,1
0.8099999999999841,-6.6760516,6.294096499999999,2.216744,0.050395037999999996,0.20675868,-0.96609604,-0.14618929,-9.829661999999999,6.4346337,0.25023967,0.3196881,0.25436878,0.122677065,,,,,10.415536999999999,0.6156583999999999,0.32959518,0.24164979,1
0.8199999999999839,-6.7744308,6.358243,2.2192297,0.051531613,0.20487750000000002,-0.9664748,-0.14593787,-9.846163,6.394702400000001,0.24691093,0.3658426,0.26610532,0.1285151,,,,,10.415536999999999,0.6156583999999999,0.32959518,0.24164979,1
0.8299999999999841,-6.8729759999999995,6.421992299999999,2.2216828,0.052694924000000004,0.20278066,-0.9668931000000001,-0.14568014,-9.862827000000001,6.355182599999999,0.24372552,0.40479937,0.27601132,0.13406666,,,,,10.415536999999999,0.6156583999999999,0.32959518,0.24164979,1
0.8399999999999834,-6.9716887000000005,6.485348,2.2241051,0.053881332000000004,0.20050120000000002,-0.96734303,-0.14541398,-9.879655999999999,6.3161135,0.24069777,0.43768114,0.28437194,0.13934577,,,,,10.415536999999999,0.6156583999999999,0.32959518,0.24164979,1
0.8499999999999828,-7.07057,6.548316000000001,2.2264977000000004,0.05508772,0.19806698,-0.96781796,-0.1451377,-9.896647,6.2775297,0.23783898,0.46543506,0.2914285,0.14436586,,,,,10.125964999999999,0.52779996,0.32078025,0.28142062,1
0.8599999999999826,-7.1696196,6.6109056,2.2288494,0.05631405,0.19553584,-0.9683062,-0.14484262,-9.913326,6.2405175999999996,0.23250432,0.47515920000000006,0.29600894,0.15109117,,,,,10.125964999999999,0.52779996,0.32078025,0.28142062,1
0.8699999999999828,-7.268836500000001,6.6731277,2.2311485,0.057560245999999995,0.19295484,-0.9687985999999998,-0.14452120000000002,-9.930166,6.2040185999999995,0.2273439,0.4833668,0.2998746,0.15748647,,,,,10.125964999999999,0.52779996,0.32078025,0.28142062,1
0.8799999999999826,-7.3682229999999995,6.7349877000000005,2.2333967999999995,0.058823723,0.19033122,-0.96929324,-0.14417394,-9.947168,6.168043,0.22235768,0.49029459999999997,0.30313748,0.16356796,,,,,10.125964999999999,0.52779996,0.32078025,0.28142062,1
0.8899999999999824,-7.467780599999999,6.7964907000000006,2.2355959999999997,0.060102273,0.18767111,-0.9697886999999998,-0.14380135,-9.9643345,6.132599,0.21754502,0.49614218,0.30589136,0.16935103,,,,,9.182789999999999,0.28020212,0.5439616999999999,0.31817827,1
0.8999999999999821,-7.5675025,6.857658,2.2377045,0.061495688,0.18506269,-0.9702603999999999,-0.14341037,-9.980057,6.100942,0.20419765,0.4624608,0.34301674,0.17665403,,,,,9.182789999999999,0.28020212,0.5439616999999999,0.31817827,1
0.9099999999999819,-7.6673822,6.918511,2.2396803,0.063083045,0.18257621,-0.97068924,-0.14300562,-9.995965,6.069761,0.19099158,0.43403240000000004,0.37435272,0.18359867,,,,,9.182789999999999,0.28020212,0.5439616999999999,0.31817827,1
0.9199999999999817,-7.767422,6.9790545,2.2415247000000003,0.06483463,0.18019226,-0.9710810999999999,-0.14258479999999998,-10.0120945,6.03904,0.17791174,0.41003776,0.40080208,0.19020252,,,,,9.182789999999999,0.28020212,0.5439616999999999,0.31817827,1
0.9299999999999811,-7.867624799999999,7.039293300000001,2.2432387,0.06672531,0.17789443,-0.9714408999999999,-0.14214619,-10.028474000000001,6.008768,0.16494487,0.3897854,0.42312667,0.19648232,,,,,9.267109,0.083650745,0.55839235,0.36288762,1
0.9399999999999813,-7.967993300000001,7.09923,2.2448277,0.06875158,0.17574404,-0.97175926,-0.14167893,-10.045283999999999,5.9786577,0.15286073,0.34203893,0.44421694,0.20464787,,,,,9.267109,0.083650745,0.55839235,0.36288762,1
0.9499999999999815,-8.068531,7.158867999999999,2.2462964,0.07090963,0.17378901,-0.9720291999999999,-0.14117368,-10.062402,5.948959400000001,0.14085919,0.30173868,0.46201858,0.21241274,,,,,9.267109,0.083650745,0.55839235,0.36288762,1
0.9599999999999813,-8.169242,7.218210000000001,2.2476451,0.07317939400000001,0.17199841,-0.97225803,-0.14063148,-10.079853,5.919645,0.128922,0.26772362,0.47704467,0.21979659999999998,,,,,9.267109,0.083650745,0.55839235,0.36288762,1
0.9699999999999807,-8.27013,7.2772616999999995,2.248875,0.075543925,0.17034608,-0.9724514999999999,-0.14005353,-10.097660000000001,5.890689,0.11703339,0.23901340000000001,0.48972780000000005,0.22681813,,,,,9.801872999999999,0.021031536,0.08948909,0.19834158,1
0.9799999999999804,-8.371202,7.3360167,2.2500107000000003,0.07780643,0.16886213,-0.97262186,-0.13942708,-10.116882,5.8604164,0.11015691,0.20502882,0.4273055,0.22542079,,,,,9.801872999999999,0.021031536,0.08948909,0.19834158,1
0.9899999999999798,-8.472469,7.394470699999999,2.2510779999999997,0.07980978,0.16756962,-0.9727805,-0.13874565,-10.136458,5.8304563,0.10330821,0.17634270000000002,0.37461883,0.224092,,,,,9.801872999999999,0.021031536,0.08948909,0.19834158,1
0.9999999999999796,-8.573935,7.452626700000001,2.2520766,0.08159416,0.16643868,-0.9729300999999999,-0.13801860000000002,-10.156347,5.8007665,0.09648058,0.15212879999999998,0.33014940000000004,0.22282843,,,,,9.801872999999999,0.021031536,0.08948909,0.19834158,1
1.0099999999999798,-8.675597999999999,7.5104869999999995,2.2530074,0.08319349999999999,0.16544409,-0.9730724000000001,-0.13725376,-10.176511999999999,5.771312,0.08966876,0.13168986,0.29261553,0.22162685,,,,,10.06292,-0.2920288,0.057371597999999996,0.1899265,1
1.01999999999998,-8.777467999999999,7.56805,2.2538824,0.08464095,0.16468829999999998,-0.97318935,-0.13644613,-10.197465,5.7412795999999995,0.08529823,0.065616585,0.25591978,0.22007129999999997,,,,,10.06292,-0.2920288,0.057371597999999996,0.1899265,1
1.0299999999999798,-8.879549,7.6253133,2.2547135,0.0859641,0.16425149,-0.9732665999999999,-0.13559197,-10.218649000000001,5.7113914,0.08092205,0.009846678000000001,0.22494847,0.21859210000000004,,,,,10.06292,-0.2920288,0.057371597999999996,0.1899265,1
1.0399999999999787,-8.981844,7.682278,2.2555007999999996,0.087181985,0.16408387,-0.9733106,-0.13469906,-10.240047,5.6815866999999995,0.07652361,-0.03722681,0.1988084,0.21718547,,,,,10.06292,-0.2920288,0.057371597999999996,0.1899265,1
1.0499999999999785,-9.0843525,7.738944500000001,2.2562439999999997,0.08831069999999999,0.16414344,-0.9733264000000001,-0.13377391,-10.261647,5.6518125999999995,0.07208896,-0.07695977400000001,0.17674600000000001,0.21584786,,,,,10.154905,-0.4767709,-0.07578792,0.20949653,1
1.0599999999999787,-9.187078,7.795312400000001,2.2569467999999997,0.08932223,0.16447356,-0.97331107,-0.13280438,-10.283632,5.621748999999999,0.068461366,-0.13930452,0.13735479,0.21553622,,,,,10.154905,-0.4767709,-0.07578792,0.20949653,1
1.0699999999999785,-9.290026,7.851379,2.257613,0.09019506,0.16510664,-0.97326255,-0.13178064,-10.305785,5.591605,0.06476917,-0.19192754,0.104107894,0.21523984,,,,,10.154905,-0.4767709,-0.07578792,0.20949653,1
1.0799999999999783,-9.393194,7.9071436,2.2582419999999996,0.09095051,0.16599521,-0.9731854,-0.13071093,-10.328084,5.5613220000000005,0.060997594,-0.23634492,0.07604708,0.21495799999999998,,,,,10.154905,-0.4767709,-0.07578792,0.20949653,1
1.089999999999978,-9.496587,7.962605,2.2588327,0.09160658,0.16709918,-0.97308326,-0.1296022,-10.350513000000001,5.530849,0.057134036,-0.27383584,0.052363205999999995,0.21469001,,,,,10.345236,-0.6170671,-0.17271163,0.37772974,1
1.0999999999999779,-9.600207000000001,8.017757000000001,2.2593932,0.09215147,0.16844241,-0.9729558,-0.12842843,-10.373479,5.499564,0.05493131,-0.32735783,0.017253624,0.22269043,,,,,10.345236,-0.6170671,-0.17271163,0.37772974,1
1.1099999999999777,-9.704057,8.072595,2.259931,0.09257707,0.17004165,-0.9728030000000001,-0.12716632,-10.396538,5.467984700000001,0.052609097,-0.3725334,-0.012379738500000001,0.23029825,,,,,10.345236,-0.6170671,-0.17271163,0.37772974,1
1.119999999999977,-9.808138,8.127116000000001,2.2604449,0.09290237,0.17185614,-0.97262746,-0.1258251,-10.41967,5.436057,0.050153777000000004,-0.41066423,-0.03739112,0.23753273,,,,,10.345236,-0.6170671,-0.17271163,0.37772974,1
1.1299999999999768,-9.912450999999999,8.181315,2.2609336,0.09314338,0.17385143,-0.9724314000000001,-0.12441279999999999,-10.442858,5.403738,0.047553327,-0.44284913,-0.058501300000000006,0.24441224,,,,,10.590409,-0.76546407,-0.33064629999999995,0.5248418,1
1.1399999999999766,-10.016998,8.235187,2.261407,0.09326267,0.17606238,-0.9722143,-0.12290213,-10.466633999999999,5.370211599999999,0.047056022999999995,-0.49315313,-0.10095464,0.25817302,,,,,10.590409,-0.76546407,-0.33064629999999995,0.5248418,1
1.1499999999999768,-10.121783,8.288719,2.2618742000000003,0.09323163,0.17851463,-0.9719751,-0.12126931,-10.490421000000001,5.3361897,0.04638464,-0.5356126999999999,-0.13678664,0.27125853,,,,,10.590409,-0.76546407,-0.33064629999999995,0.5248418,1
1.1599999999999766,-10.226807,8.341908,2.2623339,0.09307459,0.18116906,-0.971715,-0.11952569,-10.51419,5.3016205,0.04552532,-0.57145125,-0.16702992,0.28370193,,,,,10.590409,-0.76546407,-0.33064629999999995,0.5248418,1
1.1699999999999764,-10.3320675,8.394748,2.262784,0.09281206,0.18399271,-0.9714345999999999,-0.11768128,-10.537912,5.2664614,0.044465374,-0.6017013000000001,-0.1925561,0.29553473,,,,,10.645475,-1.0053906,-0.7036369,0.933414,1
1.1799999999999762,-10.437565,8.447233,2.2632246,0.09233686,0.18706374,-0.97113615,-0.11565924400000001,-10.561684,5.230485400000001,0.04369583,-0.6646358,-0.2722845,0.32683566,,,,,10.645475,-1.0053906,-0.7036369,0.933414,1
1.189999999999976,-10.543301,8.499355,2.2636569,0.091566116,0.19044129999999998,-0.97081995,-0.11339188,-10.585322,5.1938059999999995,0.04269581,-0.71775544,-0.3395788,0.35660064,,,,,10.645475,-1.0053906,-0.7036369,0.933414,1
1.1999999999999762,-10.649271,8.551105999999999,2.2640777,0.090548486,0.19407429,-0.9704837,-0.11090016,-10.608764,5.156354,0.04144819,-0.76259154,-0.39637783,0.38490507,,,,,10.645475,-1.0053906,-0.7036369,0.933414,1
1.2099999999999755,-10.755474000000001,8.60248,2.2644849999999996,0.08932496599999999,0.19791964,-0.9701249,-0.10820269,-10.631953,5.1180725,0.03993653,-0.8004361,-0.44431818,0.41182053,,,,,10.890153999999999,-0.71890235,-0.8233546999999999,1.0644294,1
1.2199999999999758,-10.861911,8.653461,2.2648866,0.08787458,0.20183355,-0.96977025,-0.10530094,-10.655366,5.0780199999999995,0.04036104,-0.78769463,-0.50344175,0.44384426,,,,,10.890153999999999,-0.71890235,-0.8233546999999999,1.0644294,1
1.2299999999999751,-10.968579,8.704038,2.2652912,0.08618344,0.20570014,-0.9694418,-0.10219523,-10.678405,5.037067400000001,0.040503073,-0.7769411999999999,-0.5533443,0.47429654,,,,,10.890153999999999,-0.71890235,-0.8233546999999999,1.0644294,1
1.239999999999975,-11.075477000000001,8.754199,2.2656958,0.08429282,0.20952363,-0.96913093,-0.09889974,-10.701008999999999,4.9952164,0.040367506000000004,-0.76786584,-0.595464,0.50325453,,,,,10.890153999999999,-0.71890235,-0.8233546999999999,1.0644294,1
1.2499999999999747,-11.182597,8.803939,2.2660978,0.08223736,0.21330768,-0.96883017,-0.09542739,-10.723123,4.9524717,0.039957099999999995,-0.76020724,-0.6310145,0.5307916,,,,,11.2532625,-0.79837656,-1.0249223,1.1502881999999999,1
1.2599999999999745,-11.28994,8.853239,2.2665102000000004,0.07997326,0.21709292,-0.9685332,-0.09175977,-10.745417999999999,4.90738,0.04252079,-0.7661248,-0.6924613000000001,0.5611904999999999,,,,,11.2532625,-0.79837656,-1.0249223,1.1502881999999999,1
1.2699999999999743,-11.397503,8.902082,2.266947,0.07746733,0.22091115,-0.9682331,-0.0878819,-10.767089,4.861358,0.044799257,-0.7711215,-0.7443248,0.5900977,,,,,11.2532625,-0.79837656,-1.0249223,1.1502881999999999,1
1.2799999999999736,-11.50528,8.950461,2.2674053,0.07476067,0.22475341,-0.96792257,-0.08380981,-10.788074,4.8143970000000005,0.046788327000000005,-0.775341,-0.7880993000000001,0.61758643,,,,,11.2532625,-0.79837656,-1.0249223,1.1502881999999999,1
1.2899999999999738,-11.613261999999999,8.998366,2.2678819,0.071887866,0.22861233,-0.96759516,-0.079557925,-10.808311,4.76649,0.04848247,-0.7789045,-0.82504636,0.6437262,,,,,11.800543,-0.78950715,-1.1960819,1.0388695,1
1.2999999999999736,-11.721447999999999,9.045775,2.2683983,0.068808295,0.23248462,-0.9672497,-0.075137146,-10.828697,4.71526,0.05471407,-0.7805225,-0.8829198,0.6631161,,,,,11.800543,-0.78950715,-1.1960819,1.0388695,1
1.3099999999999734,-11.829833,9.092668,2.2689752999999997,0.06549063,0.23636703,-0.9668838,-0.0705591,-10.848175999999999,4.663035,0.060624704,-0.78189147,-0.9317671999999999,0.68155444,,,,,11.800543,-0.78950715,-1.1960819,1.0388695,1
1.3199999999999732,-11.938407000000002,9.139033,2.2696097,0.061974242,0.24025403,-0.9664905,-0.06583720400000001,-10.866682,4.609815,0.06620838,-0.78304976,-0.9729965,0.699088,,,,,11.800543,-0.78950715,-1.1960819,1.0388695,1
1.329999999999973,-12.047162,9.184861,2.2702982000000005,0.05829228,0.24414109,-0.96606386,-0.060983434,-10.884155,4.5556054,0.07145754,-0.78403014,-1.0077953000000002,0.7157611999999999,,,,,12.098166,-0.97536814,-1.2925936000000002,1.0704441,1
1.3399999999999728,-12.156089,9.230136,2.2710505000000003,0.054440699999999995,0.24809829999999997,-0.9655826,-0.05599101,-10.900958000000001,4.499017,0.07895949,-0.8138365,-1.0522326000000002,0.73316556,,,,,12.098166,-0.97536814,-1.2925936000000002,1.0704441,1
1.349999999999973,-12.265177,9.274839,2.2718759,0.05041737,0.25218043,-0.9650274999999999,-0.050855238,-10.916591,4.441402,0.086085446,-0.83899754,-1.0897378,0.74971586,,,,,12.098166,-0.97536814,-1.2925936000000002,1.0704441,1
1.3599999999999723,-12.374414999999999,9.318961,2.272771,0.046250723,0.2563635,-0.9643969000000001,-0.04558914,-10.931,4.3827457,0.092809856,-0.8602375,-1.1213921,0.7654541,,,,,12.098166,-0.97536814,-1.2925936000000002,1.0704441,1
1.3699999999999712,-12.483791,9.362492,2.2737307999999996,0.041964818,0.2606274,-0.9636893,-0.040204252999999995,-10.944137,4.323039499999999,0.09910771,-0.8781674999999999,-1.1481085,0.78042,,,,,12.785062,-1.1371869,-1.4917871,1.1873893,1
1.3799999999999715,-12.593296,9.405402,2.274781,0.03750942,0.26501974,-0.9628896,-0.034673367000000004,-10.956625,4.2588277,0.11085476,-0.9185184999999999,-1.2017374,0.8003901,,,,,12.785062,-1.1371869,-1.4917871,1.1873893,1
1.3899999999999721,-12.702919,9.447664999999999,2.2759461,0.032846026,0.2695764,-0.96198297,-0.028973858999999998,-10.967649,4.1934795,0.122087196,-0.95258087,-1.2470001,0.8193803,,,,,12.785062,-1.1371869,-1.4917871,1.1873893,1
1.3999999999999715,-12.812644,9.489268,2.2772207000000004,0.02800931,0.27426568,-0.9609684000000001,-0.02312174,-10.977141,4.126978,0.13276635,-0.98133457,-1.2852013,0.8374386,,,,,12.785062,-1.1371869,-1.4917871,1.1873893,1
1.4099999999999717,-12.922456,9.530201,2.2785995,0.023028646,0.27906096,-0.95984495,-0.017131198,-10.985038000000001,4.059314700000001,0.14285482,-1.0056075,-1.3174427,0.85461074,,,,,12.553251,-2.0810506,-1.4501163000000001,1.6301891000000002,1
1.4199999999999715,-13.032338000000001,9.5704565,2.280066,0.017965768,0.28430036,-0.95850486,-0.010958831,-10.991174,3.9917199999999995,0.15035474,-1.1732776000000003,-1.3382553,0.8926685999999999,,,,,12.553251,-2.0810506,-1.4501163000000001,1.6301891000000002,1
1.4299999999999713,-13.142273999999999,9.610031,2.281604,0.012870718,0.29024857,-0.95685446,-0.004566346,-10.995650999999999,3.9228574999999997,0.15711613,-1.3148022,-1.3558128999999999,0.92885894,,,,,12.553251,-2.0810506,-1.4501163000000001,1.6301891000000002,1
1.4399999999999702,-13.252246,9.6489105,2.2832055,0.0077512944,0.29678565,-0.9549112,0.0020273884,-10.998435,3.8526099,0.16301376,-1.4342584999999999,-1.370624,0.96327347,,,,,12.553251,-2.0810506,-1.4501163000000001,1.6301891000000002,1
1.4499999999999704,-13.362236,9.687078,2.2848610000000003,0.0026146842,0.30380994,-0.9526889999999999,0.008805653,-10.999489,3.7808892999999997,0.16793291,-1.5350881,-1.3831166000000001,0.9959992,,,,,12.809994999999999,-2.5883749,-1.2317607,1.8312109,1
1.4599999999999702,-13.472228,9.724514,2.286571,-0.002444105,0.31142923,-0.95013624,0.015750635,-10.998764999999999,3.7061242999999995,0.17384589,-1.6993266,-1.3596643999999998,1.0369834,,,,,12.809994999999999,-2.5883749,-1.2317607,1.8312109,1
1.46999999999997,-13.582204999999998,9.761194999999999,2.288334,-0.0073495233,0.31972328,-0.9472075000000001,0.022847883,-10.996236999999999,3.6296769999999996,0.17849979,-1.8379526999999998,-1.339858,1.0759565,,,,,12.809994999999999,-2.5883749,-1.2317607,1.8312109,1
1.4799999999999702,-13.692146,9.797103,2.2901363,-0.012121133999999999,0.32857418,-0.9439216,0.030087799999999998,-10.991903,3.551453,0.18174669,-1.9549603,-1.3231294,1.113017,,,,,12.809994999999999,-2.5883749,-1.2317607,1.8312109,1
1.4899999999999696,-13.802036,9.832219,2.2919636000000003,-0.01677473,0.3378817,-0.9402937,0.037461445,-10.985759,3.4713886,0.18345027,-2.0537212,-1.3089992,1.1482589,,,,,13.940520000000001,-2.8282928,-0.92669845,1.8696446,1
1.4999999999999694,-13.911853,9.866489,2.293843,-0.021210644,0.34765565,-0.93630594,0.04492147,-10.977091999999999,3.3822062000000006,0.1921412,-2.1745307,-1.2495198,1.1836576,,,,,13.940520000000001,-2.8282928,-0.92669845,1.8696446,1
1.5099999999999691,-14.021573000000002,9.899857,2.2957997000000003,-0.025351105,0.35789895,-0.9319431999999999,0.052427705,-10.966475,3.2909184000000002,0.19885841,-2.2764966,-1.1993045,1.2173193000000002,,,,,13.940520000000001,-2.8282928,-0.92669845,1.8696446,1
1.519999999999969,-14.131176000000002,9.932300999999999,2.297813,-0.029236875,0.36852312,-0.9272212,0.059981845,-10.953941,3.197486,0.20345275,-2.3625586,-1.1569091,1.2493290000000001,,,,,13.940520000000001,-2.8282928,-0.92669845,1.8696446,1
1.5299999999999687,-14.240644,9.963799,2.299861,-0.032901734,0.37945247,-0.92215323,0.06758464,-10.939511,3.1018946,0.20578596,-2.4351964,-1.1211152,1.2797681,,,,,14.721901,-2.4323422999999997,-0.4538348,1.7031573,1
1.5399999999999685,-14.349956,9.994305,2.3019477999999998,-0.036196213,0.39048990000000006,-0.9168210999999999,0.07515007,-10.922295,2.9986770000000003,0.21123283,-2.4348242,-1.0170860000000002,1.3005440000000001,,,,,14.721901,-2.4323422999999997,-0.4538348,1.7031573,1
1.5499999999999683,-14.4590845,10.023766499999999,2.3040764,-0.0390044,0.40148073,-0.9113009,0.08260548,-10.903194000000001,2.8932486,0.21408932,-2.4344997000000004,-0.9292783000000001,1.3203003,,,,,14.721901,-2.4323422999999997,-0.4538348,1.7031573,1
1.5599999999999685,-14.568012,10.052162,2.3062202999999997,-0.041397348,0.41242155,-0.90559447,0.08996908,-10.882308,2.7856799999999997,0.21430048,-2.4342162999999997,-0.8551628000000001,1.3390872,,,,,14.721901,-2.4323422999999997,-0.4538348,1.7031573,1
1.5699999999999683,-14.676723999999998,10.079472,2.308353,-0.043434873,0.4233084,-0.89970315,0.097256206,-10.859715,2.676044,0.21181370000000002,-2.4339695,-0.79260397,1.3569521999999998,,,,,16.09806,-1.8407531000000004,-0.08849241,1.3954788,1
1.579999999999968,-14.785192000000002,10.105623,2.3104906,-0.04502866,0.43393865,-0.8937409,0.10439364,-10.833226,2.553988,0.2152724,-2.341554,-0.68271947,1.3588426000000002,,,,,16.09806,-1.8407531000000004,-0.08849241,1.3954788,1
1.5899999999999674,-14.893384,10.130545,2.312648,-0.046113588,0.44415720000000003,-0.88781035,0.11131891,-10.80509,2.4298933,0.21577455,-2.2635355,-0.58998364,1.3606403999999999,,,,,16.09806,-1.8407531000000004,-0.08849241,1.3954788,1
1.5999999999999672,-15.001287,10.154214999999999,2.314796,-0.04676754,0.45402354,-0.8818950000000001,0.118058786,-10.775444,2.3038925999999997,0.21337475,-2.1976714,-0.5117205,1.3623499,,,,,16.09806,-1.8407531000000004,-0.08849241,1.3954788,1
1.6099999999999666,-15.108888,10.176617,2.3169057,-0.04705635,0.46358649999999996,-0.87597966,0.12463633,-10.744399000000001,2.1761029,0.20811747,-2.1420684,-0.445671,1.3639755,,,,,16.514229999999998,-1.3806145,0.10294722,1.2415105,1
1.6199999999999668,-15.216167,10.197714,2.3189604,-0.04695417,0.47273514,-0.87014353,0.13102777,-10.711219,2.0432875,0.20237657,-2.0233974,-0.36000094,1.3579662000000001,,,,,16.514229999999998,-1.3806145,0.10294722,1.2415105,1
1.629999999999967,-15.323109,10.217477,2.3209436,-0.046444368,0.481387,-0.8644554,0.13721327,-10.676836,1.9088823000000001,0.19385438,-1.9232209999999998,-0.28770876,1.3522516000000002,,,,,16.514229999999998,-1.3806145,0.10294722,1.2415105,1
1.6399999999999664,-15.4297,10.2358885,2.322828,-0.045590825,0.4896170999999999,-0.8588869,0.14321686,-10.641371000000001,1.7730111000000002,0.18265921,-1.8386563000000002,-0.22670518,1.3468175,,,,,16.514229999999998,-1.3806145,0.10294722,1.2415105,1
1.6499999999999662,-15.535932,10.252933,2.3245877999999998,-0.044447605,0.49748772,-0.85341257,0.14905934,-10.604923,1.6357793999999999,0.16888222,-1.7672706999999999,-0.17522742,1.3416501,,,,,17.048935,-1.0952678,0.30615040000000004,1.1350798999999998,1
1.659999999999966,-15.641789000000001,10.268576,2.3262103,-0.04298046,0.50496536,-0.84807324,0.15471192,-10.566375,1.4927961,0.15525584,-1.6625386000000002,-0.10005437,1.3315138000000002,,,,,17.048935,-1.0952678,0.30615040000000004,1.1350798999999998,1
1.6699999999999657,-15.747257000000001,10.2827835,2.327684,-0.041165657,0.5120282,-0.8429030000000001,0.16015118,-10.527026,1.3485991000000002,0.13916197,-1.574128,-0.036620345,1.3218746000000001,,,,,17.048935,-1.0952678,0.30615040000000004,1.1350798999999998,1
1.6799999999999655,-15.852328,10.295544,2.328985,-0.03905953,0.5187387,-0.8378713,0.16540131,-10.486994000000001,1.2032722,0.12070842,-1.4994961000000002,0.016907765,1.3127086000000001,,,,,17.048935,-1.0952678,0.30615040000000004,1.1350798999999998,1
1.6899999999999649,-15.956995999999998,10.306846,2.3300902999999997,-0.036709663,0.52514887,-0.83295125,0.17048332,-10.44637,1.0568866000000001,0.099985115,-1.4364952,0.062076955999999996,1.3039923,,,,,17.29577,-0.8781556999999999,0.6622021,1.2924768,1
1.6999999999999647,-16.06125,10.3166685,2.3309827000000003,-0.034012522999999996,0.53125525,-0.8281675,0.17535965,-10.404653,0.90736836,0.07815972,-1.349502,0.1557405,1.3034271000000002,,,,,17.29577,-0.8781556999999999,0.6622021,1.2924768,1
1.7099999999999649,-16.165087,10.32499,2.3316462000000002,-0.030886873999999998,0.53705835,-0.8235379,0.18000299,-10.362572,0.7568835,0.05420452,-1.2760627,0.23478569999999999,1.3028897,,,,,17.29577,-0.8781556999999999,0.6622021,1.2924768,1
1.7199999999999647,-16.268503,10.331803,2.3320596,-0.027399795,0.542603,-0.81903166,0.1844442,-10.320269999999999,0.6054691999999999,0.028203906,-1.2140658000000002,0.3014942,1.3023788,,,,,17.29577,-0.8781556999999999,0.6622021,1.2924768,1
1.729999999999965,-16.371492,10.337097,2.3322034,-0.02360793,0.5479263000000001,-0.8146222,0.18870975,-10.277866,0.45315754,0.00022609765,-1.1617283999999999,0.35779116,1.301893,,,,,17.79188,-0.55442524,0.69640386,1.1333057,1
1.7399999999999638,-16.474052,10.340841000000001,2.3320675,-0.019534098,0.55295587,-0.8103623000000001,0.19280165,-10.234246,0.29558545,-0.027709104,-1.0670624,0.41068363,1.2936203000000002,,,,,17.79188,-0.55442524,0.69640386,1.1333057,1
1.7499999999999636,-16.576178,10.343005999999999,2.3316426,-0.015200045,0.55763733,-0.8062951,0.19672057,-10.190735,0.13716634,-0.057508632999999997,-0.9871523999999999,0.45531395,1.2857536,,,,,17.79188,-0.55442524,0.69640386,1.1333057,1
1.7599999999999638,-16.677870000000002,10.343581,2.330911,-0.010648506,0.5620225000000001,-0.80238634,0.20048578,-10.14743,-0.02205693,-0.08906901,-0.9196979999999999,0.49297276,1.278273,,,,,17.79188,-0.55442524,0.69640386,1.1333057,1
1.769999999999964,-16.779127,10.342561,2.3298552000000003,-0.005915574,0.5661548000000001,-0.79860646,0.20411411,-10.104415,-0.18204841,-0.12230558,-0.86275804,0.5247491999999999,1.2711594,,,,,17.404745000000002,0.20127872,0.42833433,0.8621259,1
1.7799999999999634,-16.879960999999998,10.339953,2.3284523,-0.0010740014,0.5698074000000001,-0.79510915,0.20765567,-10.062685,-0.33927113,-0.15850282,-0.69680303,0.5098600000000001,1.251088,,,,,17.404745000000002,0.20127872,0.42833433,0.8621259,1
1.7899999999999632,-16.980381,10.335772500000001,2.3266804,0.0038157993,0.5728055999999999,-0.7920208000000001,0.21114735,-10.021360000000001,-0.497122,-0.19604118,-0.5567313,0.49726722,1.2320015,,,,,17.404745000000002,0.20127872,0.42833433,0.8621259,1
1.799999999999963,-17.080389,10.330009,2.3245275000000003,0.008742152,0.5752518,-0.7892800999999999,0.21458517,-9.980489,-0.65551597,-0.23469976,-0.43850568,0.4866174,1.2138517,,,,,17.404745000000002,0.20127872,0.42833433,0.8621259,1
1.8099999999999623,-17.17999,10.32266,2.3219830000000004,0.013695118000000001,0.5772316,-0.78683406,0.21796642,-9.940114999999999,-0.8143848000000001,-0.27429283,-0.3387193,0.47761092,1.1965925,,,,,17.481873999999998,0.67081606,-0.17220737,0.63697755,1
1.8199999999999625,-17.279192000000002,10.313717,2.3190402999999997,0.01850259,0.5786169,-0.78475577,0.22140364,-9.900088,-0.9743696,-0.31439048,-0.18119706,0.37639809999999996,1.169132,,,,,17.481873999999998,0.67081606,-0.17220737,0.63697755,1
1.8299999999999614,-17.377996,10.303171,2.3156936000000004,0.02302679,0.5793106,-0.7831044,0.22498326,-9.860547,-1.1346589,-0.35499840000000005,-0.048255928,0.29094549999999997,1.1430191,,,,,17.481873999999998,0.67081606,-0.17220737,0.63697755,1
1.8399999999999617,-17.476406,10.291022,2.3119395000000003,0.027306065,0.57941973,-0.78181756,0.22866902,-9.821436,-1.2951465,-0.39586478,0.06394018,0.21879956,1.1181875,,,,,17.481873999999998,0.67081606,-0.17220737,0.63697755,1
1.849999999999962,-17.574427,10.277267,2.3077762,0.03137275,0.57903385,-0.7808408,0.23243092,-9.782716,-1.4557448999999998,-0.43677607,0.15862912,0.15788881,1.0945743000000001,,,,,18.186308,0.88691247,-0.93653727,0.6194411999999999,1
1.8599999999999617,-17.672056,10.261875,2.3032162,0.03503444,0.5780893,-0.7801880999999999,0.23641679,-9.742791,-1.6228445,-0.4752272,0.27232584,-0.012709476,1.0712594,,,,,18.186308,0.88691247,-0.93653727,0.6194411999999999,1
1.8699999999999615,-17.769289,10.244812,2.2982736,0.038140632,0.5765375,-0.77986795,0.24074210000000001,-9.7030735,-1.7898463,-0.5132686,0.3682687,-0.15671833,1.0490885,,,,,18.186308,0.88691247,-0.93653727,0.6194411999999999,1
1.8799999999999608,-17.866125,10.226078999999999,2.2929535,0.04077284,0.5744680999999999,-0.77982885,0.24534063,-9.663405000000001,-1.956623,-0.55065495,0.44923016,-0.27828157,1.0280055000000001,,,,,18.186308,0.88691247,-0.93653727,0.6194411999999999,1
1.889999999999961,-17.96256,10.205680000000001,2.2872636,0.04299986,0.57195604,-0.7800255,0.25015688,-9.623660000000001,-2.1230643,-0.5871774000000001,0.51755023,-0.38089720000000005,1.0079571,,,,,18.702162,0.7258928000000001,-1.8621736,0.5625463,1
1.8999999999999613,-18.058592,10.183597,2.2812222999999996,0.044570572999999995,0.5690215000000001,-0.7803996,0.25535324,-9.582576,-2.293773,-0.6208755,0.55018413,-0.6118879,0.9861006,,,,,18.702162,0.7258928000000001,-1.8621736,0.5625463,1
1.9099999999999606,-18.15421,10.159808,2.2748504,0.04528791,0.56567997,-0.7809014,0.26105386,-9.541007,-2.463877,-0.6532979,0.5777002,-0.8068593000000001,0.9653166999999999,,,,,18.702162,0.7258928000000001,-1.8621736,0.5625463,1
1.91999999999996,-18.249409,10.134322000000001,2.2681612999999996,0.045278423,0.56198305,-0.7815042,0.26716447,-9.498672500000001,-2.6332211,-0.684262,0.6009017,-0.97142804,0.94555265,,,,,18.702162,0.7258928000000001,-1.8621736,0.5625463,1
1.9299999999999602,-18.344179999999998,10.107147,2.2611708999999998,0.044649187,0.55797416,-0.78218406,0.2736057,-9.455344,-2.8016634,-0.7136118,0.62046593,-1.1103348999999998,0.9267584000000001,,,,,19.153732,0.8081018,-2.3316314,0.49892446,1
1.93999999999996,-18.438505,10.078272,2.2539036,0.043348588,0.5536121,-0.78294754,0.28040758,-9.409749,-2.9731080000000003,-0.7395042,0.6498248000000001,-1.3007865,0.90576446,,,,,19.153732,0.8081018,-2.3316314,0.49892446,1
1.9499999999999602,-18.53237,10.0476885,2.2463872000000005,0.041340087000000005,0.5488626999999999,-0.7837951,0.287588,-9.362703,-3.1433158,-0.76342934,0.6745839,-1.4615403,0.88580066,,,,,19.153732,0.8081018,-2.3316314,0.49892446,1
1.95999999999996,-18.625753,10.015410000000001,2.2386422,0.038727842,0.5437693,-0.7846976,0.29506904,-9.313998,-3.3121110000000002,-0.78522855,0.69546443,-1.5972271999999998,0.8668165000000001,,,,,19.153732,0.8081018,-2.3316314,0.49892446,1
1.9699999999999593,-18.718641,9.981453,2.2306907000000002,0.035600167,0.53836864,-0.7856295999999999,0.30278525,-9.263469,-3.4793267,-0.80477047,0.7130746,-1.7117555,0.84876394,,,,,20.066656,0.6211946,-2.2254753,0.43091324,1
1.9799999999999587,-18.811003,9.945791,2.2225745,0.032038055,0.5327645000000001,-0.7865303000000001,0.310655,-9.208488000000001,-3.6526952000000006,-0.8180977,0.6987664000000001,-1.791887,0.8282599,,,,,20.066656,0.6211946,-2.2254753,0.43091324,1
1.989999999999959,-18.902803,9.908405,2.2143373,0.028108839,0.5270425,-0.7873526999999999,0.31861058,-9.15136,-3.8241098,-0.82890993,0.686682,-1.8595202000000002,0.80876195,,,,,20.066656,0.6211946,-2.2254753,0.43091324,1
1.9999999999999591,-18.994022,9.869316,2.2060049,0.02386366,0.5212076,-0.7880946999999999,0.32662040000000003,-9.092005,-3.9934459,-0.83718747,0.67647624,-1.9166042,0.79022086,,,,,20.066656,0.6211946,-2.2254753,0.43091324,1
2.009999999999959,-19.084637,9.828544,2.1976025000000003,0.019346274,0.51526415,-0.78875434,0.33465815,-9.030368,-4.160583,-0.8429184000000001,0.6678571999999999,-1.9647845000000002,0.77258956,,,,,19.917832999999998,0.9242475,-2.232878,0.45365736,1
2.0199999999999587,-19.174625,9.7861185,2.189152,0.0146342125,0.5091196,-0.7893911,0.34270355,-8.966892999999999,-4.324178,-0.8467931999999999,0.7078418000000001,-2.0065808,0.7569395000000001,,,,,19.917832999999998,0.9242475,-2.232878,0.45365736,1
2.0299999999999594,-19.263968,9.742068,2.1806757,0.009792651999999999,0.50270027,-0.7900499,0.35074022,-8.901143,-4.4853396,-0.8480716,0.74158764,-2.0418621999999997,0.7420573,,,,,19.917832999999998,0.9242475,-2.232878,0.45365736,1
2.0399999999999583,-19.352642000000003,9.69642,2.1722,0.0048395109999999995,0.49603590000000003,-0.79070973,0.3587534,-8.833157,-4.643936599999999,-0.84669703,0.7700686,-2.0716443,0.72790545,,,,,19.917832999999998,0.9242475,-2.232878,0.45365736,1
2.049999999999958,-19.440624,9.649199000000001,2.1637513999999998,-0.000209869,0.48915204,-0.79135305,0.36673084,-8.762976,-4.7998443,-0.84262955,0.7941060999999999,-2.096784,0.71444803,,,,,20.15343,0.8157809,-2.1018171000000003,0.35986373,1
2.059999999999958,-19.52789,9.600423,2.1553633,-0.005322503,0.48212463,-0.7919486,0.37462756,-8.6898,-4.9547577,-0.8346078000000001,0.79746276,-2.0975766,0.6970485,,,,,20.15343,0.8157809,-2.1018171000000003,0.35986373,1
2.0699999999999585,-19.614414,9.550113,2.1470689999999997,-0.010472418,0.4750166,-0.79247415,0.38240722,-8.614521,-5.106742,-0.82385737,0.80029696,-2.098245,0.6805026999999999,,,,,20.15343,0.8157809,-2.1018171000000003,0.35986373,1
2.0799999999999574,-19.700176000000003,9.498299000000001,2.1388955000000003,-0.015656674,0.46783084,-0.79292756,0.3900719,-8.537205,-5.2557178,-0.8104097,0.80269045,-2.0988092000000003,0.6647689,,,,,20.15343,0.8157809,-2.1018171000000003,0.35986373,1
2.0899999999999572,-19.785152,9.445008999999999,2.1308700000000003,-0.020872446,0.46056992,-0.7933071,0.39762357,-8.457916,-5.4016075,-0.7942991,0.80471176,-2.0992851000000003,0.6498071,,,,,20.129591,1.0945035,-1.9027288,0.17483553,1
2.099999999999957,-19.869328,9.390279,2.123018,-0.026019657,0.45317918,-0.7936736999999999,0.4050121,-8.376828999999999,-5.5441685,-0.7756955,0.84986025,-2.0686256999999997,0.62650007,,,,,20.129591,1.0945035,-1.9027288,0.17483553,1
2.109999999999957,-19.952682,9.334137,2.1153652999999997,-0.03101888,0.44561663,-0.794077,0.41219723,-8.293989,-5.6835146,-0.7544695,0.88797206,-2.0427513,0.60433674,,,,,20.129591,1.0945035,-1.9027288,0.17483553,1
2.1199999999999575,-20.0352,9.276618,2.1079377999999998,-0.03589541,0.43790123,-0.7945009,0.41919398,-8.209543,-5.8195915000000005,-0.7306245,0.92014414,-2.0209146000000002,0.5832609999999999,,,,,20.129591,1.0945035,-1.9027288,0.17483553,1
2.1299999999999555,-20.116865,9.217755,2.1007617,-0.04067042,0.43004894,-0.7949316,0.42601514,-8.123629,-5.952346299999999,-0.7041721,0.9473021,-2.0024853,0.5632195,,,,,20.037897,0.8030548000000001,-1.6716508999999997,0.0917556,1
2.139999999999956,-20.197668,9.157585000000001,2.0938601,-0.045342482999999996,0.42220563,-0.79531646,0.43261940000000004,-8.036764999999999,-6.081146700000001,-0.67572016,0.9247586,-1.9509143,0.5400845999999999,,,,,20.037897,0.8030548000000001,-1.6716508999999997,0.0917556,1
2.149999999999956,-20.277597,9.096143,2.0872555,-0.04991274,0.4144899,-0.7956185,0.43897542,-7.9486637,-6.2066054,-0.64479077,0.9057363000000002,-1.9073830000000003,0.518085,,,,,20.037897,0.8030548000000001,-1.6716508999999997,0.0917556,1
2.1599999999999557,-20.35664,9.0334635,2.080972,-0.05440065,0.40687728,-0.7958472,0.4451068,-7.859413000000001,-6.328741,-0.6114848,0.8896853000000001,-1.8706383000000002,0.49716488,,,,,20.037897,0.8030548000000001,-1.6716508999999997,0.0917556,1
2.1699999999999564,-20.434784,8.96958,2.0750333999999997,-0.058822233,0.3993469,-0.79601,0.45103365,-7.769096,-6.447568,-0.57589346,0.8761413,-1.839622,0.47727135,,,,,19.042114,0.34981903,-0.8421037,0.051708307,1
2.1799999999999553,-20.512043,8.904552,2.069428,-0.06301073,0.39217642,-0.79606515,0.45662773,-7.6823297,-6.5573773,-0.54487073,0.7939903,-1.6840960999999999,0.45638883,,,,,19.042114,0.34981903,-0.8421037,0.051708307,1
2.189999999999955,-20.588428,8.838442,2.0641425,-0.066836335,0.38559067,-0.79599005,0.46179414,-7.594729400000001,-6.6642504,-0.51196086,0.7246628,-1.5528182,0.43653107,,,,,19.042114,0.34981903,-0.8421037,0.051708307,1
2.199999999999955,-20.663933,8.771277,2.0591946,-0.070360586,0.37950079999999997,-0.7958145999999999,0.46659303,-7.5063906000000005,-6.768391,-0.47735614,0.6661566999999999,-1.4420077,0.41764772,,,,,19.042114,0.34981903,-0.8421037,0.051708307,1
2.2099999999999556,-20.738552,8.703083,2.0546005000000003,-0.07363492,0.37383068,-0.7955618,0.47107467,-7.4173927,-6.8699727,-0.44121677,0.6167826,-1.3484738,0.39969096,,,,,18.647594,-0.018032096,-0.2726088,-0.008837495,1
2.2199999999999545,-20.812288,8.633897,2.050361,-0.0765935,0.36874,-0.7952167,0.47518003,-7.329660400000001,-6.9671080000000005,-0.40649953,0.5177244000000001,-1.1807258999999999,0.37964436,,,,,18.647594,-0.018032096,-0.2726088,-0.008837495,1
2.2299999999999534,-20.885145,8.563749000000001,2.0464742,-0.07918748,0.36435392,-0.7947728000000001,0.47886655,-7.2414125999999985,-7.062151400000001,-0.37061453,0.4341255,-1.0391316,0.36058146,,,,,18.647594,-0.018032096,-0.2726088,-0.008837495,1
2.239999999999953,-20.957117,8.4926605,2.0429518,-0.08147899,0.36056509999999997,-0.7942568,0.48219454,-7.1527033,-7.155353,-0.33374396,0.3635727,-0.9196136999999999,0.34245396,,,,,18.647594,-0.018032096,-0.2726088,-0.008837495,1
2.249999999999954,-21.028198,8.420647,2.0398023000000003,-0.08351991,0.35728190000000004,-0.79368925,0.48521432,-7.0635734,-7.246927,-0.29603845,0.30402982,-0.8187304,0.325216,,,,,18.291957999999997,-0.14982167,-0.29233888,-0.048293862,1
2.2599999999999536,-21.098394,8.3477335,2.0370204,-0.085387245,0.35446396,-0.7930689000000001,0.48796257,-6.975759,-7.335336,-0.2602289,0.23322566,-0.73665786,0.30688778,,,,,18.291957999999997,-0.14982167,-0.29233888,-0.048293862,1
2.2699999999999525,-21.167710999999997,8.273944,2.0345998,-0.08714426,0.3520747,-0.7923951,0.49046984,-6.887564,-7.4224854,-0.22384448,0.17346808,-0.6673805,0.2894589,,,,,18.291957999999997,-0.14982167,-0.29233888,-0.048293862,1
2.279999999999953,-21.236143,8.199288000000001,2.0325453,-0.08881224,0.35004717,-0.7916829000000001,0.49276674,-6.7989820000000005,-7.508508,-0.18698967,0.12303365,-0.6089036999999999,0.27288526,,,,,18.291957999999997,-0.14982167,-0.29233888,-0.048293862,1
2.289999999999953,-21.30369,8.123777,2.0308613999999996,-0.09040883,0.34832463,-0.790944,0.4948792,-6.7100077,-7.5935179999999995,-0.14975175,0.0804676,-0.55954397,0.25712496,,,,,17.176828,-0.43038514,-0.2903948,0.025259103999999998,1
2.2999999999999527,-21.37037,8.047446,2.0295099999999997,-0.09200048,0.34694895,-0.7901442,0.49682593,-6.626075999999999,-7.672486,-0.12047883,0.0007893647999999999,-0.5175837000000001,0.24574722,,,,,17.176828,-0.43038514,-0.2903948,0.025259103999999998,1
2.3099999999999525,-21.43621,7.9703293,2.0284524,-0.09364017,0.34595078,-0.7892561,0.4986241,-6.5417185,-7.7506866,-0.09101429,-0.06646114,-0.48216390000000003,0.23492782,,,,,17.176828,-0.43038514,-0.2903948,0.025259103999999998,1
2.3199999999999514,-21.501204,7.892434,2.02769,-0.09532306,0.34527048,-0.78829676,0.50029165,-6.4568825,-7.828200999999999,-0.06144806,-0.123222515,-0.4522655,0.22463931,,,,,17.176828,-0.43038514,-0.2903948,0.025259103999999998,1
2.329999999999952,-21.565344,7.8137669999999995,2.0272233,-0.09704482,0.34485772,-0.7872800999999999,0.5018439,-6.371525,-7.9050984,-0.031855997000000004,-0.1711308,-0.4270278,0.21485567,,,,,16.526163,-0.4548352,-0.40168408,0.09787914,1
2.339999999999952,-21.628649,7.7343483,2.0270283,-0.09883843,0.34465602,-0.78620523,0.5033153,-6.288861799999999,-7.978542,-0.007137683000000001,-0.21537666,-0.42308083,0.20911559999999998,,,,,16.526163,-0.4548352,-0.40168408,0.09787914,1
2.3499999999999517,-21.691122,7.654197999999999,2.0270799999999998,-0.10072918,0.34461838,-0.78507084,0.50473505,-6.2056165,-8.051473,0.017492674,-0.25272194,-0.41974807,0.20365718,,,,,16.526163,-0.4548352,-0.40168408,0.09787914,1
2.3599999999999524,-21.752760000000002,7.573321000000001,2.0273776000000003,-0.10270306,0.34471825,-0.7838866999999999,0.5061076,-6.1217475,-8.123909,0.041991647,-0.28424332,-0.41693437,0.19846660000000002,,,,,16.526163,-0.4548352,-0.40168408,0.09787914,1
2.3699999999999513,-21.813554999999997,7.4917216,2.0279192999999998,-0.10474813,0.34493318,-0.7826609,0.5074373,-6.0372224,-8.195864,0.0663221,-0.31084874,-0.41455844,0.19353074,,,,,15.653008999999999,-0.53627753,-0.28120092,0.12054339,1
2.379999999999951,-21.873526000000002,7.4094243,2.028671,-0.10683211,0.34529456,-0.7813926999999999,0.50870985,-5.9565144,-8.263577,0.08399203,-0.34600776,-0.39376497,0.18994924,,,,,15.653008999999999,-0.53627753,-0.28120092,0.12054339,1
2.389999999999951,-21.932684,7.326452000000001,2.0295985,-0.10892882,0.34582642,-0.7800816999999999,0.5099145,-5.875136,-8.330883,0.10143013,-0.37568325,-0.37621358,0.18654348,,,,,15.653008999999999,-0.53627753,-0.28120092,0.12054339,1
2.3999999999999515,-21.991026,7.242808,2.0306985,-0.11103703,0.34650138,-0.77873456,0.51105946,-5.793067,-8.397813000000001,0.11859807,-0.40073046,-0.3613987,0.18330483,,,,,15.653008999999999,-0.53627753,-0.28120092,0.12054339,1
2.4099999999999495,-22.048544,7.1584970000000006,2.0319688,-0.11315561,0.34729633,-0.7773568000000001,0.51215154,-5.7102923,-8.464395,0.135463,-0.42187124,-0.3488937,0.1802251,,,,,15.631278,-0.7113625,-0.4328194,0.22196719,1
2.41999999999995,-22.10523,7.0735220000000005,2.0334055,-0.11536223,0.34821644,-0.7759151999999999,0.5132194,-5.626911,-8.530555999999999,0.15183504,-0.46701518,-0.36198783,0.1822734,,,,,15.631278,-0.7113625,-0.4328194,0.22196719,1
2.42999999999995,-22.16108,6.987887,2.0350040000000003,-0.11771756,0.34926462,-0.7743818,0.5142872,-5.542762000000001,-8.59639,0.16783294,-0.50511926,-0.37303913,0.18422118,,,,,15.631278,-0.7113625,-0.4328194,0.22196719,1
2.4399999999999498,-22.216084,6.9015949999999995,2.0367603,-0.12019782,0.35041973,-0.7727681,0.515354,-5.4577956,-8.661892,0.1834164,-0.5372813,-0.38236642,0.1860734,,,,,15.631278,-0.7113625,-0.4328194,0.22196719,1
2.4499999999999496,-22.270232999999998,6.81465,2.0386703,-0.122782886,0.35166407,-0.77108365,0.51641893,-5.3719735,-8.7270565,0.19855025,-0.56442785,-0.39023852,0.18783471,,,,,15.421299,-0.7251344,-0.36172667,0.303987,1
2.4599999999999493,-22.323524,6.7270594,2.040722,-0.12543315,0.35300282,-0.769333,0.5174785,-5.2864285,-8.791006,0.21168846,-0.5894889,-0.3857973,0.19353434,,,,,15.421299,-0.7251344,-0.36172667,0.303987,1
2.469999999999949,-22.375957,6.638831,2.0429025000000003,-0.12811586,0.35443962,-0.76751953,0.51853096,-5.1999855,-8.854625,0.22432147,-0.6106417,-0.38204834,0.19895428,,,,,15.421299,-0.7251344,-0.36172667,0.303987,1
2.479999999999949,-22.42752,6.549968700000001,2.0452063000000003,-0.13082464,0.35595846,-0.76564944,0.51957786,-5.1126275,-8.917919,0.23642126,-0.6284959,-0.37888372,0.20410828,,,,,15.421299,-0.7251344,-0.36172667,0.303987,1
2.4899999999999496,-22.478207,6.460474,2.0476284,-0.13355409,0.3575459,-0.76372784,0.5206205,-5.0243416,-8.980894000000001,0.24796315,-0.64356565,-0.37621209999999994,0.20900936,,,,,15.847646,-0.5493665,-0.42224923,0.42126772,1
2.4999999999999485,-22.527994,6.3703427,2.0501785,-0.13627635,0.3591262,-0.7617736999999999,0.5216893,-4.9326534,-9.045281,0.26194429999999996,-0.62887174,-0.38339382,0.21942493,,,,,15.847646,-0.5493665,-0.42224923,0.42126772,1
2.5099999999999483,-22.576859,6.27957,2.0528655,-0.13896824,0.3606394,-0.75980157,0.52281016,-4.840014,-9.109326,0.27533823,-0.6164694000000001,-0.38945553,0.22932942,,,,,15.847646,-0.5493665,-0.42224923,0.42126772,1
2.519999999999948,-22.624792000000003,6.1881580000000005,2.0556834,-0.14163208,0.36209607,-0.7578098000000001,0.52397794,-4.7464379999999995,-9.173010000000001,0.28815582,-0.6060015000000001,-0.39457193,0.23874789999999999,,,,,15.847646,-0.5493665,-0.42224923,0.42126772,1
2.529999999999948,-22.671785,6.096110299999999,2.0586264,-0.14426982,0.36350518,-0.7557971,0.5251883,-4.65194,-9.236316,0.3004058,-0.59716624,-0.3988903,0.24770418,,,,,15.821036999999999,-0.49317852,-0.31884983,0.54209167,1
2.5399999999999485,-22.717829000000002,6.003432800000001,2.0616884,-0.1468348,0.3648812,-0.7537688,0.5264367,-4.556693599999999,-9.299127,0.3119113,-0.5809478,-0.38641086,0.26214984,,,,,15.821036999999999,-0.49317852,-0.31884983,0.54209167,1
2.5499999999999474,-22.762915,5.910129,2.0648625,-0.14928949,0.36623642,-0.7517286,0.5277208999999999,-4.460566,-9.36155,0.32286727,-0.56725866,-0.37587765,0.27588665,,,,,15.821036999999999,-0.49317852,-0.31884983,0.54209167,1
2.559999999999947,-22.807035,5.816203,2.0681434,-0.15164797,0.36757493,-0.74967325,0.5290401,-4.3635839999999995,-9.423593499999999,0.33328286,-0.55570436,-0.36698696,0.28894943,,,,,15.821036999999999,-0.49317852,-0.31884983,0.54209167,1
2.569999999999948,-22.850179999999998,5.7216587,2.071526,-0.15392226,0.36890006,-0.7476,0.530393,-4.265771400000001,-9.48526,0.3431657,-0.5459519,-0.35948262,0.3013712,,,,,15.482757999999999,-0.3986316,-0.39775637,0.7212641,1
2.5799999999999477,-22.892355,5.626506299999999,2.0749934,-0.15611793,0.3701729,-0.7455042,0.53181255,-4.1692567,-9.545241,0.35022658,-0.52297133,-0.36545408,0.32197547,,,,,15.482757999999999,-0.3986316,-0.39775637,0.7212641,1
2.5899999999999475,-22.933560999999997,5.5307555,2.078529,-0.1582387,0.37136325,-0.7433801999999999,0.53332686,-4.071972,-9.60484,0.35679403,-0.5035748999999999,-0.37049398,0.34156868,,,,,15.482757999999999,-0.3986316,-0.39775637,0.7212641,1
2.5999999999999464,-22.973791000000002,5.4344106,2.0821276,-0.16029163,0.37248537,-0.7412253000000001,0.53492814,-3.9739394,-9.664041000000001,0.36288902,-0.48720354,-0.3747477,0.36020043,,,,,15.482757999999999,-0.3986316,-0.39775637,0.7212641,1
2.609999999999946,-23.013037,5.3374763,2.0857852,-0.16228291,0.373551,-0.7390373,0.53660935,-3.8751782999999995,-9.722827,0.36852923,-0.4733857,-0.3783382,0.37791795,,,,,14.934216000000001,-0.6423353,-0.7923634,0.8812228999999999,1
2.619999999999946,-23.05131,5.239966000000001,2.0894787,-0.16437946,0.37456027,-0.7367415,0.53842163,-3.7792209999999997,-9.779108,0.37006667,-0.49971026,-0.44291967,0.40261529999999995,,,,,14.934216000000001,-0.6423353,-0.7923634,0.8812228999999999,1
2.6299999999999466,-23.088620000000002,5.1418953,2.0931851999999997,-0.1667125,0.37551293,-0.7342755,0.54040575,-3.682529,-9.834899,0.37116858,-0.52193075,-0.49742904,0.42610073,,,,,14.934216000000001,-0.6423353,-0.7923634,0.8812228999999999,1
2.6399999999999455,-23.124958,5.0432695999999995,2.0969005000000003,-0.16923895,0.37641767,-0.7316545999999999,0.5425416000000001,-3.5850542,-9.890121,0.37182152,-0.54068696,-0.5434369000000001,0.44843373,,,,,14.934216000000001,-0.6423353,-0.7923634,0.8812228999999999,1
2.6499999999999453,-23.160318,4.944095,2.10062,-0.17192273,0.37728176,-0.72889185,0.5448116,-3.4867589999999997,-9.944709,0.37201348,-0.5565197,-0.5822691,0.46967079999999994,,,,,14.682582,-0.6238961,-1.0577406999999999,1.0426934,1
2.659999999999945,-23.194696,4.8443830000000005,2.104331,-0.17479926,0.37805122,-0.7259721,0.5472558000000001,-3.3892817,-9.997686999999999,0.37008676,-0.5669924,-0.65643215,0.49778917,,,,,14.682582,-0.6238961,-1.0577406999999999,1.0426934,1
2.669999999999945,-23.228098000000003,4.744144400000001,2.1080205000000003,-0.17789364,0.37868354,-0.7228814,0.5499065,-3.2909307,-10.049881,0.36769759999999996,-0.57583374,-0.71902883,0.5245278,,,,,14.682582,-0.6238961,-1.0577406999999999,1.0426934,1
2.6799999999999455,-23.260510999999997,4.6433883,2.1116836,-0.18116418,0.37919949999999997,-0.7196319999999999,0.55273783,-3.191675,-10.101197,0.36484805,-0.58329827,-0.771863,0.54995435,,,,,14.682582,-0.6238961,-1.0577406999999999,1.0426934,1
2.6899999999999435,-23.291926999999998,4.5421233,2.1153162,-0.18457596,0.37961659999999997,-0.71623486,0.5557270999999999,-3.0914919999999997,-10.151553,0.361539,-0.5896007,-0.81645685,0.5741331999999999,,,,,15.151765,-0.39045802,-0.94866204,1.0681015,1
2.6999999999999433,-23.32232,4.4403524,2.1189282000000005,-0.18801546,0.37990773,-0.7127413,0.558858,-2.98714,-10.2024555,0.36078906,-0.5585236,-0.8370715,0.5983724,,,,,15.151765,-0.39045802,-0.94866204,1.0681015,1
2.709999999999943,-23.351667000000003,4.338078,2.1225305,-0.19139133,0.38005316,-0.70919377,0.56211674,-2.8818436000000003,-10.252245,0.35959688,-0.5322944000000001,-0.8544718000000001,0.6214221,,,,,15.151765,-0.39045802,-0.94866204,1.0681015,1
2.719999999999944,-23.379955,4.2353115,2.1261189999999996,-0.19470678,0.38007626,-0.7055888000000001,0.56548905,-2.775636,-10.300883,0.35799408,-0.5101566,-0.8691591000000001,0.6433406999999999,,,,,15.151765,-0.39045802,-0.94866204,1.0681015,1
2.7299999999999436,-23.407176999999997,4.132065,2.129689,-0.19796473,0.37999654,-0.7019236999999999,0.56896204,-2.6685472000000003,-10.348335,0.35600734,-0.49147245,-0.88155633,0.66418386,,,,,14.99745,-0.20642427,-1.1190393,1.0824516000000002,1
2.7399999999999434,-23.433327,4.028352,2.1332327999999996,-0.20117304,0.37974009999999997,-0.6982099,0.57256603,-2.5617072999999997,-10.394095,0.3526884,-0.44699120000000003,-0.9185784,0.6847084,,,,,14.99745,-0.20642427,-1.1190393,1.0824516000000002,1
2.749999999999943,-23.458406,3.9241877,2.1367418999999996,-0.20433752,0.3792491,-0.6944558000000001,0.5763241,-2.454065,-10.43859,0.34906417,-0.40944883,-0.94982874,0.7042258000000001,,,,,14.99745,-0.20642427,-1.1190393,1.0824516000000002,1
2.759999999999943,-23.482405,3.8195848,2.1402132999999997,-0.20745827,0.3785599,-0.6906558,0.5802155,-2.345662,-10.481760000000001,0.345184,-0.37776329999999997,-0.97620714,0.7227854,,,,,14.99745,-0.20642427,-1.1190393,1.0824516000000002,1
2.7699999999999436,-23.505316,3.7145572000000002,2.1436447999999997,-0.21053563,0.3777031,-0.68680537,0.58422214,-2.2365372000000003,-10.523556,0.34108955,-0.3510211,-0.9984733,0.74043435,,,,,14.347092000000002,0.024096943,-1.133537,1.0516385,1
2.7799999999999434,-23.527157,3.6091273,2.1470141,-0.21352159999999998,0.37663695,-0.68293685,0.58834714,-2.1314921,-10.562182,0.33275166,-0.29250149999999997,-1.019511,0.7557052,,,,,14.347092000000002,0.024096943,-1.133537,1.0516385,1
2.7899999999999414,-23.547945000000002,3.503318,2.1502995,-0.21637821,0.37532997,-0.67907625,0.59259194,-2.0258522,-10.599414,0.32430536,-0.24310954,-1.0372715000000001,0.7702266999999999,,,,,14.347092000000002,0.024096943,-1.133537,1.0516385,1
2.799999999999941,-23.567673000000003,3.3971437999999994,2.1535,-0.21911979,0.37381938,-0.675212,0.5969391,-1.919677,-10.635216,0.31580907,-0.20142178,-1.0522649,0.7840357,,,,,14.347092000000002,0.024096943,-1.133537,1.0516385,1
2.809999999999942,-23.586338,3.2906190000000004,2.1566157,-0.22175868,0.37213638,-0.6713344,0.60137314,-1.8130205000000001,-10.669559,0.30731213,-0.16623662,-1.0649226999999999,0.797167,,,,,13.534670000000002,-0.039478205,-1.3032753000000001,1.0500331,1
2.8199999999999417,-23.603966,3.183767,2.1596212,-0.22436643,0.37028316,-0.6674108,0.60590005,-1.7119944,-10.700553999999999,0.29377928,-0.14644073,-1.1020846000000002,0.80957526,,,,,13.534670000000002,-0.039478205,-1.3032753000000001,1.0500331,1
2.8299999999999415,-23.620579,3.0766127,2.1624916,-0.22700012,0.36826167,-0.6634144000000001,0.6105224,-1.6105912,-10.730101,0.2803136,-0.12973472,-1.1334523,0.8213746,,,,,13.534670000000002,-0.039478205,-1.3032753000000001,1.0500331,1
2.8399999999999412,-23.636175,2.9691702999999996,2.1652281,-0.22965024,0.366096,-0.6593456999999999,0.61522335,-1.5088391,-10.758151,0.26693829999999996,-0.11563669,-1.1599294,0.83259493,,,,,13.534670000000002,-0.039478205,-1.3032753000000001,1.0500331,1
2.849999999999942,-23.650755,2.8614552000000004,2.1678312,-0.23230898,0.36380643,-0.65520525,0.61998826,-1.4067671,-10.784664999999999,0.25367254,-0.10373947,-1.1822784,0.84326464,,,,,13.657779999999999,-0.24758829999999998,-1.3862889999999999,1.0480931999999998,1
2.8599999999999417,-23.664305,2.7534816,2.170306,-0.2350435,0.36144373,-0.6509560000000001,0.62479705,-1.3034691,-10.809833,0.24130133,-0.12614739,-1.2141068000000002,0.85331565,,,,,13.657779999999999,-0.24758829999999998,-1.3862889999999999,1.0480931999999998,1
2.8699999999999415,-23.676825,2.6452644,2.1726577000000002,-0.23790696,0.35904822,-0.64656836,0.62963176,-1.1998801000000001,-10.833368,0.22904238,-0.14506333,-1.2409698999999998,0.86287344,,,,,13.657779999999999,-0.24758829999999998,-1.3862889999999999,1.0480931999999998,1
2.8799999999999404,-23.688307000000002,2.53682,2.1748874,-0.24087468,0.3566216,-0.6420534999999999,0.634484,-1.0960041,-10.85523,0.21687907,-0.16103189,-1.2636421999999998,0.8719621999999999,,,,,13.657779999999999,-0.24758829999999998,-1.3862889999999999,1.0480931999999998,1
2.88999999999994,-23.698746,2.4281653999999997,2.1769958,-0.24392579999999997,0.3541654,-0.6374209,0.6393464,-0.9918497,-10.875380499999999,0.20479685,-0.17451221,-1.2827773,0.880605,,,,,13.579329000000001,-0.52995527,-1.542667,0.97648853,1
2.89999999999994,-23.708145000000002,2.3193188,2.1789810000000003,-0.24715810000000002,0.35171047,-0.6326291,0.6442011999999999,-0.88802457,-10.893678,0.19228375,-0.22991599,-1.3233395000000001,0.88531005,,,,,13.579329000000001,-0.52995527,-1.542667,0.97648853,1
2.9099999999999406,-23.716507,2.210298,2.1808414000000003,-0.25064853,0.34927959999999997,-0.62764585,0.6490315999999999,-0.7839165,-10.910182,0.17979135,-0.2766834,-1.3575711000000001,0.88978416,,,,,13.579329000000001,-0.52995527,-1.542667,0.97648853,1
2.9199999999999404,-23.723824,2.1011214,2.1825767000000003,-0.2543528,0.3468634,-0.6224913000000001,0.6538326999999999,-0.6795111999999999,-10.924838000000001,0.16727358,-0.3161605,-1.3864604999999999,0.89403874,,,,,13.579329000000001,-0.52995527,-1.542667,0.97648853,1
2.9299999999999384,-23.730097,1.9918077,2.184187,-0.2582334,0.3444542,-0.61718255,0.65860057,-0.5748035,-10.937592500000001,0.15469044,-0.34948373,-1.4108411,0.8980845999999999,,,,,13.655529000000001,-0.7216796999999999,-1.3255355,0.91544116,1
2.939999999999938,-23.735317000000002,1.8823759999999998,2.1856728,-0.26225838,0.3421485,-0.61173534,0.6632775,-0.46920353,-10.94847,0.14248209,-0.40753457,-1.397572,0.8989362,,,,,13.655529000000001,-0.7216796999999999,-1.3255355,0.91544116,1
2.949999999999939,-23.739481,1.772845,2.187036,-0.26640248,0.34002274,-0.6061653,0.6678175000000001,-0.3632875,-10.957393,0.13010976,-0.45653114,-1.386367,0.89974606,,,,,13.655529000000001,-0.7216796999999999,-1.3255355,0.91544116,1
2.9599999999999387,-23.742582000000002,1.6632348000000001,2.1882744,-0.2706449,0.33804408,-0.6004851,0.6722332,-0.25704518,-10.964362,0.11751443,-0.4978857,-1.3769046999999999,0.9005162,,,,,13.655529000000001,-0.7216796999999999,-1.3255355,0.91544116,1
2.9699999999999385,-23.744621,1.5535647,2.1893854,-0.27496773,0.33618498,-0.5947055,0.67653537,-0.15047337,-10.969379,0.104645476,-0.53279036,-1.3689143999999998,0.9012485999999998,,,,,13.938498999999998,-0.7463422,-0.9411905,0.8307653,1
2.9799999999999383,-23.74558,1.4438536,2.190375,-0.27927497,0.3345298,-0.5888821,0.6806728,-0.041358594,-10.972517,0.093217306,-0.5661357,-1.3022293,0.89778996,,,,,13.938498999999998,-0.7463422,-0.9411905,0.8307653,1
2.989999999999939,-23.745447,1.3341208999999998,2.1912484,-0.28349182,0.33314535,-0.5830628999999999,0.6846068000000001,0.06809102,-10.973733,0.081414536,-0.5942744000000001,-1.2459406000000002,0.89450103,,,,,13.938498999999998,-0.7463422,-0.9411905,0.8307653,1
2.9999999999999387,-23.744219,1.2243853,2.1920017999999994,-0.28763238,0.33198652,-0.5772455,0.6883621,0.17787509,-10.973092,0.06919219,-0.6180194,-1.1984276000000003,0.8913735999999999,,,,,13.938498999999998,-0.7463422,-0.9411905,0.8307653,1
3.0099999999999385,-23.741892,1.1146652,2.1926305,-0.29170817,0.33101508,-0.5714274,0.6919597,0.28799054,-10.970653,0.056512173,-0.6380566999999999,-1.1583222,0.8883995000000001,,,,,14.094998,-0.44692233,-0.38509777,0.77197826,1
3.0199999999999365,-23.738453,1.0049784,2.193135,-0.29552153,0.33028309999999994,-0.56571686,0.6953752,0.39966929999999995,-10.966431,0.04429988,-0.6083231,-1.0377188,0.8826867,,,,,14.094998,-0.44692233,-0.38509777,0.77197826,1
3.029999999999937,-23.733895999999998,0.8953421,2.1935147999999995,-0.29891858,0.32983270000000003,-0.56020314,0.6985933000000001,0.5116516999999999,-10.960591,0.031596347999999996,-0.58321446,-0.93592644,0.87725425,,,,,14.094998,-0.44692233,-0.38509777,0.77197826,1
3.039999999999937,-23.728218,0.78577167,2.1937652,-0.3019664,0.3296203,-0.5548581,0.7016419,0.6239142,-10.953282000000002,0.018410686000000002,-0.56201166,-0.8500109,0.8720884,,,,,14.094998,-0.44692233,-0.38509777,0.77197826,1
3.0499999999999368,-23.721416,0.6762811,2.1938812999999997,-0.30472118,0.32960853,-0.54965717,0.70454407,0.7364381,-10.944624000000001,0.0047512357,-0.54410726,-0.77749604,0.86717594,,,,,13.924399,-0.10715439,-0.029747147,0.7225321,1
3.0599999999999365,-23.713495,0.56688285,2.1938534,-0.30705822,0.32978973,-0.54467195,0.7073108,0.84784013,-10.9348545,-0.010385309,-0.47603359999999995,-0.6608445,0.8600781999999999,,,,,13.924399,-0.10715439,-0.029747147,0.7225321,1
3.0699999999999372,-23.704458,0.45758772,2.1936722,-0.30888203,0.33015758,-0.53996,0.7099529,0.9594497,-10.924022,-0.025933545,-0.41856477,-0.5623911,0.85332876,,,,,13.924399,-0.10715439,-0.029747147,0.7225321,1
3.079999999999937,-23.694305,0.34840554,2.1933333999999998,-0.310275,0.33068379999999997,-0.5354821,0.7124876,1.0712354,-10.912278,-0.041845396,-0.37004867,-0.47929704,0.84691054,,,,,13.924399,-0.10715439,-0.029747147,0.7225321,1
3.089999999999937,-23.683035,0.23934482,2.192834,-0.31130618,0.3313441,-0.5312041999999999,0.71492904,1.1831728000000001,-10.899752000000001,-0.05807999,-0.32909074,-0.409166,0.84080726,,,,,13.8850975,-0.040943883,0.25763747,0.84369814,1
3.0999999999999366,-23.670645,0.13041262,2.1921694,-0.31194866,0.33219048,-0.5271313,0.717267,1.2949274,-10.886594,-0.07483274,-0.28421122,-0.30515385,0.8409491,,,,,13.8850975,-0.040943883,0.25763747,0.84369814,1
3.1099999999999364,-23.657135,0.021614742000000003,2.1913362000000003,-0.3121837,0.333264,-0.5232641,0.71949494,1.4068048999999998,-10.8729105,-0.09184172,-0.24632175,-0.21736620000000004,0.84108394,,,,,13.8850975,-0.040943883,0.25763747,0.84369814,1
3.1199999999999344,-23.642508,-0.08704424,2.1903314999999997,-0.31207544,0.3345302,-0.5195699,0.72162837,1.5188001,-10.858832000000001,-0.109080814,-0.21433376,-0.14327218,0.8412122,,,,,13.8850975,-0.040943883,0.25763747,0.84369814,1
3.129999999999934,-23.626759,-0.19556093,2.1891534,-0.3116776,0.33595955,-0.51602066,0.72368,1.6309098,-10.844471,-0.12652856,-0.18732789,-0.08073579,0.84133416,,,,,14.137607999999998,0.25175770000000003,0.48818776,0.86625636,1
3.139999999999935,-23.609879,-0.3039317,2.1878073,-0.31090209999999996,0.33753428,-0.51265895,0.7256674,1.7451705000000002,-10.829661999999999,-0.14269945,-0.11890145,0.008024841999999999,0.84255713,,,,,14.137607999999998,0.25175770000000003,0.48818776,0.86625636,1
3.1499999999999346,-23.591854,-0.412154,2.1862988,-0.30968115,0.33923957,-0.5095167,0.72760475,1.8595268,-10.814798,-0.15901367,-0.061138495999999994,0.08293758,0.8437200999999999,,,,,14.137607999999998,0.25175770000000003,0.48818776,0.86625636,1
3.1599999999999335,-23.572685,-0.52022785,2.1846266,-0.30808377,0.34105578,-0.506558,0.7294972,1.9739605,-10.800004,-0.17542364,-0.012377232,0.14616289999999998,0.8448259,,,,,14.137607999999998,0.25175770000000003,0.48818776,0.86625636,1
3.169999999999934,-23.552372000000002,-0.62815464,2.1827900000000002,-0.30616793,0.34296584,-0.5037522,0.73134893,2.0884578,-10.785387,-0.19189073,0.028784933999999998,0.19952421,0.8458775,,,,,14.651933999999999,0.32235906,0.65231276,0.95383453,1
3.179999999999934,-23.530891,-0.73593396,2.1808035,-0.30392495,0.34499225,-0.5010949,0.7331546,2.2071753,-10.770521,-0.20541449,0.0745278,0.27016184,0.851175,,,,,14.651933999999999,0.32235906,0.65231276,0.95383453,1
3.1899999999999338,-23.508228,-0.8435665000000001,2.1786816000000004,-0.30134985,0.34715235,-0.49857998,0.7349104000000001,2.3259392000000005,-10.756049,-0.21893539999999997,0.11314292,0.32977962,0.8562125,,,,,14.651933999999999,0.32235906,0.65231276,0.95383453,1
3.1999999999999336,-23.484375,-0.9510565999999999,2.1764247,-0.29849255,0.34942532,-0.49618065,0.7366210999999999,2.4447432,-10.742071000000001,-0.23242986,0.14574073,0.38009697,0.86100286,,,,,14.651933999999999,0.32235906,0.65231276,0.95383453,1
3.2099999999999342,-23.459332,-1.0584098999999998,2.1740332,-0.29539505,0.35179340000000003,-0.49387437,0.7382906,2.5635830000000004,-10.728676,-0.24588034,0.17325918,0.42256483,0.86555815,,,,,14.124514000000001,0.8439454,0.71077585,0.8572146999999999,1
3.219999999999934,-23.433123000000002,-1.1656349,2.1714919999999998,-0.29193103,0.35415217,-0.49173138,0.7399693,2.6781697,-10.716402,-0.2623136,0.2778271,0.46757013,0.8651486999999999,,,,,14.124514000000001,0.8439454,0.71077585,0.8572146999999999,1
3.229999999999934,-23.405767,-1.2727406,2.1687872,-0.28800243,0.35641772,-0.48980778,0.74169487,2.7927348999999997,-10.704866,-0.27860942,0.36609164,0.5055475,0.8647594000000001,,,,,14.124514000000001,0.8439454,0.71077585,0.8572146999999999,1
3.2399999999999336,-23.377268,-1.379735,2.1659205000000004,-0.2836796,0.35860324,-0.48806664,0.7434529999999999,2.9072270000000002,-10.694167,-0.29468979999999995,0.4405948,0.5375945,0.8643890999999999,,,,,14.124514000000001,0.8439454,0.71077585,0.8572146999999999,1
3.2499999999999325,-23.347624,-1.4866271,2.1628942,-0.279022,0.36071953,-0.48647657,0.74523187,3.0216022000000002,-10.684388,-0.31049240000000006,0.50348204,0.5646373,0.86403704,,,,,14.14091,1.0411211,0.5007931,0.91996306,1
3.2599999999999314,-23.316835,-1.5934261,2.159712,-0.27405888,0.3626765,-0.48501024,0.7470773,3.1359506,-10.6755905,-0.32586694,0.5873311999999999,0.55472904,0.86678135,,,,,14.14091,1.0411211,0.5007931,0.91996306,1
3.269999999999931,-23.284906,-1.7001423999999998,2.1563779999999997,-0.26881528,0.3644033,-0.48364422,0.7490253000000001,3.2500799,-10.667828,-0.34083652,0.6581031999999999,0.5463589,0.869391,,,,,14.14091,1.0411211,0.5007931,0.91996306,1
3.279999999999932,-23.251835,-1.8067863000000002,2.1528966,-0.26333190000000006,0.36593363,-0.48235893,0.7510531,3.3639309999999996,-10.661132,-0.35533285,0.71783775,0.539288,0.8718726000000001,,,,,14.14091,1.0411211,0.5007931,0.91996306,1
3.2899999999999316,-23.217628,-1.9133686999999997,2.1492732000000005,-0.25764307,0.36729586,-0.48113766,0.7531416999999999,3.4774519999999995,-10.655534,-0.36930168,0.7682562,0.5333146,0.8742324,,,,,14.6406,0.67201567,0.18184672,1.0238068,1
3.2999999999999314,-23.182268,-2.0198998,2.1455278,-0.25194618,0.36849192,-0.47986972,0.7552906,3.5945997000000003,-10.650889999999999,-0.37971205,0.7532764,0.47849843,0.88157207,,,,,14.6406,0.67201567,0.18184672,1.0238068,1
3.309999999999931,-23.145739000000003,-2.1263905,2.141681,-0.24639924,0.36952516,-0.4784669,0.75750256,3.7113422999999996,-10.647350999999999,-0.38953242,0.7406284000000001,0.43223193,0.8885516,,,,,14.6406,0.67201567,0.18184672,1.0238068,1
3.319999999999932,-23.108042,-2.2328507999999996,2.1377387000000003,-0.24097623,0.37041932,-0.47694603,0.75976616,3.827668,-10.644851,-0.39876893,0.7299493,0.3931815,0.89518857,,,,,14.6406,0.67201567,0.18184672,1.0238068,1
3.3299999999999317,-23.069185,-2.3392909,2.1337072999999998,-0.23565526,0.37119448,-0.47532132,0.76207155,3.943567,-10.643334,-0.40742746,0.7209321999999999,0.36022165,0.90149987,,,,,15.010323000000001,0.29444572,-0.36282519,1.0626483999999998,1
3.3399999999999315,-23.029158,-2.4457202000000002,2.1296034,-0.23063497,0.37177417,-0.47349414,0.7644586,4.061948999999999,-10.642726,-0.4132429,0.65448654,0.2474274,0.9094075,,,,,15.010323000000001,0.29444572,-0.36282519,1.0626483999999998,1
3.3499999999999295,-22.98795,-2.5521476,2.1254444,-0.22607203,0.37209862,-0.47138850000000004,0.766961,4.1798887,-10.642913,-0.41849297,0.598394,0.15222865,0.9169271000000001,,,,,15.010323000000001,0.29444572,-0.36282519,1.0626483999999998,1
3.3599999999999293,-22.945564,-2.6585805000000002,2.1212353999999998,-0.22189285,0.37220585,-0.46904516,0.7695616999999999,4.2973930000000005,-10.643730999999999,-0.42319589999999996,0.55104095,0.07188063,0.9240777,,,,,15.010323000000001,0.29444572,-0.36282519,1.0626483999999998,1
3.36999999999993,-22.902004,-2.7650240000000004,2.1169822,-0.21803522,0.37212777,-0.46649823,0.7722456,4.4144664,-10.645044,-0.42736518,0.51106584,0.0040667279999999995,0.9308773000000001,,,,,15.722326999999998,-0.16531089,-0.9961201999999999,1.2902639999999999,1
3.3799999999999297,-22.85725,-2.871483,2.1127124,-0.21469636,0.37178707,-0.463631,0.77506673,4.5366483,-10.646797,-0.4265326,0.40568137,-0.15197097,0.94851255,,,,,15.722326999999998,-0.16531089,-0.9961201999999999,1.2902639999999999,1
3.3899999999999295,-22.811275,-2.9779603,2.1084535,-0.21202816,0.37112322,-0.46035,0.77806926,4.6584010000000005,-10.648682,-0.42517442,0.3167197,-0.28366697,0.96528244,,,,,15.722326999999998,-0.16531089,-0.9961201999999999,1.2902639999999999,1
3.3999999999999284,-22.764084,-3.0844562,2.1042106,-0.20992099,0.37018353,-0.4567122,0.7812256999999999,4.7797394,-10.650451,-0.423309,0.24162118,-0.39481834,0.9812294,,,,,15.722326999999998,-0.16531089,-0.9961201999999999,1.2902639999999999,1
3.409999999999928,-22.715681,-3.1909682999999998,2.099989,-0.20828223,0.36900768,-0.45276487,0.7845113,4.9006724,-10.651895,-0.42094895,0.17822525,-0.48862976,0.9963938,,,,,15.403893,-0.12146010000000002,-1.5409796,0.9987976000000001,1
3.419999999999929,-22.666082,-3.2974922999999996,2.0957832,-0.20713156,0.36744228,-0.44853708,0.7879716999999999,5.0187583,-10.652806,-0.4201406,0.13159606,-0.6527734000000001,0.99651176,,,,,15.403893,-0.12146010000000002,-1.5409796,0.9987976000000001,1
3.4299999999999287,-22.615307,-3.4040217000000004,2.0915880000000002,-0.20648095,0.36536518,-0.44405746,0.791637,5.1364083,-10.652989,-0.41881067,0.09222217,-0.7913140999999999,0.99662393,,,,,15.403893,-0.12146010000000002,-1.5409796,0.9987976000000001,1
3.4399999999999276,-22.563356,-3.5105486000000004,2.087409,-0.20624821,0.36284935,-0.43936149999999996,0.79546577,5.2535739999999995,-10.652233,-0.4169126,0.05897437,-0.9082456,0.9967306,,,,,15.403893,-0.12146010000000002,-1.5409796,0.9987976000000001,1
3.4499999999999273,-22.510237,-3.6170626000000006,2.0832517,-0.20636390000000002,0.35995659999999996,-0.43447873,0.79942214,5.370205,-10.650359,-0.41440672,0.030899841,-1.0069385,0.9968319999999999,,,,,15.383085999999999,-0.36610666,-2.0465012,0.93941146,1
3.459999999999927,-22.455954000000002,-3.7235515,2.0791223000000003,-0.20693797,0.3566176,-0.42936227,0.8035241,5.4860945,-10.647211,-0.41139549999999997,-0.030910015,-1.1690979,0.9940144000000001,,,,,15.383085999999999,-0.36610666,-2.0465012,0.93941146,1
3.469999999999927,-22.400517,-3.8300018,2.0750265,-0.20805356,0.35277766,-0.42397579999999996,0.80778,5.60134,-10.642563,-0.40770835,-0.083097436,-1.3059622,0.9913350000000001,,,,,15.383085999999999,-0.36610666,-2.0465012,0.93941146,1
3.4799999999999276,-22.34393,-3.936397,2.0709708,-0.20962067,0.34850463,-0.41835564,0.81214815,5.715875,-10.636201,-0.40331563,-0.12716047,-1.4214771000000002,0.98878706,,,,,15.383085999999999,-0.36610666,-2.0465012,0.93941146,1
3.4899999999999274,-22.286201000000002,-4.042719399999999,2.0669627,-0.21156327,0.34385616,-0.41253199999999995,0.81659263,5.829633,-10.627947,-0.39819515,-0.16436364,-1.5189731000000002,0.98636425,,,,,16.651903,-0.6647743,-2.6392505,1.0560238000000002,1
3.499999999999927,-22.227295,-4.1489443999999995,2.0630522,-0.21400711,0.3387387,-0.40642659999999997,0.8211434999999999,5.9518547,-10.616783,-0.38375512,-0.24228646,-1.6937305,0.9897825000000001,,,,,16.651903,-0.6647743,-2.6392505,1.0560238000000002,1
3.509999999999927,-22.167170000000002,-4.255046,2.0592904,-0.21704553,0.33307758,-0.39997444,0.8258167,6.0730596,-10.603133,-0.36849222,-0.30807424,-1.8412268,0.9930329999999999,,,,,16.651903,-0.6647743,-2.6392505,1.0560238000000002,1
3.5199999999999276,-22.105837,-4.360997,2.0556853,-0.22057578,0.32694364,-0.39321646,0.8305644,6.1931376,-10.586747,-0.3523969,-0.36361697,-1.9657148999999998,0.99612397,,,,,16.651903,-0.6647743,-2.6392505,1.0560238000000002,1
3.5299999999999274,-22.04331,-4.4667699999999995,2.0522454,-0.22451106,0.32039732,-0.3861872,0.83534545,6.311977,-10.567416,-0.33546929999999997,-0.41051018,-2.0707839,0.9990633,,,,,16.914148,-0.9151325000000001,-2.819082,1.059472,1
3.5399999999999263,-21.979592999999998,-4.5723332999999995,2.048988,-0.22888923,0.31346837,-0.37886697,0.8401245999999999,6.4313126,-10.544613,-0.31589663,-0.48912555,-2.1875327,1.0020276,,,,,16.914148,-0.9151325000000001,-2.819082,1.059472,1
3.549999999999926,-21.91469,-4.6776514,2.0459304,-0.23373571,0.3061815,-0.37124127,0.8448684000000001,6.5491595,-10.518448,-0.29552636,-0.5554927,-2.2860668,1.0048463,,,,,16.914148,-0.9151325000000001,-2.819082,1.059472,1
3.559999999999926,-21.848616,-4.7826905,2.0430803,-0.23896599,0.29857835,-0.36334383,0.84954673,6.6654,-10.488748,-0.27440542,-0.61151963,-2.3692281000000004,1.0075269,,,,,16.914148,-0.9151325000000001,-2.819082,1.059472,1
3.5699999999999257,-21.781387,-4.887414,2.040445,-0.24450852,0.29069490000000003,-0.35520342,0.85413396,6.7799119999999995,-10.455376,-0.25258535,-0.65881777,-2.4394147,1.0100758,,,,,16.687756,-0.8048706,-2.5629310000000003,0.8867715,1
3.5799999999999255,-21.713032000000002,-4.991787,2.0380228,-0.25023535,0.2826296,-0.3469011,0.8585828999999999,6.891064999999999,-10.418733,-0.23173578,-0.6815915,-2.4586892000000002,1.0040252,,,,,16.687756,-0.8048706,-2.5629310000000003,0.8867715,1
3.5899999999999253,-21.643573999999997,-5.0957756,2.0358121,-0.2560442,0.2744641,-0.3385071,0.8628591999999998,7.0002875,-10.378345,-0.21031141,-0.7008154999999999,-2.4749556,0.9982716,,,,,16.687756,-0.8048706,-2.5629310000000003,0.8867715,1
3.599999999999925,-21.573034,-5.1993413,2.0338182000000002,-0.26191366,0.26620457,-0.33002950000000003,0.8669597,7.1074796000000005,-10.334214,-0.18837320000000002,-0.7170428000000001,-2.4886835,0.9928003000000001,,,,,16.687756,-0.8048706,-2.5629310000000003,0.8867715,1
3.609999999999925,-21.501432,-5.302447,2.032046,-0.26782540000000005,0.2578568,-0.32147512,0.8708819,7.212542,-10.286356,-0.16598204,-0.7307404000000001,-2.5002687000000003,0.98759747,,,,,15.40969,-1.058006,-1.9798886999999998,1.0358113000000002,1
3.6199999999999246,-21.428829999999998,-5.405075,2.0304534,-0.27377355,0.24966723,-0.31287146,0.87454444,7.3075137,-10.238746,-0.15246561,-0.7818259,-2.4191499,0.98996335,,,,,15.40969,-1.058006,-1.9798886999999998,1.0358113000000002,1
3.6299999999999235,-21.355288,-5.5072103,2.0289971999999996,-0.2797565,0.24183416,-0.30424282,0.87789005,7.400442599999999,-10.187786000000001,-0.1387082,-0.8249367,-2.3506763,0.99221313,,,,,15.40969,-1.058006,-1.9798886999999998,1.0358113000000002,1
3.6399999999999233,-21.280827,-5.6088195,2.0276794,-0.2857646,0.23429751,-0.29558986,0.8809495,7.4913479999999995,-10.133554,-0.12482615,-0.861318,-2.292877,0.9943525,,,,,15.40969,-1.058006,-1.9798886999999998,1.0358113000000002,1
3.649999999999924,-21.205467000000002,-5.7098703,2.0265006999999997,-0.29178908,0.22700657,-0.28691274,0.88374794,7.5802380000000005,-10.076122999999999,-0.110921666,-0.8920199000000001,-2.2440877,0.99638695,,,,,15.364804999999999,-1.2377759,-1.6200894,1.0245804,1
3.6599999999999238,-21.12923,-5.8103323,2.0254593,-0.29784524,0.22006620000000002,-0.27823877,0.88625306,7.666867,-10.015737,-0.097416766,-0.9460017,-2.1468115,0.9977705,,,,,15.364804999999999,-1.2377759,-1.6200894,1.0245804,1
3.6699999999999244,-21.052137,-5.910174400000001,2.0245519,-0.30394688,0.21355772,-0.2695921,0.88844335,7.7515445000000005,-9.95231,-0.08410102,-0.99155533,-2.0647,0.999086,,,,,15.364804999999999,-1.2377759,-1.6200894,1.0245804,1
3.6799999999999224,-20.974207,-6.009368,2.0237762999999998,-0.31008384,0.2074099,-0.26096755,0.8903523000000001,7.834325,-9.8859215,-0.07108558,-1.0299966,-1.9953889999999999,1.000337,,,,,15.364804999999999,-1.2377759,-1.6200894,1.0245804,1
3.6899999999999222,-20.895456,-6.107883,2.023129,-0.31624684,0.20156263,-0.25236020000000003,0.8920073000000001,7.915247999999999,-9.816642,-0.05846699,-1.0624361999999998,-1.9368831999999998,1.0015266,,,,,15.667122,-1.3866198,-1.1528758999999997,0.97248274,1
3.699999999999923,-20.815898999999998,-6.205684,2.0226161,-0.32243544,0.19614516,-0.24381904,0.89337397,7.995907300000001,-9.743122999999999,-0.044165995,-1.1130741000000002,-1.8146495999999999,1.0001014000000001,,,,,15.667122,-1.3866198,-1.1528758999999997,0.97248274,1
3.7099999999999227,-20.735546,-6.3027368,2.0222433,-0.32865155,0.19125739,-0.23538579999999998,0.8944296999999999,8.074803999999999,-9.666819,-0.030471541,-1.1558019,-1.7114731,0.99874616,,,,,15.667122,-1.3866198,-1.1528758999999997,0.97248274,1
3.7199999999999225,-20.654411,-6.399012,2.022004,-0.33488959999999995,0.18681303,-0.22704574,0.89521074,8.152036,-9.587817999999999,-0.017488912,-1.1918559,-1.6243827,0.9974574,,,,,15.667122,-1.3866198,-1.1528758999999997,0.97248274,1
3.7299999999999223,-20.572512,-6.4944844,2.0218903999999998,-0.34114385,0.18273923,-0.21878569,0.89574677,8.227678,-9.506199,-0.005308679,-1.2222781999999999,-1.5508701999999999,0.9962319,,,,,15.889187,-1.3463526000000001,-0.7671180000000001,0.99638003,1
3.739999999999923,-20.489859,-6.589122,2.0219026,-0.34736076,0.17911057,-0.21064733,0.89604115,8.302849,-9.420843,0.007540235,-1.2417068000000002,-1.4286572,0.9962392,,,,,15.889187,-1.3463526000000001,-0.7671180000000001,0.99638003,1
3.7499999999999227,-20.406462,-6.682892999999999,2.0220382,-0.35349935,0.17598395,-0.20266396,0.8961011000000001,8.37658,-9.333011,0.019418523,-1.2580931,-1.3255013,0.9962460999999999,,,,,15.889187,-1.3463526000000001,-0.7671180000000001,0.99638003,1
3.7599999999999225,-20.322333999999998,-6.775774,2.0222874,-0.3595709,0.17327873,-0.19481297,0.89595383,8.448972999999999,-9.242804,0.030258764,-1.2719133999999999,-1.2384306999999999,0.99625266,,,,,15.889187,-1.3463526000000001,-0.7671180000000001,0.99638003,1
3.7699999999999214,-20.237488,-6.8677410000000005,2.0226395,-0.36558396,0.17092678,-0.18707465,0.89562136,8.520108,-9.150310000000001,0.04000304,-1.2835697,-1.1649375,0.9962589,,,,,15.938816000000001,-1.0559912,-0.5159068,1.0209629999999998,1
3.779999999999921,-20.151936,-6.9587708,2.023085,-0.37142238,0.16894047,-0.17948614,0.8951488000000001,8.590275,-9.055315,0.048939228,-1.2481437,-1.0636997,0.99747115,,,,,15.938816000000001,-1.0559912,-0.5159068,1.0209629999999998,1
3.789999999999921,-20.065685000000002,-7.048839999999999,2.0236142,-0.37699598,0.16732831,-0.1720762,0.89457655,8.65933,-8.958232,0.056718737000000005,-1.2182323,-0.97825325,0.9986239,,,,,15.938816000000001,-1.0559912,-0.5159068,1.0209629999999998,1
3.7999999999999217,-19.97875,-7.137928,2.0242152,-0.38234535,0.16603178,-0.16481756,0.8939142,8.727349,-8.859183,0.063341245,-1.1929771,-0.906135,0.9997200999999999,,,,,15.938816000000001,-1.0559912,-0.5159068,1.0209629999999998,1
3.8099999999999214,-19.891142000000002,-7.226016499999999,2.0248768,-0.38750419999999997,0.16500115,-0.15768683,0.89316964,8.794394,-8.758269,0.06880660000000001,-1.1716533000000002,-0.84526616,1.0007625,,,,,15.30727,-0.8338704,-0.28929546,0.8503209999999999,1
3.8199999999999203,-19.802881,-7.3131075,2.0255668,-0.39241076,0.16425346,-0.15073289,0.8923655,8.857896,-8.659656,0.0690603,-1.1190363,-0.7585232,0.9933803,,,,,15.30727,-0.8338704,-0.28929546,0.8503209999999999,1
3.82999999999992,-19.713987,-7.399203999999999,2.0262542000000003,-0.39701936,0.16379958,-0.1439967,0.89152247,8.920583,-8.559455,0.06822866,-1.0746153999999999,-0.6853137,0.9863603000000001,,,,,15.30727,-0.8338704,-0.28929546,0.8503209999999999,1
3.83999999999992,-19.624472,-7.484291000000001,2.0269277,-0.40137702,0.16359222,-0.13744879,0.89064246,8.98252,-8.457777,0.066338055,-1.0371137,-0.6235261,0.9796848,,,,,15.30727,-0.8338704,-0.28929546,0.8503209999999999,1
3.8499999999999197,-19.534338,-7.5683546,2.0275772,-0.40552288,0.16359124,-0.13106377,0.8897265999999999,9.043763,-8.354712,0.06341097,-1.0054538,-0.57137877,0.9733369000000001,,,,,15.405270000000002,-0.7414541,-0.18388010000000002,0.869008,1
3.8599999999999204,-19.443594,-7.651377,2.0281954,-0.40945092,0.16379639999999998,-0.124841064,0.8887841999999999,9.104749,-8.249671000000001,0.060070705,-0.96432316,-0.5109195,0.96821743,,,,,15.405270000000002,-0.7414541,-0.18388010000000002,0.869008,1
3.8699999999999193,-19.352242999999998,-7.7333436,2.0287755,-0.41315833,0.16420610000000002,-0.11877871,0.88782334,9.165135000000001,-8.143397,0.055733502000000004,-0.92960036,-0.45989309999999994,0.96334916,,,,,15.405270000000002,-0.7414541,-0.18388010000000002,0.869008,1
3.879999999999919,-19.260292,-7.814241,2.0293071,-0.41667917,0.16478716,-0.112854645,0.8868424000000001,9.224974000000001,-8.035967,0.05042376,-0.90028733,-0.41682783,0.9587198,,,,,15.405270000000002,-0.7414541,-0.18388010000000002,0.869008,1
3.889999999999919,-19.167745999999998,-7.8940589999999995,2.0297808999999996,-0.42004189999999997,0.1655114,-0.107049964,0.88584036,9.284303999999999,-7.9274416,0.04416212,-0.8755411,-0.38048184,0.95431757,,,,,15.621143,-0.6006638000000001,-0.22753598,0.9809919,1
3.8999999999999186,-19.074602,-7.972778999999999,2.0301936,-0.42321995,0.16633944,-0.10133821,0.8848438,9.34398,-7.816341400000001,0.038243047999999995,-0.8326886,-0.35660413,0.9556264999999999,,,,,15.621143,-0.6006638000000001,-0.22753598,0.9809919,1
3.9099999999999175,-18.980864999999998,-8.050383,2.0305424,-0.42619303,0.16724014,-0.09569565,0.8838748,9.403189999999999,-7.7042465,0.03141647,-0.7965167,-0.33645412,0.9568711999999999,,,,,15.621143,-0.6006638000000001,-0.22753598,0.9809919,1
3.9199999999999173,-18.88654,-8.12686,2.0308186999999998,-0.4289914000000001,0.16820244,-0.09011105400000001,0.8829249,9.461946000000001,-7.591211299999999,0.023720331,-0.76598364,-0.31945,0.9580548000000001,,,,,15.621143,-0.6006638000000001,-0.22753598,0.9809919,1
3.929999999999918,-18.791626,-8.202202999999999,2.031014,-0.43164048,0.16921684,-0.08457491,0.88198715,9.520255,-7.477282499999999,0.015187026000000001,-0.7402109,-0.3051005,0.9591803,,,,,15.907509,-0.5029986,-0.15276195,1.011831,1
3.939999999999918,-18.696129,-8.276392,2.0311282,-0.43412408,0.17029999,-0.07909538599999999,0.88106763,9.579187,-7.360397,0.0074729864,-0.7032321,-0.28132164,0.9617639000000001,,,,,15.907509,-0.5029986,-0.15276195,1.011831,1
3.9499999999999176,-18.600044,-8.349407000000001,2.0311613,-0.43643075,0.17146511,-0.073678225,0.8801713,9.637691499999999,-7.242693400000001,-0.0010283666,-0.67201793,-0.26125446,0.96422076,,,,,15.907509,-0.5029986,-0.15276195,1.011831,1
3.9599999999999174,-18.503376,-8.421242999999999,2.0311053,-0.43858632,0.17269987,-0.06831274,0.87929076,9.6957855,-7.1242175,-0.01028355,-0.6456698000000001,-0.24431948,0.9665571,,,,,15.907509,-0.5029986,-0.15276195,1.011831,1
3.969999999999918,-18.406128,-8.49189,2.0309532,-0.44061255,0.17399372,-0.062989905,0.8784197,9.753484,-7.0050087,-0.020264018,-0.6234291000000001,-0.23002812,0.9687787,,,,,16.041496,-0.18466666,-0.23635460000000003,0.98675364,1
3.979999999999918,-18.308304,-8.561336500000001,2.0307014,-0.44241846,0.17529920000000002,-0.057712372000000005,0.8776146,9.811278,-6.8840947,-0.030201262000000003,-0.5550036,-0.23097179999999998,0.96966076,,,,,16.041496,-0.18466666,-0.23635460000000003,0.98675364,1
3.9899999999999176,-18.209904,-8.62957,2.030347,-0.44393325,0.17657879999999998,-0.05248242,0.8769212,9.868681,-6.762541000000001,-0.04076437,-0.49724907,-0.23177516,0.9704995999999999,,,,,16.041496,-0.18466666,-0.23635460000000003,0.98675364,1
3.9999999999999165,-18.110933,-8.696587,2.029884,-0.44520070000000006,0.1778375,-0.047292497,0.87631935,9.925685000000001,-6.6404085,-0.051875375,-0.44850153,-0.23245881,0.97129714,,,,,16.041496,-0.18466666,-0.23635460000000003,0.98675364,1
4.009999999999916,-18.011392999999998,-8.762378,2.0293078,-0.44625777,0.17907920000000002,-0.04213621,0.8757918,9.982287,-6.5177484,-0.063467756,-0.40735626,-0.23304057,0.9720556,,,,,16.387676000000003,-0.1004379,-0.10667731,1.0055418,1
4.019999999999917,-17.911282999999997,-8.826926,2.0286223999999997,-0.4471036,0.18035214,-0.03703534,0.8753296,10.039703,-6.3919497000000005,-0.07362616,-0.35950482,-0.21330447,0.9736988000000001,,,,,16.387676000000003,-0.1004379,-0.10667731,1.0055418,1
4.029999999999917,-17.8106,-8.890215,2.0278335,-0.4477393,0.18169485,-0.032006685,0.87492514,10.096731,-6.265712000000001,-0.08416207,-0.31911409999999996,-0.19665076,0.97526133,,,,,16.387676000000003,-0.1004379,-0.10667731,1.0055418,1
4.0399999999999165,-17.70935,-8.95224,2.0269377,-0.4481964,0.18309706,-0.027038535,0.8745664000000001,10.1534,-6.139086,-0.095026724,-0.28502044,-0.18259813,0.97674716,,,,,16.387676000000003,-0.1004379,-0.10667731,1.0055418,1
4.0499999999999154,-17.607534,-9.012997,2.0259318,-0.44850132,0.18454988,-0.022121000000000002,0.87424284,10.209732,-6.0121117,-0.10617881,-0.2562424,-0.17074028,0.97816014,,,,,16.619707000000002,0.0005494127999999999,-0.11032273,0.9298455,1
4.059999999999915,-17.505154,-9.072473,2.0248191,-0.44864259999999995,0.18603942,-0.017260758,0.8739640999999999,10.266541499999999,-5.883025,-0.11635343,-0.21620218,-0.16129237,0.9757893,,,,,16.619707000000002,0.0005494127999999999,-0.11032273,0.9298455,1
4.069999999999915,-17.402206,-9.130656,2.0236037000000002,-0.4486129,0.18755375,-0.012463927,0.8737372,10.3230505,-5.7536654,-0.12673564,-0.18240516,-0.15332198,0.9735348,,,,,16.619707000000002,0.0005494127999999999,-0.11032273,0.9298455,1
4.079999999999916,-17.298695000000002,-9.187546000000001,2.0222835999999997,-0.44843766,0.18908851,-0.007721982,0.8735511999999999,10.379275,-5.6240716,-0.1372818,-0.15387815,-0.14659798,0.97139096,,,,,16.619707000000002,0.0005494127999999999,-0.11032273,0.9298455,1
4.0899999999999155,-17.19462,-9.243138,2.0208578,-0.44813842,0.19063988,-0.0030276515000000003,0.8733964,10.435232000000001,-5.4942765,-0.14795496,-0.129799,-0.14092551,0.9693523000000001,,,,,17.010475,-0.25942495,-0.36882356,0.9969438,1
4.099999999999914,-17.089983,-9.297416,2.0193348,-0.44782266,0.19211802,0.0016987657,0.8732380999999999,10.492235,-5.361244999999999,-0.15667401,-0.14999156,-0.17647885,0.9707062,,,,,17.010475,-0.25942495,-0.36882356,0.9969438,1
4.109999999999914,-16.984776999999998,-9.350363,2.0177240000000003,-0.44757529999999995,0.19345139,0.0065219826,0.87304777,10.5489235,-5.228014,-0.16549069,-0.16703857,-0.20648587,0.97199374,,,,,17.010475,-0.25942495,-0.36882356,0.9969438,1
4.119999999999914,-16.879007,-9.401976,2.0160245999999997,-0.44738296,0.19466166,0.011427458,0.8728269000000001,10.605242,-5.094558999999999,-0.17440766,-0.18143,-0.23181172,0.9732181000000001,,,,,17.010475,-0.25942495,-0.36882356,0.9969438,1
4.129999999999914,-16.772675,-9.452252,2.0142355,-0.44723436,0.19576713,0.016402852,0.8725764000000001,10.661142,-4.9608607000000005,-0.18342613,-0.19357952,-0.25318652,0.9743823,,,,,16.986261,-0.45831063,-0.61791754,0.9040372,1
4.1399999999999135,-16.665786999999998,-9.501192999999999,2.012355,-0.44718987,0.19668972,0.02148785,0.87228125,10.716496000000001,-4.8270903,-0.19267462,-0.23482868,-0.31009185,0.97093046,,,,,16.986261,-0.45831063,-0.61791754,0.9040372,1
4.1499999999999115,-16.55835,-9.548793,2.0103815,-0.44729638,0.19736703,0.026711943999999998,0.8719292,10.771294000000001,-4.693014,-0.20203800000000002,-0.2696511,-0.35811847,0.96764797,,,,,16.986261,-0.45831063,-0.61791754,0.9040372,1
4.159999999999912,-16.450364999999998,-9.59505,2.0083134,-0.44752714,0.19783469,0.032051742,0.8715248999999999,10.825441,-4.558591000000001,-0.21152839,-0.29904777,-0.39865184,0.9645266,,,,,16.986261,-0.45831063,-0.61791754,0.9040372,1
4.169999999999912,-16.341845000000003,-9.639961999999999,2.00615,-0.44785964,0.19812289,0.037487518,0.87107164,10.878858000000001,-4.423786,-0.22115454,-0.323864,-0.43286112,0.9615584,,,,,18.00402,-0.74584866,-1.1152346000000002,0.5454523,1
4.179999999999912,-16.232777,-9.683484,2.0039163,-0.4483759,0.19805944,0.043075975,0.8705619000000001,10.934608,-4.280465,-0.22563092,-0.38961276,-0.53931296,0.94113994,,,,,18.00402,-0.74584866,-1.1152346000000002,0.5454523,1
4.1899999999999125,-16.123158,-9.72557,2.001637,-0.4491393,0.19750552,0.04885575,0.8699888000000001,10.989319,-4.1366385999999995,-0.23026899,-0.44512045,-0.6291561,0.9217234000000001,,,,,18.00402,-0.74584866,-1.1152346000000002,0.5454523,1
4.199999999999911,-16.012997,-9.766214999999999,1.9993104,-0.4501072,0.19652999999999998,0.054787427,0.8693559999999999,11.042803999999999,-3.9922413999999997,-0.23507774,-0.4919818,-0.70498186,0.9032597,,,,,18.00402,-0.74584866,-1.1152346000000002,0.5454523,1
4.209999999999912,-15.902307,-9.805413,1.9969348000000002,-0.45124367,0.19519134,0.06083804,0.86866575,11.094903,-3.8472252,-0.24006352,-0.53154325,-0.7689779,0.88570195,,,,,18.446634,-0.99310243,-1.4821877,0.42724759999999995,1
4.219999999999912,-15.791097,-9.84314,1.9945198,-0.45259762,0.19339871,0.067052975,0.86790454,11.146711,-3.697969,-0.24294749999999998,-0.60347176,-0.88023514,0.8632055000000001,,,,,18.446634,-0.99310243,-1.4821877,0.42724759999999995,1
4.229999999999912,-15.6793785,-9.87937,1.9920751,-0.4542044,0.19108105,0.07346513,0.867059,11.196738,-3.5479794,-0.24603154,-0.6641952,-0.9741341999999998,0.8418129000000001,,,,,18.446634,-0.99310243,-1.4821877,0.42724759999999995,1
4.2399999999999105,-15.567169,-9.914097,1.9895985,-0.45601788,0.18831103,0.080032535,0.8661313,11.244777000000001,-3.3972067999999997,-0.24932915,-0.71545863,-1.0533836,0.82147,,,,,18.446634,-0.99310243,-1.4821877,0.42724759999999995,1
4.24999999999991,-15.454491,-9.947311000000001,1.9870878,-0.45799902,0.1851504,0.08672005,0.86512303,11.290647,-3.24562,-0.25285232,-0.75873536,-1.1202688,0.8021254,,,,,18.807713,-1.4469488000000001,-1.7580136999999998,0.42382464,1
4.259999999999911,-15.34136,-9.9789915,1.98455,-0.46026176,0.18153970000000003,0.09358199,0.86397153,11.335035000000001,-3.0902114,-0.2547734,-0.86602455,-1.2197704,0.7835621,,,,,18.807713,-1.4469488000000001,-1.7580136999999998,0.42382464,1
4.269999999999911,-15.227799,-10.009112,1.9819913,-0.46289182,0.1774329,0.10065930000000001,0.8626229999999999,11.376816999999999,-2.9338900000000003,-0.25700694,-0.95659155,-1.3037443000000002,0.76590973,,,,,18.807713,-1.4469488000000001,-1.7580136999999998,0.42382464,1
4.279999999999911,-15.113833999999999,-10.037666,1.9794086,-0.46582073,0.17289703,0.107907034,0.8610898000000001,11.415771000000001,-2.776607,-0.25962484,-1.0330424,-1.3746142,0.7491234999999999,,,,,18.807713,-1.4469488000000001,-1.7580136999999998,0.42382464,1
4.28999999999991,-14.999494,-10.064642,1.9767973,-0.46899056,0.16798925,0.115287445,0.8593825,11.451704,-2.6183367000000004,-0.26269109999999996,-1.0975765,-1.4344255,0.73316103,,,,,19.05219,-1.4691441,-1.8251338,0.39710066,1
4.299999999999911,-14.884808999999999,-10.090019999999999,1.9741591,-0.47235733,0.16273275,0.12278016,0.85751015,11.484874000000001,-2.4570045,-0.26503438,-1.1555095,-1.4953713,0.71667045,,,,,19.05219,-1.4691441,-1.8251338,0.39710066,1
4.309999999999911,-14.769808,-10.11378,1.9714947,-0.4758832,0.15714861,0.13036717,0.85547996,11.514650999999999,-2.29468,-0.26794120000000005,-1.2044125,-1.5468081,0.7009890000000001,,,,,19.05219,-1.4691441,-1.8251338,0.39710066,1
4.319999999999911,-14.654526999999998,-10.135911,1.9687982,-0.47953117,0.15127937,0.13802260000000002,0.8532973,11.540891,-2.1313915,-0.27145842,-1.245693,-1.5902196000000002,0.6860771,,,,,19.05219,-1.4691441,-1.8251338,0.39710066,1
4.3299999999999095,-14.539001,-10.156405,1.9660633,-0.48327014,0.14516152,0.14572477,0.8509667999999999,11.563467,-1.9671805,-0.27563000000000004,-1.2805387,-1.6268581,0.6718970000000001,,,,,18.86178,-1.4489684999999999,-1.6077983,0.38277587,1
4.339999999999909,-14.42327,-10.17526,1.9632785,-0.4870804,0.13890070000000002,0.15341082,0.8484848,11.582091,-1.8037493999999998,-0.28143156,-1.3068216000000001,-1.6238853000000002,0.6577097,,,,,18.86178,-1.4489684999999999,-1.6077983,0.38277587,1
4.349999999999909,-14.307373000000002,-10.192477,1.9604322,-0.49094679999999996,0.13258266,0.16103002,0.84585136,11.596944,-1.6395151999999997,-0.28797823,-1.3290048,-1.6213743999999999,0.6442186,,,,,18.86178,-1.4489684999999999,-1.6077983,0.38277587,1
4.35999999999991,-14.191344,-10.208049,1.9575163,-0.49485102,0.12620978,0.16858208,0.8430752,11.607998,-1.4745398,-0.29532364,-1.3477274,-1.6192538,0.6313896,,,,,18.86178,-1.4489684999999999,-1.6077983,0.38277587,1
4.3699999999999095,-14.075223999999999,-10.221967,1.9545226999999998,-0.4987776,0.11978439,0.17606707,0.8401638000000001,11.6152315,-1.3088899999999999,-0.3035162,-1.3635296000000001,-1.6174628999999998,0.6191901,,,,,19.129135,-0.86498094,-1.0840483,0.31321618,1
4.379999999999907,-13.959052,-10.234214,1.9514490000000002,-0.50255674,0.11352255,0.18334612,0.83721906,11.618698,-1.1402855,-0.31132942,-1.2858298000000001,-1.5342332,0.6041759,,,,,19.129135,-0.86498094,-1.0840483,0.31321618,1
4.389999999999907,-13.842863000000001,-10.244771,1.948293,-0.50605994,0.10759747,0.19031084,0.8343321,11.618441,-0.97118014,-0.32001668,-1.2202401000000003,-1.4639897,0.5898984,,,,,19.129135,-0.86498094,-1.0840483,0.31321618,1
4.399999999999907,-13.726695000000001,-10.253634,1.9450459999999998,-0.5093299,0.10195338,0.19700252,0.8314931000000001,11.614633,-0.80167663,-0.32954177,-1.1648729,-1.4047066000000001,0.5763215,,,,,19.129135,-0.86498094,-1.0840483,0.31321618,1
4.409999999999907,-13.610582,-10.260802,1.9416995,-0.51240176,0.09654309,0.20345622,0.8286927,11.607422999999999,-0.6318639,-0.33987385,-1.1181351000000002,-1.354673,0.5634109,,,,,19.104048000000002,-0.5115156,-0.8244478999999999,0.35232016,1
4.419999999999907,-13.494557,-10.266273,1.9382453000000002,-0.5152091,0.09144442,0.20963916,0.82598495,11.596962,-0.46204576,-0.35109429999999997,-1.0235721,-1.2719432,0.55305254,,,,,19.104048000000002,-0.5115156,-0.8244478999999999,0.35232016,1
4.429999999999907,-13.378654000000001,-10.270043,1.9346752,-0.51770294,0.086718336,0.21552894,0.8234154,11.583436,-0.29208326,-0.36302233,-0.9437501,-1.2021217,0.5432024999999999,,,,,19.104048000000002,-0.5115156,-0.8244478999999999,0.35232016,1
4.439999999999907,-13.262898999999999,-10.272115,1.9309827000000002,-0.5199337,0.08230521,0.22116679999999997,0.82096416,11.567036,-0.12205129,-0.37558842,-0.8763713,-1.1431946000000002,0.5338359,,,,,19.104048000000002,-0.5115156,-0.8244478999999999,0.35232016,1
4.449999999999907,-13.147323000000002,-10.272485000000001,1.9271615000000002,-0.52194285,0.0781545,0.22658765,0.81861323,11.547922,0.04798758400000001,-0.38873297,-0.8194959999999999,-1.0934616000000001,0.5249288000000001,,,,,19.209688,-0.0033799638,-0.7514006999999999,0.34715238,1
4.459999999999907,-13.031952,-10.27115,1.9232086,-0.5236058,0.07429353,0.2317896,0.81645155,11.526123,0.21891512,-0.40192476,-0.69224745,-1.04007,0.5162053,,,,,19.209688,-0.0033799638,-0.7514006999999999,0.34715238,1
4.4699999999999065,-12.91681,-10.268105499999999,1.9191217,-0.5248269,0.07074297,0.23677409,0.8145504,11.50193,0.3897113,-0.41550109999999996,-0.58483946,-0.9950129999999999,0.50790983,,,,,19.209688,-0.0033799638,-0.7514006999999999,0.34715238,1
4.479999999999905,-12.801922,-10.263355,1.9148977999999999,-0.5256764,0.0674541,0.24157242,0.8128709,11.475521,0.56030035,-0.4293227,-0.49417865,-0.9569892,0.5000214,,,,,19.209688,-0.0033799638,-0.7514006999999999,0.34715238,1
4.489999999999906,-12.687308,-10.2569,1.9105349999999999,-0.5262131999999999,0.06438547,0.24621086,0.81137943,11.447046,0.7306195,-0.44327113,-0.41765392,-0.9249009,0.4925201,,,,,19.31508,0.6223608,-0.71190214,0.27523200000000003,1
4.499999999999906,-12.572989,-10.24874,1.9060346999999997,-0.5262879,0.061572145999999994,0.25068003,0.8101801,11.416476,0.90154266,-0.45676714,-0.2554811,-0.89163005,0.48185772,,,,,19.31508,0.6223608,-0.71190214,0.27523200000000003,1
4.509999999999906,-12.458985,-10.238873,1.9014003000000002,-0.52578527,0.05904065,0.25497368,0.8093545999999999,11.384155999999999,1.072049,-0.47007293,-0.11859660000000001,-0.86355776,0.47171852,,,,,19.31508,0.6223608,-0.71190214,0.27523200000000003,1
4.519999999999905,-12.345312,-10.227302,1.8966346,-0.52479583,0.056746665,0.2591159,0.8088451999999999,11.350264,1.2420537,-0.4829858,-0.0030571762,-0.83987164,0.4620769,,,,,19.31508,0.6223608,-0.71190214,0.27523200000000003,1
4.529999999999906,-12.231983999999999,-10.214032000000001,1.8917424999999999,-0.52339524,0.05465246,0.2631268,0.80860204,11.314956,1.4114858000000001,-0.49533504,0.09446532,-0.8198861,0.4529084,,,,,19.382906,1.182874,-0.78140867,0.26323846,1
4.539999999999906,-12.119017,-10.199069,1.8867319,-0.52145815,0.052762027999999996,0.26702416,0.80870146,11.278243,1.5808707,-0.5066568,0.26419532,-0.81383705,0.44360125,,,,,19.382906,1.182874,-0.78140867,0.26323846,1
4.549999999999906,-12.006422,-10.182416,1.8816125,-0.51888734,0.05107757,0.27082285,0.8091998,11.240414,1.7495150000000002,-0.51702136,0.40745655,-0.8087408,0.43475083,,,,,19.382906,1.182874,-0.78140867,0.26323846,1
4.5599999999999055,-11.894212,-10.164083,1.8763955,-0.51577884,0.04956677,0.27453393,0.81003016,11.201623,1.9173194,-0.526203,0.52837694,-0.804447,0.42633468,,,,,19.382906,1.182874,-0.78140867,0.26323846,1
4.5699999999999035,-11.7823925,-10.144074,1.8710933,-0.5122129,0.04820205599999999,0.27816635,0.81113523,11.162006,2.084196,-0.53401375,0.63044024,-0.800829,0.41833149999999997,,,,,18.788458,1.4724941,-0.8341119,0.28079215,1
4.579999999999903,-11.670967,-10.122428,1.8657066000000002,-0.50815684,0.046976298,0.2817344,0.8125256,11.122921,2.244976,-0.54310536,0.76175594,-0.8059868,0.41158240000000007,,,,,18.788458,1.4724941,-0.8341119,0.28079215,1
4.589999999999903,-11.559937,-10.099178,1.860237,-0.5035871,0.045882995999999995,0.2852495,0.8142050000000001,11.083276,2.4046830000000003,-0.5505291,0.8725928,-0.81034696,0.40516445,,,,,18.788458,1.4724941,-0.8341119,0.28079215,1
4.599999999999904,-11.449304,-10.074337,1.8547022000000002,-0.49857816,0.044901155,0.28871456,0.8161188,11.043185000000001,2.563224,-0.556121,0.96614486,-0.8140321999999999,0.39906147,,,,,18.788458,1.4724941,-0.8341119,0.28079215,1
4.609999999999904,-11.339074,-10.047918,1.8491213,-0.4931925999999999,0.044012863,0.29213178,0.81822073,11.00275,2.7205133,-0.5597472,1.0451074,-0.81714696,0.39325795,,,,,17.979053,1.8770433999999998,-0.9127513,0.18949509,1
4.619999999999902,-11.229241,-10.019965,1.8434938000000003,-0.48734170000000004,0.043218995999999996,0.29550190000000004,0.8205553,10.963819,2.8697476,-0.56544816,1.1748459,-0.83203083,0.38325927,,,,,17.979053,1.8770433999999998,-0.9127513,0.18949509,1
4.629999999999902,-11.119799,-9.990527,1.8378198000000001,-0.48095602,0.042519074000000004,0.29882315,0.8231527,10.924755000000001,3.0175946,-0.5689996,1.2843513,-0.8445997,0.37375116,,,,,17.979053,1.8770433999999998,-0.9127513,0.18949509,1
4.639999999999902,-11.010746000000001,-9.959617999999999,1.8321217,-0.47411040000000004,0.041897066000000004,0.30209395,0.8259573,10.885667999999999,3.1639426,-0.5702569000000001,1.3767791,-0.85521346,0.36470968,,,,,17.979053,1.8770433999999998,-0.9127513,0.18949509,1
4.649999999999903,-10.902084,-9.927253,1.8264228999999998,-0.46686807,0.041339334,0.30531287,0.8289219999999999,10.84665,3.3086867,-0.56910586,1.4547923999999999,-0.8641761999999998,0.35611182,,,,,17.143717000000002,1.7506218999999998,-1.1768868000000001,0.23276028,1
4.659999999999902,-10.793803,-9.893483,1.8207246,-0.45929193,0.040733546,0.30853423,0.831986,10.809585,3.4450808,-0.57018566,1.5009344999999998,-0.9129384,0.35005890000000006,,,,,17.143717000000002,1.7506218999999998,-1.1768868000000001,0.23276028,1
4.669999999999902,-10.685891999999999,-9.858358,1.8150276,-0.45143443,0.039989807,0.31180075,0.83509904,10.772675,3.5797458,-0.56882197,1.5398791,-0.954098,0.344303,,,,,17.143717000000002,1.7506218999999998,-1.1768868000000001,0.23276028,1
4.679999999999902,-10.578348,-9.821896,1.8093567,-0.44333112,0.03912774,0.31509563,0.8382384,10.735922,3.7125804,-0.56496966,1.5727485,-0.98884016,0.33882958,,,,,17.143717000000002,1.7506218999999998,-1.1768868000000001,0.23276028,1
4.689999999999903,-10.471169999999999,-9.784114,1.8037368000000003,-0.43501228,0.038164042,0.31840506,0.84138477,10.699333,3.8434892,-0.55859894,1.6004908000000002,-1.0181652,0.33362472,,,,,16.024858,1.3473587,-1.5690806000000002,0.10539433,1
4.6999999999999025,-10.364347,-9.745076,1.7981585,-0.42659032,0.03692229,0.32177827,0.84446335,10.665279,3.9639702000000003,-0.5566808000000001,1.5610257,-1.1041001,0.32242540000000003,,,,,16.024858,1.3473587,-1.5690806000000002,0.10539433,1
4.709999999999901,-10.257864999999999,-9.704843499999999,1.7926111,-0.41815642,0.03526162,0.3252505,0.84741735,10.631283,4.082483,-0.5524196,1.5277115,-1.1766311,0.31177562,,,,,16.024858,1.3473587,-1.5690806000000002,0.10539433,1
4.719999999999901,-10.151722,-9.663436,1.787118,-0.40970582,0.033243347,0.32879272,0.8502549999999999,10.597239,4.198948000000001,-0.54584974,1.4995896999999998,-1.237849,0.30164844,,,,,16.024858,1.3473587,-1.5690806000000002,0.10539433,1
4.729999999999901,-10.045919999999999,-9.620873,1.7817019,-0.40123466,0.030919707999999997,0.33238086,0.85298294,10.563063,4.313290599999999,-0.53700715,1.4758513,-1.2895181999999998,0.29201818,,,,,15.451381,0.9998848,-1.6417138999999998,0.06872401,1
4.739999999999901,-9.940455,-9.577198,1.7763661,-0.3928491,0.02826219,0.3360072,0.85555375,10.529913,4.4214306,-0.5298423000000001,1.4016253,-1.3444672,0.28106105,,,,,15.451381,0.9998848,-1.6417138999999998,0.06872401,1
4.7499999999999005,-9.835322,-9.532452000000001,1.7711123,-0.3846344,0.025250052999999998,0.33966452,0.857933,10.496466,4.527418,-0.52060276,1.338973,-1.3908433,0.2706416,,,,,15.451381,0.9998848,-1.6417138999999998,0.06872401,1
4.759999999999899,-9.730526,-9.486656,1.7659609,-0.37655923,0.021935117999999997,0.34333536,0.86014247,10.462626,4.6312194,-0.5093686,1.2860901000000002,-1.429984,0.26073346,,,,,15.451381,0.9998848,-1.6417138999999998,0.06872401,1
4.7699999999999,-9.62607,-9.439834,1.7609314999999999,-0.36859703,0.018361588999999998,0.34700546,0.86219984,10.428317,4.732801,-0.49621314,1.2414533,-1.4630183,0.25131149999999997,,,,,15.208766,0.57882863,-1.4335308,0.06104287,1
4.7799999999999,-9.521957,-9.3920145,1.7560343,-0.36090028,0.014580036000000001,0.3506353,0.86405766,10.394017999999999,4.8305798,-0.48298913,1.1381077,-1.4584436,0.24197496,,,,,15.208766,0.57882863,-1.4335308,0.06104287,1
4.7899999999999,-9.418192,-9.343228,1.7512776999999997,-0.35359082,0.010632332,0.35419458,0.86568415,10.359125,4.9261764999999995,-0.46806842,1.0508795,-1.4545783,0.23309657,,,,,15.208766,0.57882863,-1.4335308,0.06104287,1
4.7999999999999,-9.314778,-9.293498,1.7466784,-0.34660646,0.00654177,0.35768540000000004,0.8671129000000001,10.323576,5.019631400000001,-0.45157129999999995,0.9772549999999999,-1.4513125,0.22465387,,,,,15.208766,0.57882863,-1.4335308,0.06104287,1
4.809999999999898,-9.211723,-9.242844,1.7422514,-0.33989435,0.0023283549,0.36110967,0.86837125,10.287319,5.1109743,-0.43360224,0.91511273,-1.4485533000000002,0.21662545,,,,,14.321745000000002,0.04391048,-1.1752303,0.18824723,1
4.819999999999899,-9.109022999999999,-9.191313000000001,1.7379769,-0.33363354,-0.0019731510000000002,0.36444879999999996,0.86940455,10.252467999999999,5.195034,-0.42111229999999994,0.7792418000000001,-1.4059486,0.21523292,,,,,14.321745000000002,0.04391048,-1.1752303,0.18824723,1
4.829999999999899,-9.006675999999999,-9.138949,1.7338331000000002,-0.32796547,-0.00633413,0.36769134,0.8701747,10.216852000000001,5.2772293,-0.4074702,0.66456115,-1.3699851,0.21390873,,,,,14.321745000000002,0.04391048,-1.1752303,0.18824723,1
4.839999999999899,-8.904689999999999,-9.085772500000001,1.7298310000000001,-0.3227977,-0.010746816000000001,0.37084892,0.87072366,10.180417,5.357659,-0.39281170000000004,0.56776583,-1.3396273,0.2126495,,,,,14.321745000000002,0.04391048,-1.1752303,0.18824723,1
4.8499999999998975,-8.803072,-9.0318,1.7259799999999998,-0.31805182,-0.015204391000000001,0.3739313,0.8710853999999999,10.143117,5.4364057,-0.37725165,0.48606640000000007,-1.3140014,0.21145208,,,,,14.049807000000001,-0.47572592,-0.84005773,0.26545152,1
4.859999999999897,-8.701827999999999,-8.9770565,1.7222779,-0.31389317,-0.019659001000000002,0.37690926,0.8712213,10.105637,5.5120864,-0.36307034,0.3360675,-1.24011,0.21410184,,,,,14.049807000000001,-0.47572592,-0.84005773,0.26545152,1
4.869999999999897,-8.600963,-8.921563,1.7187207999999998,-0.31045058,-0.024072597,0.37976220000000005,0.87110513,10.067222000000001,5.586335,-0.34825063,0.20946203,-1.1777393999999999,0.21662158,,,,,14.049807000000001,-0.47572592,-0.84005773,0.26545152,1
4.879999999999898,-8.500487,-8.8653345,1.7153144,-0.307613,-0.028452678,0.38250878,0.87077796,10.027826,5.6592937,-0.33292845,0.10260165,-1.1250931,0.21901768,,,,,14.049807000000001,-0.47572592,-0.84005773,0.26545152,1
4.8899999999998975,-8.400411,-8.808383000000001,1.7120634,-0.30528608,-0.032805324,0.38516435,0.87027305,9.987414,5.731082,-0.31721783,0.01240699,-1.0806546000000001,0.22129622,,,,,14.306976,-0.73871994,-0.49190477,0.39091107,1
4.899999999999897,-8.300746,-8.750711,1.7089815,-0.30353606,-0.037050154,0.38770953,0.8695844000000001,9.945196000000001,5.803104,-0.2991317,-0.10473869999999999,-0.9888568000000001,0.22961926,,,,,14.306976,-0.73871994,-0.49190477,0.39091107,1
4.909999999999897,-8.201509,-8.692324000000001,1.7060813999999997,-0.30241185,-0.041123375,0.39013174,0.8687091999999998,9.901896,5.8741956,-0.28087074,-0.20361467,-0.91137326,0.2375339,,,,,14.306976,-0.73871994,-0.49190477,0.39091107,1
4.919999999999898,-8.102711,-8.633230000000001,1.7033644000000001,-0.30181628,-0.045051742,0.3924519,0.8676758,9.857505,5.944502,-0.26254392,-0.28707,-0.84597164,0.24506016,,,,,14.306976,-0.73871994,-0.49190477,0.39091107,1
4.929999999999898,-8.004362,-8.573437,1.7008305000000001,-0.301667,-0.04885765,0.39468747,0.86650693,9.812013,6.014145,-0.24424301,-0.35750964,-0.79076797,0.2522171,,,,,14.509704999999999,-0.82990694,0.024753314,0.44153655,1
4.9399999999998965,-7.906477000000001,-8.512943,1.6984873,-0.30200806,-0.05239336,0.39679417,0.8652185,9.764762,6.0842165999999995,-0.22440122,-0.43119650000000004,-0.6636025,0.2615071,,,,,14.509704999999999,-0.82990694,0.024753314,0.44153655,1
4.949999999999896,-7.809069999999999,-8.451753,1.6963418000000001,-0.30287156,-0.055542815,0.39873874,0.86382514,9.716438,6.153887999999999,-0.2047567,-0.4933902,-0.5562672,0.2703412,,,,,14.509704999999999,-0.82990694,0.024753314,0.44153655,1
4.959999999999896,-7.7121515,-8.389867,1.6943914,-0.30417663,-0.058365895999999994,0.40054885,0.8623417,9.667094,6.2233133,-0.18539076,-0.54588306,-0.46566972,0.27874178,,,,,14.509704999999999,-0.82990694,0.024753314,0.44153655,1
4.969999999999897,-7.615731200000001,-8.327287,1.6926328000000002,-0.30585468,-0.060912967,0.4022475,0.86077994,9.616771,6.292623000000001,-0.16637205,-0.5901881,-0.38919967,0.28673017,,,,,14.486395000000002,-0.65477455,0.4932588,0.34921548,1
4.9799999999998965,-7.5198193,-8.264014999999999,1.6910615000000002,-0.30786222,-0.063040406,0.40379104,0.859187,9.565598,6.3618217,-0.14794564,-0.60028553,-0.25158379999999997,0.28979635,,,,,14.486395000000002,-0.65477455,0.4932588,0.34921548,1
4.989999999999895,-7.424423,-8.20005,1.6896723999999999,-0.31016222,-0.06463728,0.40514448,0.8576026,9.513596000000001,6.431155,-0.12996717,-0.60880476,-0.1354288,0.29271206,,,,,14.486395000000002,-0.65477455,0.4932588,0.34921548,1
4.999999999999895,-7.3295506999999995,-8.135391,1.6884606,-0.31270948,-0.065786615,0.40633708,0.85602456,9.460872,6.5007505,-0.11247204,-0.61599225,-0.037387826,0.29548470000000004,,,,,14.486395000000002,-0.65477455,0.4932588,0.34921548,1
5.009999999999895,-7.235208,-8.070034,1.6874211,-0.3154655,-0.066558324,0.40739328,0.8544502,9.4075165,6.570716,-0.09549086,-0.6220562,0.045363992,0.29812127,,,,,14.718819,-0.44494799999999995,0.5975585999999999,0.43835142,1
5.019999999999895,-7.1414065,-8.003969,1.6865578999999997,-0.31834364,-0.06693791,0.40833557,0.85290194,9.352747,6.642270599999999,-0.07720976,-0.5944535,0.13148120000000002,0.30500245,,,,,14.718819,-0.44494799999999995,0.5975585999999999,0.43835142,1
5.029999999999895,-7.048155,-7.937186200000001,1.6858748,-0.32127368,-0.066916324,0.40918416,0.851397,9.297519,6.7143654999999995,-0.059480099999999994,-0.5711534,0.20416798,0.31154594,,,,,14.718819,-0.44494799999999995,0.5975585999999999,0.43835142,1
5.039999999999894,-6.955457000000001,-7.869680000000001,1.6853663,-0.3242477,-0.06655519,0.40995494,0.8499258,9.241925,6.78706,-0.04230122,-0.5514853,0.2655188,0.31776828,,,,,14.718819,-0.44494799999999995,0.5975585999999999,0.43835142,1
5.049999999999894,-6.8633169999999994,-7.801442599999999,1.6850269,-0.32725865,-0.06590647,0.4106612,0.84848017,9.186048,6.860405,-0.025673669,-0.5348826999999999,0.31730157,0.32368532,,,,,14.456468,-0.18471792,0.5761713,0.56297994,1
5.059999999999894,-6.771732000000001,-7.7324753,1.6848408,-0.3302097,-0.064973444,0.41133675,0.8470804,9.130957,6.9331207,-0.011629931999999999,-0.48028594,0.35768005,0.33542758,,,,,14.456468,-0.18471792,0.5761713,0.56297994,1
5.069999999999894,-6.6806984,-7.662778,1.6847926,-0.33302426,-0.0637601,0.41201094,0.8457421,9.075738000000001,7.0065265,0.0019002752,-0.43420237,0.39176053,0.34659365,,,,,14.456468,-0.18471792,0.5761713,0.56297994,1
5.0799999999998935,-6.590217599999999,-7.5923424,1.6848773999999997,-0.33572379999999996,-0.062307975999999994,0.41268775,0.84445214,9.020467,7.080626,0.0149459075,-0.39530474,0.4205254,0.35721179999999997,,,,,14.456468,-0.18471792,0.5761713,0.56297994,1
5.089999999999892,-6.5002889999999995,-7.5211619999999995,1.6850901000000003,-0.3383261,-0.06065218,0.41337025,0.8431994,8.96521,7.155421700000001,0.02753062,-0.36247233,0.44480342,0.36730890000000005,,,,,14.271676999999999,0.42507288,0.67191064,0.5887555,1
5.099999999999893,-6.410908999999999,-7.449235400000001,1.6854194,-0.34065676,-0.058688097,0.4140653,0.8420582,8.910739,7.229947,0.03827359,-0.23966704,0.4802483,0.37817535,,,,,14.271676999999999,0.42507288,0.67191064,0.5887555,1
5.109999999999893,-6.3220735,-7.376560700000001,1.6858543999999998,-0.34257868,-0.056334153,0.4147781,0.8410878,8.856468,7.305128599999999,0.048665717000000004,-0.13601205,0.51016253,0.38850862,,,,,14.271676999999999,0.42507288,0.67191064,0.5887555,1
5.119999999999893,-6.233779,-7.303130599999999,1.686392,-0.34415573,-0.05364885,0.41550859999999995,0.8402586,8.802526,7.3809323000000004,0.058788627,-0.048520993,0.53540874,0.3983348,,,,,14.271676999999999,0.42507288,0.67191064,0.5887555,1
5.129999999999892,-6.146022,-7.22894,1.6870294999999997,-0.34544158,-0.05068167,0.41625634,0.8395448,8.749021,7.457330000000001,0.068710156,0.0253268,0.5567154000000001,0.40767878,,,,,13.718568,0.6174655,0.48586962,0.56299907,1
5.139999999999893,-6.0587864,-7.153997400000001,1.6877447,-0.34638545,-0.047505982,0.41704769999999997,0.8389485999999999,8.698096000000001,7.531311,0.074309275,0.11767057,0.545692,0.4153004,,,,,13.718568,0.6174655,0.48586962,0.56299907,1
5.149999999999893,-5.9720572999999995,-7.0783124000000015,1.6885154999999998,-0.3469494,-0.044182252000000005,0.41790299999999997,0.8384715,8.647756,7.6057820000000005,0.07984204,0.19561331,0.53638476,0.422548,,,,,13.718568,0.6174655,0.48586962,0.56299907,1
5.159999999999893,-5.885829,-7.0018806,1.6893417000000002,-0.347192,-0.040731788,0.41881335,0.8380915000000001,8.598061999999999,7.680688000000001,0.08537368,0.2614006,0.5285262,0.42943996,,,,,13.718568,0.6174655,0.48586962,0.56299907,1
5.1699999999998925,-5.800093700000001,-6.924697999999999,1.6902232,-0.34716257,-0.037172686,0.41977120000000007,0.83778983,8.54907,7.7559830000000005,0.090958074,0.31692836,0.5218908,0.43599373,,,,,12.831583,0.6300843,-0.15506496,0.45036253,1
5.179999999999891,-5.714829,-6.846784599999999,1.6911276999999998,-0.34679025,-0.0337379,0.42084774,0.83754927,8.50394,7.826726400000001,0.08993281,0.36579478,0.4163339,0.43669882,,,,,12.831583,0.6300843,-0.15506496,0.45036253,1
5.189999999999891,-5.6300125,-6.7681627,1.6920226000000003,-0.34602112,-0.030613587999999997,0.4220979,0.8373583,8.459478,7.897685000000001,0.08905944,0.4070357,0.32723635,0.4373693,,,,,12.831583,0.6300843,-0.15506496,0.45036253,1
5.199999999999892,-5.545637,-6.6888309999999995,1.6929096000000001,-0.34491625,-0.027750907000000002,0.4234935,0.8372093,8.41565,7.968752,0.088394,0.44184129999999994,0.25203192,0.43800690000000003,,,,,12.831583,0.6300843,-0.15506496,0.45036253,1
5.209999999999892,-5.461697,-6.6087880000000006,1.6937913,-0.34352705,-0.025108665,0.4250107,0.83709496,8.372423,8.039837,0.08798387,0.4712157,0.18855393,0.43861320000000004,,,,,12.019589999999999,0.5227858,-0.46742,0.22467342,1
5.21999999999989,-5.3781734000000005,-6.5280566,1.6946393,-0.34187898,-0.022784615,0.4266479,0.8370033000000001,8.332466,8.106366,0.081668615,0.4792879,0.086254194,0.42811509999999997,,,,,12.019589999999999,0.5227858,-0.46742,0.22467342,1
5.229999999999889,-5.295046299999999,-6.446661499999999,1.6954256999999997,-0.33999429999999997,-0.020855853,0.42839947,0.83692664,8.292987,8.17275,0.07566363,0.48609540000000007,-9.210966500000001e-05,0.41813213,,,,,12.019589999999999,0.5227858,-0.46742,0.22467342,1
5.239999999999889,-5.212312,-6.364603,1.6961538,-0.33790879999999995,-0.019262427,0.43024158,0.83686453,8.253925,8.238911,0.06999794,0.49183673,-0.0729732,0.40863907,,,,,12.019589999999999,0.5227858,-0.46742,0.22467342,1
5.249999999999889,-5.1299667,-6.281884,1.6968269,-0.33565259999999997,-0.017953638,0.43215433,0.8368161,8.215233999999999,8.304778,0.06469596,0.49667883,-0.13448876,0.39961183,,,,,10.930897,0.5926616,-0.8048643,0.021996345,1
5.259999999999889,-5.047989,-6.198539,1.6974068,-0.33316877,-0.016995879,0.43414572,0.8367979,8.180342999999999,8.364353999999999,0.051340435,0.5116717000000001,-0.2390357,0.38108212,,,,,10.930897,0.5926616,-0.8048643,0.021996345,1
5.269999999999889,-4.9663587,-6.114599,1.697855,-0.33041309999999996,-0.01644051,0.43621787,0.83682394,8.145696000000001,8.423525999999999,0.038368404,0.52432024,-0.32727924,0.36346167,,,,,10.930897,0.5926616,-0.8048643,0.021996345,1
5.279999999999889,-4.8850739999999995,-6.0300703,1.6981755,-0.32742602,-0.016227622,0.43834759999999995,0.83688927,8.111245,8.482213,0.02581088,0.5349911999999999,-0.40176165,0.34670585,,,,,10.930897,0.5926616,-0.8048643,0.021996345,1
5.289999999999889,-4.804133,-5.9449573,1.6983726000000003,-0.32424173,-0.01630647,0.44051573,0.836989,8.076952,8.540346000000001,0.013693094,0.5439940999999999,-0.46462893,0.33077228,,,,,10.440123,0.75666106,-1.2081975,-0.25356907,1
5.299999999999889,-4.723527,-5.859279,1.6984314999999999,-0.32076225,-0.0167512,0.44273102,0.837152,8.044316,8.595279,-0.0018422007999999998,0.5771736,-0.5805916,0.3020985,,,,,10.440123,0.75666106,-1.2081975,-0.25356907,1
5.3099999999998895,-4.643246700000001,-5.773054599999999,1.6983374,-0.31691045,-0.017619453,0.44499449999999996,0.83740103,8.011759,8.649528,-0.016895799,0.60517174,-0.67847157,0.2748317,,,,,10.440123,0.75666106,-1.2081975,-0.25356907,1
5.319999999999888,-4.5632915,-5.686291000000001,1.6980953,-0.31274104,-0.018849174,0.44728163,0.83772326,7.979242299999999,8.702996,-0.03143007,0.62879854,-0.76108843,0.24890295,,,,,10.440123,0.75666106,-1.2081975,-0.25356907,1
5.329999999999888,-4.4836617,-5.5989976,1.6977108,-0.30830017,-0.020387705,0.44957218,0.8381071,7.9467381999999995,8.755606,-0.0454158,0.64873683,-0.8308221,0.22424649,,,,,10.259245,1.0946753,-1.2986162,-0.5110746,1
5.339999999999888,-4.404354,-5.511186599999999,1.6971817,-0.30349640000000006,-0.022169499999999998,0.45183676,0.83859724,7.914789,8.806386,-0.060294600000000004,0.7182702,-0.9037811,0.18816406,,,,,10.259245,1.0946753,-1.2986162,-0.5110746,1
5.349999999999888,-4.325366000000001,-5.422873,1.6965069,-0.2982585,-0.024140883,0.45404732,0.83922786,7.882838700000001,8.856163,-0.074569836,0.77695626,-0.96536565,0.15385220000000002,,,,,10.259245,1.0946753,-1.2986162,-0.5110746,1
5.359999999999887,-4.2466974,-5.334067299999999,1.6956924,-0.29264984,-0.02627642,0.45619082,0.8399754999999999,7.8509016,8.904855,-0.088205084,0.82648796,-1.0173484,0.12122404,,,,,10.259245,1.0946753,-1.2986162,-0.5110746,1
5.369999999999888,-4.168348,-5.24478,1.6947452,-0.28672388,-0.028554311000000002,0.45825693,0.8408197000000001,7.818992,8.952388000000001,-0.10117392,0.86829364,-1.0612264,0.09019696,,,,,10.127761999999999,1.651211,-1.3008935,-0.960231,1
5.379999999999888,-4.090315299999999,-5.155026400000001,1.6936659,-0.28033638,-0.030870212,0.46019733,0.8418314,7.7875395,8.998105,-0.11455316,0.9903545,-1.0986283000000001,0.03865217,,,,,10.127761999999999,1.651211,-1.3008935,-0.960231,1
5.389999999999888,-4.012597,-5.0648227,1.6924564999999998,-0.27337402,-0.033141386,0.4619665,0.84306484,7.756197,9.042533,-0.12720829,1.0933795,-1.1302036,-0.010363324,,,,,10.127761999999999,1.651211,-1.3008935,-0.960231,1
5.399999999999888,-3.9351910000000005,-4.974181,1.6911243000000002,-0.26592028,-0.03537942,0.46356106,0.84448147,7.725034700000001,9.085589,-0.13909912,1.1803377,-1.1568589,-0.0569736,,,,,10.127761999999999,1.651211,-1.3008935,-0.960231,1
5.4099999999998865,-3.8580954,-4.883116200000001,1.6896772,-0.25804570000000004,-0.037593625,0.46497878,0.8460478000000001,7.694113300000001,9.127203,-0.15019847,1.2537352,-1.1793597,-0.10129671,,,,,10.683114,1.6879799,-1.1490536,-1.1025927,1
5.419999999999887,-3.7813160000000003,-4.7916317,1.6881471999999997,-0.24982527,-0.03973764,0.46618873,0.84774965,7.6618075,9.169511,-0.15567568,1.3214181999999999,-1.1746802,-0.1504306,,,,,10.683114,1.6879799,-1.1490536,-1.1025927,1
5.429999999999887,-3.7048578,-4.6997313,1.6865667000000002,-0.24132182,-0.04177503,0.46716583,0.8495751,7.6298756999999995,9.210186,-0.1602956,1.3785479999999999,-1.1707312,-0.19715346,,,,,10.683114,1.6879799,-1.1490536,-1.1025927,1
5.439999999999887,-3.6287167,-4.607433,1.6849443,-0.23257414,-0.043725766,0.4679173,0.8515009,7.598375,9.249188,-0.16406068,1.4267703999999999,-1.1673978999999999,-0.24158362,,,,,10.683114,1.6879799,-1.1490536,-1.1025927,1
5.4499999999998865,-3.5528883999999996,-4.514753,1.6832884999999997,-0.22361520000000001,-0.045606293,0.46844998,0.8535069,7.567355,9.286485,-0.16698,1.4674743000000001,-1.164584,-0.28383356,,,,,10.896049,2.2777654999999997,-0.5865754,-1.3050097999999999,1
5.4599999999998845,-3.4773707000000003,-4.4217052,1.6816171000000002,-0.21437566,-0.04713273,0.46871009999999996,0.85564923,7.536266,9.322755,-0.16715124,1.5938202,-1.0745192,-0.33394298,,,,,10.896049,2.2777654999999997,-0.5865754,-1.3050097999999999,1
5.469999999999884,-3.402161,-4.328304,1.6799484,-0.20480114,-0.04808024,0.46865496,0.8579688,7.5058618,9.357247000000001,-0.16646919,1.7004665,-0.99850035,-0.38159353,,,,,10.896049,2.2777654999999997,-0.5865754,-1.3050097999999999,1
5.479999999999884,-3.3272510000000004,-4.2345667,1.6782907,-0.19493783,-0.048540622,0.46830508,0.86042815,7.476288,9.38996,-0.16493353,1.7904841,-0.93433595,-0.42690587,,,,,10.896049,2.2777654999999997,-0.5865754,-1.3050097999999999,1
5.489999999999885,-3.252632,-4.140511,1.6766526999999998,-0.184825,-0.04859108,0.46767765,0.86299443,7.447667,9.420886999999999,-0.16255288,1.8664657999999998,-0.8801761999999999,-0.46999466,,,,,9.592065,2.5554384999999997,0.26390746,-1.5133806,1
5.4999999999998845,-3.1782775,-4.046172,1.6749821,-0.174558,-0.04795526,0.46670887,0.8656879999999999,7.423413799999999,9.446543,-0.17146738,1.9739414,-0.7018555999999999,-0.52119386,,,,,9.592065,2.5554384999999997,0.26390746,-1.5133806,1
5.509999999999884,-3.10416,-3.9515849999999997,1.6732258999999998,-0.16421355,-0.046416707,0.46534982,0.8685229,7.4002585000000005,9.47068,-0.17966916,2.0646589,-0.5513416,-0.5698808000000001,,,,,9.592065,2.5554384999999997,0.26390746,-1.5133806,1
5.519999999999884,-3.030268,-3.8567636,1.6713911,-0.15379784,-0.04411604,0.4636331,0.87146276,7.378356500000001,9.493359,-0.18717964,2.1412299,-0.4242967000000001,-0.61617863,,,,,9.592065,2.5554384999999997,0.26390746,-1.5133806,1
5.529999999999885,-2.956588,-3.7617226,1.6694845,-0.14331643,-0.041171912000000005,0.46158552,0.8744753000000001,7.357839599999999,9.514623,-0.19402555,2.2058593999999996,-0.31706077,-0.6602045999999999,,,,,9.789539,2.4549167,0.88032085,-1.581534,1
5.539999999999885,-2.883108,-3.6664739,1.6675221999999998,-0.13292316,-0.037488196,0.45918602,0.8775404,7.338432000000001,9.534925,-0.19834782,2.2447757999999998,-0.13041255,-0.7054145,,,,,9.789539,2.4549167,0.88032085,-1.581534,1
5.5499999999998835,-2.8098137000000003,-3.5710287000000003,1.6655197,-0.12274037,-0.03299307,0.4564215999999999,0.880641,7.320682000000001,9.553916000000001,-0.20206882,2.27762,0.027131822000000003,-0.74840593,,,,,9.789539,2.4549167,0.88032085,-1.581534,1
5.559999999999883,-2.7366884,-3.4753997,1.6634828000000002,-0.11273082,-0.027811885,0.4533228,0.8837531,7.3047070000000005,9.571684,-0.20523614,2.3053383999999997,0.16011129999999998,-0.7892878000000001,,,,,9.789539,2.4549167,0.88032085,-1.581534,1
5.569999999999883,-2.6637132,-3.3795989,1.6614168000000002,-0.1028636,-0.022050728999999998,0.4499147,0.8868554,7.290605499999999,9.588298,-0.20789908,2.3287294,0.27235657,-0.8281635,,,,,10.864861999999999,1.9401611,0.80109155,-1.4302999,1
5.579999999999883,-2.5908759999999997,-3.2836287000000004,1.6593789,-0.09328253,-0.015918083,0.44623440000000003,0.88990045,7.277118700000001,9.605518,-0.19957754,2.2681835,0.35480145,-0.85771054,,,,,10.864861999999999,1.9401611,0.80109155,-1.4302999,1
5.5899999999998835,-2.5181632,-3.1874921,1.6574265,-0.08410221,-0.009583366999999999,0.4423189,0.89285606,7.265813400000001,9.621595,-0.19082373,2.217075,0.42438817,-0.8858077,,,,,10.864861999999999,1.9401611,0.80109155,-1.4302999,1
5.599999999999883,-2.4455522999999997,-3.0912004,1.6555636000000002,-0.0752597,-0.0030770296999999996,0.43818668,0.8957242,7.256687599999999,9.636597,-0.18170565,2.1739326,0.48312178,-0.9125261,,,,,10.864861999999999,1.9401611,0.80109155,-1.4302999,1
5.609999999999883,-2.3730217999999996,-2.9947636,1.6537935000000001,-0.06670202,0.0035749204,0.43385327,0.8985056,7.249738000000001,9.650576,-0.17228657,2.1375144,0.5326951999999999,-0.9379334,,,,,11.939505,1.4290285,0.90965176,-1.3538615,1
5.619999999999883,-2.3005524,-2.8981857000000004,1.6521721,-0.0585875,0.010301612,0.4293391,0.9011838,7.244482499999999,9.664867,-0.15196873,2.02707,0.5915218000000001,-0.9583430000000001,,,,,11.939505,1.4290285,0.90965176,-1.3538615,1
5.6299999999998835,-2.228124,-2.8014697999999996,1.6507547999999999,-0.051040087000000005,0.01704672,0.42466667,0.9037508,7.241556599999999,9.678179,-0.13145624,1.9338446,0.6411677,-0.9777511999999999,,,,,11.939505,1.4290285,0.90965176,-1.3538615,1
5.6399999999998816,-2.1557136000000003,-2.7046254000000003,1.6495433999999998,-0.043972265,0.023809005,0.41984996,0.9062165999999999,7.240904,9.690602,-0.11081293,1.8551538,0.68306535,-0.99620706,,,,,11.939505,1.4290285,0.90965176,-1.3538615,1
5.6499999999998805,-2.0832984,-2.6076607999999997,1.6485387999999999,-0.03731011,0.030587012,0.41490024,0.9085885,7.2424740000000005,9.702208500000001,-0.090095565,1.788731,0.71842396,-1.0137572,,,,,12.35829,1.0116086,0.8840059000000001,-1.2793721000000002,1
5.659999999999881,-2.010856,-2.510582,1.6477624,-0.031138664,0.037301224,0.40984136,0.91086334,7.2463503,9.713445,-0.06518726,1.6675626000000001,0.7443119,-1.0267911,,,,,12.35829,1.0116086,0.8840059000000001,-1.2793721000000002,1
5.669999999999881,-1.9383637999999999,-2.4133942000000004,1.6472349999999998,-0.025522599,0.043889295,0.4046965,0.9130421999999999,7.252391,9.723988,-0.04030476,1.5652876,0.7661528000000001,-1.0391853000000002,,,,,12.35829,1.0116086,0.8840059000000001,-1.2793721000000002,1
5.679999999999881,-1.8658008999999998,-2.3161042000000003,1.6469561000000001,-0.020376716,0.05037255,0.3994727,0.91513497,7.260509,9.73392,-0.015490906,1.4789602,0.784579,-1.0509714,,,,,12.35829,1.0116086,0.8840059000000001,-1.2793721000000002,1
5.68999999999988,-1.7931466,-2.2187175999999997,1.6469249,-0.015628956,0.056768563,0.3941754,0.9171488000000001,7.270632300000001,9.743308,0.009217044,1.4060934999999999,0.80012405,-1.0621791999999999,,,,,12.783663,0.60257626,0.84343463,-1.0762017,1
5.699999999999879,-1.7203794999999997,-2.121238,1.6471611000000002,-0.011360868,0.06301317,0.38884214,0.91907847,7.283106,9.752517,0.038008652999999996,1.2807903,0.8069643,-1.0628673,,,,,12.783663,0.60257626,0.84343463,-1.0762017,1
5.709999999999879,-1.6474779,-2.0236685000000003,1.6476845000000002,-0.0076339305,0.06905703,0.3835083,0.92092204,7.2974787,9.761308,0.06662903,1.1750275,0.8127244,-1.0635215,,,,,12.783663,0.60257626,0.84343463,-1.0762017,1
5.71999999999988,-1.5744236999999999,-1.9260129000000001,1.6484929,-0.0043647457,0.07493311,0.37817436,0.9226880999999999,7.31365,9.769761,0.09505557,1.0857576,0.817575,-1.0641438,,,,,12.783663,0.60257626,0.84343463,-1.0762017,1
5.72999999999988,-1.501199,-1.8282741000000002,1.6495848000000002,-0.0014827475,0.080668814,0.37284002,0.924383,7.331537,9.777944,0.12326904,1.0104085999999999,0.8216597,-1.0647355,,,,,13.031544,0.4893194,0.6620999,-0.8397485999999998,1
5.7399999999998785,-1.4277853999999999,-1.7304538,1.6509699,0.0010591089,0.08620301,0.3675355,0.9260069,7.351441400000001,9.786064,0.15369827,0.9291221,0.7968397,-1.0536952,,,,,13.031544,0.4893194,0.6620999,-0.8397485999999998,1
5.749999999999878,-1.3541646999999999,-1.6325533,1.6526580000000002,0.003301314,0.09148832,0.36228886,0.92756075,7.3729258,9.7940035,0.1838844,0.86051536,0.7758802,-1.0431968,,,,,13.031544,0.4893194,0.6620999,-0.8397485999999998,1
5.759999999999878,-1.2803216999999998,-1.5345742,1.6546466,0.0052902563,0.09656408400000001,0.35709617,0.9290495000000001,7.395902,9.801791,0.21382089999999998,0.8026106,0.75818074,-1.0332136,,,,,13.031544,0.4893194,0.6620999,-0.8397485999999998,1
5.769999999999879,-1.2062416999999999,-1.4365178,1.6569334,0.0070652515,0.101463266,0.35195354,0.9304769,7.420298599999999,9.809453999999999,0.24350217,0.75373834,0.74323446,-1.0237203000000001,,,,,13.144607,0.22708008,0.32607420000000004,-0.5588648,1
5.779999999999879,-1.13191,-1.3383851999999998,1.6595212,0.008612484,0.106051385,0.34689954,0.9318492,7.4462667,9.817076,0.27403137,0.67155284,0.6782433000000001,-1.0009097,,,,,13.144607,0.22708008,0.32607420000000004,-0.5588648,1
5.789999999999878,-1.057312,-1.2401768,1.6624131000000002,0.009922615,0.11022370000000001,0.34197003,0.9331731,7.4734783,9.824603999999999,0.30430890000000005,0.6021929,0.62337655,-0.97921836,,,,,13.144607,0.22708008,0.32607420000000004,-0.5588648,1
5.799999999999878,-0.9824364,-1.1418933999999998,1.6656066000000003,0.011032633,0.11404558,0.3371572,0.9344518,7.5018167,9.832049000000001,0.3343474,0.5436569,0.57705706,-0.9585915,,,,,13.144607,0.22708008,0.32607420000000004,-0.5588648,1
5.809999999999879,-0.9072722,-1.0435360999999999,1.6690993000000003,0.01197398,0.117572024,0.33245358,0.93568766,7.5311823,9.839421000000002,0.3641587,0.4942554,0.53795356,-0.9389768000000001,,,,,13.102492999999999,0.23259291,0.06499873,-0.39925759999999993,1
5.819999999999879,-0.83181,-0.9451054,1.6728870999999998,0.012812293999999998,0.12075198,0.32786927,0.9368884,7.5613904000000005,9.846701,0.39334553,0.45339608,0.4642294,-0.91249263,,,,,13.102492999999999,0.23259291,0.06499873,-0.39925759999999993,1
5.829999999999877,-0.7560415,-0.8466023000000001,1.6769654999999999,0.013600976,0.12354712,0.323414,0.9380607,7.5924354,9.853893,0.42233586,0.4189184,0.401997,-0.88730806,,,,,13.102492999999999,0.23259291,0.06499873,-0.39925759999999993,1
5.839999999999878,-0.67995876,-0.7480279000000001,1.6813331000000002,0.014348321,0.1260173,0.3190805,0.93920434,7.624224000000001,9.860975999999999,0.45114848,0.3898252,0.34946520000000003,-0.86335933,,,,,13.102492999999999,0.23259291,0.06499873,-0.39925759999999993,1
5.849999999999878,-0.6035547,-0.6493833000000001,1.685988,0.015061479,0.12821291,0.31486192,0.94031906,7.6566772,9.867931,0.47979996,0.36527553,0.30512202,-0.8405857,,,,,12.667297,0.33028979999999997,-0.40132192,-0.24614120000000003,1
5.859999999999879,-0.52682865,-0.550671,1.6909076,0.015844243,0.13001291,0.31076175,0.9414224,7.688623,9.874509,0.5041019,0.3597555,0.19496234,-0.81141615,,,,,12.667297,0.33028979999999997,-0.40132192,-0.24614120000000003,1
5.869999999999878,-0.4497807,-0.45189387,1.6960696,0.01677882,0.13132305,0.30678433,0.94252825,7.721039299999999,9.880875999999999,0.5282912,0.35510916,0.10198107,-0.7836779,,,,,12.667297,0.33028979999999997,-0.40132192,-0.24614120000000003,1
5.879999999999876,-0.37240663,-0.35305443,1.701473,0.017841982,0.13221881,0.30292428,0.94363135,7.7538266,9.88696,0.55239594,0.35119817,0.023499336000000003,-0.7573008000000001,,,,,12.667297,0.33028979999999997,-0.40132192,-0.24614120000000003,1
5.889999999999876,-0.2947032,-0.2541558,1.7071173,0.01901428,0.13276386,0.29917625,0.9447270000000001,7.7869,9.892707000000001,0.5764399,0.34790555,-0.04274404,-0.732218,,,,,11.8430805,0.46405056,-1.1245688,0.01912072,1
5.899999999999876,-0.21667874,-0.15520342,1.7129619999999999,0.02042048,0.13275373,0.29555327,0.94583875,7.818011,9.897708,0.59250194,0.36594266,-0.21145375,-0.6953496,,,,,11.8430805,0.46405056,-1.1245688,0.01912072,1
5.909999999999876,-0.13834275,-0.056203313,1.7189672999999999,0.022158159,0.13202827,0.29206859999999996,0.946983,7.8491826,9.902225999999999,0.60856724,0.38118586,-0.35385170000000005,-0.66029036,,,,,11.8430805,0.46405056,-1.1245688,0.01912072,1
5.919999999999876,-0.059695315,0.04283908,1.7251334999999999,0.024175815,0.13069695,0.28871690000000005,0.9481454,7.880285300000001,9.906152,0.62467337,0.39406708,-0.4740416,-0.62695146,,,,,11.8430805,0.46405056,-1.1245688,0.01912072,1
5.9299999999998745,0.019262328999999998,0.14191735,1.7314610000000001,0.026430124,0.12885214,0.28549266,0.94931334,7.9112062000000005,9.909389,0.64085037,0.40495127,-0.575487,-0.59524846,,,,,11.0813675,0.77444476,-1.7086225,0.14335981,1
5.939999999999875,0.09851798,0.24102338,1.737914,0.029070947000000003,0.12638465,0.28238246,0.9504973,7.9398713,9.911692,0.6497673,0.46252275,-0.7522103,-0.5590048000000001,,,,,11.0813675,0.77444476,-1.7086225,0.14335981,1
5.949999999999875,0.17805843,0.3401482,1.7444566000000004,0.03221466,0.12321074,0.27937543,0.95170057,7.9681505999999995,9.913131,0.65880173,0.51113254,-0.9013684999999999,-0.52453953,,,,,11.0813675,0.77444476,-1.7086225,0.14335981,1
5.959999999999875,0.2578793,0.43928254,1.7510903999999998,0.035782546,0.119436845,0.27646932,0.95290214,7.995928999999999,9.913571000000001,0.66797584,0.5521748000000001,-1.0272614,-0.49176549999999997,,,,,11.0813675,0.77444476,-1.7086225,0.14335981,1
5.969999999999874,0.33797497,0.5384158,1.7578166000000002,0.03970814,0.115152895,0.27366123,0.95408386,8.023105000000001,9.9129,0.6773026999999999,0.58682644,-1.1335186000000002,-0.46059970000000006,,,,,10.636478,1.0184188,-1.9003743999999998,0.17697474,1
5.979999999999873,0.41833368,0.63753664,1.7646151999999997,0.044049847999999996,0.11038809,0.27093738,0.9552332,8.048527,9.911092,0.6824682,0.65412265,-1.2531163,-0.42931375,,,,,10.636478,1.0184188,-1.9003743999999998,0.17697474,1
5.989999999999873,0.49894297,0.73663324,1.7714664,0.048850782,0.10516899,0.26828614,0.9563363000000001,8.073208000000001,9.908006,0.6877829000000001,0.71093243,-1.354058,-0.39956298,,,,,10.636478,1.0184188,-1.9003743999999998,0.17697474,1
5.999999999999874,0.57979506,0.83569205,1.7783712999999999,0.05403843,0.09956238,0.26570672,0.95737696,8.097077,9.903536,0.6932374,0.7588891,-1.4392544,-0.37127209999999994,,,,,10.636478,1.0184188,-1.9003743999999998,0.17697474,1
6.009999999999874,0.6608815,0.9346989,1.7853314999999998,0.059551400000000004,0.09362486,0.26319778,0.9583415000000001,8.120072,9.897592999999999,0.6988156,0.79937166,-1.5111617,-0.34436947,,,,,10.721622,1.7634945,-2.7991693,0.041602099999999996,1
6.019999999999872,0.7421941999999999,1.0336382,1.7923521,0.065716095,0.08713860000000001,0.26069126,0.9592350000000001,8.142306,9.890022,0.70532626,0.9497021000000001,-1.7120478,-0.3254297,,,,,10.721622,1.7634945,-2.7991693,0.041602099999999996,1
6.029999999999873,0.82372403,1.1324933000000001,1.7994381999999998,0.0727866,0.07993173,0.25812674,0.9600453000000001,8.163494,9.880673,0.7119097,1.0765989,-1.8815982,-0.30741936,,,,,10.721622,1.7634945,-2.7991693,0.041602099999999996,1
6.039999999999873,0.9054601000000001,1.2312448999999999,1.8065904,0.08061712,0.072110936,0.25551224,0.9607380999999999,8.183532000000001,9.869339,0.71852326,1.1837138,-2.0247014,-0.29029277,,,,,10.721622,1.7634945,-2.7991693,0.041602099999999996,1
6.049999999999873,0.9873904,1.3298726,1.8138086,0.089083984,0.06376695,0.2528538,0.9612837,8.202324,9.855849000000001,0.72511166,1.2741301,-2.145483,-0.27400655,,,,,10.278034,1.8143843000000002,-2.7319120999999997,0.06574938,1
6.059999999999873,1.0694983999999998,1.4283572,1.8210706,0.09809518,0.055007785999999996,0.25016007,0.96165216,8.219066999999999,9.840716,0.7272810000000001,1.3583903,-2.2369368,-0.2573346,,,,,10.278034,1.8143843000000002,-2.7319120999999997,0.06574938,1
6.069999999999872,1.1517671,1.5266790000000001,1.8283535,0.10757185,0.045923647000000005,0.24743871,0.9618194999999999,8.234475999999999,9.823271,0.72928816,1.4295132,-2.314125,-0.24148077,,,,,10.278034,1.8143843000000002,-2.7319120999999997,0.06574938,1
6.079999999999872,1.2341832,1.6248143,1.8356555,0.11743455,0.036562156,0.24469243,0.9617699000000001,8.2485,9.803427000000001,0.7310515999999999,1.4895469,-2.3792737,-0.2264049,,,,,10.278034,1.8143843000000002,-2.7319120999999997,0.06574938,1
6.089999999999872,1.3167323,1.722739,1.8429734,0.12761559,0.026964198999999998,0.24192308,0.96149045,8.26109,9.781114,0.73248416,1.5402197,-2.4342606,-0.21206881,,,,,9.558786,1.637433,-1.7814572,-0.016923193,1
6.099999999999872,1.3993959999999999,1.8204366,1.850269,0.13789771,0.01751496,0.23917449,0.9609769,8.271442,9.758028,0.7265599,1.5554088,-2.3324485,-0.20249295,,,,,9.558786,1.637433,-1.7814572,-0.016923193,1
6.109999999999873,1.4821566000000002,1.9178916000000001,1.8575028999999998,0.1481085,0.008522556,0.23648667,0.9602440999999999,8.280486999999999,9.73264,0.7201665,1.5682251,-2.2465143,-0.19338699999999998,,,,,9.558786,1.637433,-1.7814572,-0.016923193,1
6.119999999999871,1.5650015,2.0150816000000003,1.8646703000000002,0.15825482,-8.453429000000001e-05,0.23385477,0.95930743,8.288292,9.705,0.7132341,1.5790396,-2.1739813999999997,-0.18472786,,,,,9.558786,1.637433,-1.7814572,-0.016923193,1
6.129999999999871,1.6479186000000001,2.111984,1.8717654,0.1683421,-0.008366601999999999,0.23127362,0.95817894,8.294917,9.675153,0.7056975999999999,1.5881648000000002,-2.1127599999999997,-0.17649363,,,,,9.543915,1.3529067,-1.140068,-0.15710473,1
6.139999999999871,1.730896,2.2085772,1.8787811999999997,0.17820697,-0.016151883,0.22876474,0.95689684,8.300408000000001,9.643199000000001,0.69735813,1.5514951000000001,-1.961064,-0.17554222,,,,,9.543915,1.3529067,-1.140068,-0.15710473,1
6.149999999999871,1.8139232,2.3048408,1.8857101000000003,0.18772265,-0.023306362,0.22634576,0.9555041,8.304869,9.60919,0.6883183,1.520541,-1.8330256999999999,-0.17463748,,,,,9.543915,1.3529067,-1.140068,-0.15710473,1
6.1599999999998705,1.8969901999999998,2.4007542,1.8925451000000002,0.19694205,-0.029927838999999998,0.22400576,0.9540142,8.30839,9.573227000000001,0.67855,1.494412,-1.7249554,-0.17377713,,,,,9.543915,1.3529067,-1.140068,-0.15710473,1
6.16999999999987,1.9800879,2.4962988,1.8992785,0.20590943,-0.03609891,0.22173455,0.95243657,8.3110485,9.535396,0.6680286999999999,1.4723552,-1.6337393999999998,-0.17295901,,,,,9.160473,0.7350217,-0.40206948,-0.24556449,1
6.17999999999987,2.0632078999999997,2.5914639999999998,1.9058856,0.21436226,-0.041660592,0.21956523,0.95084584,8.312842999999999,9.497377,0.65325046,1.3573867,-1.4416514999999999,-0.17652178,,,,,9.160473,0.7350217,-0.40206948,-0.24556449,1
6.18999999999987,2.1463425,2.6862411,1.9123411,0.22209764,-0.046490416,0.21752480000000002,0.94931436,8.313976,9.4578,0.6377547,1.260345,-1.2795208,-0.17990974,,,,,9.160473,0.7350217,-0.40206948,-0.24556449,1
6.19999999999987,2.2294855,2.7806153,1.9186381999999997,0.22922957,-0.050701912,0.21559566,0.9478424000000001,8.314542999999999,9.416811000000001,0.6215745,1.1784346,-1.1426754,-0.18313144,,,,,9.160473,0.7350217,-0.40206948,-0.24556449,1
6.209999999999869,2.3126316000000005,2.8745732000000004,1.9247702000000002,0.23585375,-0.05439095,0.21376196,0.946427,8.314621,9.374537,0.60474086,1.1092963,-1.0271721,-0.18619505,,,,,9.040092999999999,0.34817484,0.34840408,-0.5780936,1
6.219999999999869,2.3957763,2.968105,1.9307255,0.24184258,-0.057377647999999996,0.21203387,0.9451271000000001,8.314291,9.331664,0.58622724,0.9906153,-0.81265,-0.20542562,,,,,9.040092999999999,0.34817484,0.34840408,-0.5780936,1
6.229999999999869,2.4789162,3.061203,1.9364928,0.24710126,-0.059522368,0.21041529999999997,0.9439953000000001,8.313664,9.287786,0.5671619000000001,0.8904436,-0.63158154,-0.22371255,,,,,9.040092999999999,0.34817484,0.34840408,-0.5780936,1
6.239999999999869,2.562049,3.1538575,1.9420669999999998,0.25174722,-0.060953904,0.20888424,0.94301593,8.312852000000001,9.243043,0.54760945,0.8058936999999999,-0.4787501,-0.24110213,,,,,9.040092999999999,0.34817484,0.34840408,-0.5780936,1
6.2499999999998685,2.6451728,3.2460607999999995,1.9474435,0.25587878,-0.061780956,0.20742148,0.94217265,8.311945,9.197556500000001,0.5276271,0.73452926,-0.34975272,-0.2576384,,,,,9.254151,0.012171425,0.86015207,-0.74978346,1
6.259999999999868,2.7282875,3.3378007000000003,1.9526273999999997,0.25941060000000005,-0.06192476,0.20603485,0.94150144,8.311005999999999,9.150337,0.50911003,0.6219068,-0.16105981,-0.28178808,,,,,9.254151,0.012171425,0.86015207,-0.74978346,1
6.269999999999868,2.811393,3.4290656999999998,1.9576247,0.26227984,-0.061326797999999995,0.20472772,0.9410306999999999,8.310158,9.102597,0.49028249999999995,0.5268479,-0.0017929785000000001,-0.30475274,,,,,9.254151,0.012171425,0.86015207,-0.74978346,1
6.279999999999868,2.894491,3.5198513999999994,1.9624324,0.264592,-0.06009902,0.20347854,0.9407334999999999,8.309499,9.054462,0.471217,0.44661283,0.13263640000000002,-0.3265905,,,,,9.254151,0.012171425,0.86015207,-0.74978346,1
6.289999999999868,2.9775841,3.6101544000000003,1.9670484000000001,0.26643533,-0.058335975,0.20226889999999997,0.9405851000000001,8.309113499999999,9.006035,0.45197514,0.37888926,0.24610126,-0.3473567,,,,,9.478110000000001,0.14206168,1.0808426000000002,-0.9610011,1
6.2999999999998675,3.060675,3.6999657,1.971481,0.26791632,-0.056017052000000005,0.20108517,0.94055915,8.309074,8.956226,0.4345139,0.34199294,0.37628022,-0.37746840000000004,,,,,9.478110000000001,0.14206168,1.0808426000000002,-0.9610011,1
6.309999999999867,3.143767,3.7892785000000004,1.9757383999999998,0.2691228,-0.053129155,0.19991218,0.9406323,8.309481,8.906282000000001,0.4169673,0.31084973,0.48615807,-0.40610250000000003,,,,,9.478110000000001,0.14206168,1.0808426000000002,-0.9610011,1
6.319999999999867,3.2268662,3.8780913,1.9798201000000002,0.27009752,-0.049756255,0.19873372,0.94078714,8.310416,8.856263,0.39936915,0.28456193,0.5789008000000001,-0.43333155,,,,,9.478110000000001,0.14206168,1.0808426000000002,-0.9610011,1
6.329999999999867,3.3099775,3.9664040000000003,1.9837256999999997,0.27087623,-0.045969445,0.19753651,0.941008,8.311954,8.806219,0.38174614,0.2623723,0.65718013,-0.45922446,,,,,9.472031,0.12862518,1.1556733000000001,-1.0731803,1
6.339999999999868,3.3931077000000003,4.0542164,1.9874546999999998,0.27147835,-0.041798074,0.1963046,0.94128674,8.314153,8.756225,0.36406755,0.24155210000000002,0.73492116,-0.48935145,,,,,9.472031,0.12862518,1.1556733000000001,-1.0731803,1
6.349999999999866,3.4762633000000003,4.141529,1.991007,0.27192059999999996,-0.037268154,0.19502337,0.94161564,8.317075,8.706289,0.34640244,0.22397707,0.80053854,-0.51800007,,,,,9.472031,0.12862518,1.1556733000000001,-1.0731803,1
6.359999999999866,3.5594516000000005,4.2283425,1.9943827,0.2722265,-0.032430924,0.19368498,0.94198245,8.320771,8.656447,0.32876375,0.20914085,0.855923,-0.5452429,,,,,9.472031,0.12862518,1.1556733000000001,-1.0731803,1
6.369999999999866,3.6426811000000003,4.3146586,1.9975823,0.27241585,-0.027329912,0.19228336,0.9423766,8.325286,8.606729,0.31115985,0.19661625,0.9026699,-0.571149,,,,,8.61908,-0.0153702125,1.3119608,-1.0608604,1
6.379999999999866,3.7259576,4.4005,2.0005698,0.27243856,-0.021954624,0.19083099,0.9428056999999999,8.3301735,8.5616255,0.28634462,0.16359591,0.9665083000000001,-0.59517926,,,,,8.61908,-0.0153702125,1.3119608,-1.0608604,1
6.389999999999867,3.8092873,4.4858910000000005,2.0033092,0.27225563,-0.016298842,0.18933854,0.9432741,8.33588,8.516698,0.2615774,0.13572231,1.0203902,-0.61803037,,,,,8.61908,-0.0153702125,1.3119608,-1.0608604,1
6.399999999999865,3.8926782999999996,4.570834,2.0058013999999997,0.2718968,-0.01040264,0.18779953,0.94376856,8.342442,8.471981,0.2368674,0.112192936,1.0658684999999999,-0.63976014,,,,,8.61908,-0.0153702125,1.3119608,-1.0608604,1
6.409999999999865,3.9761393,4.655330999999999,2.0080468999999996,0.27138709999999994,-0.004300135,0.18620892,0.9442778000000001,8.349886999999999,8.427505,0.21221934,0.09233026,1.1042535,-0.66042364,,,,,9.332785000000001,0.048091985,0.5819268,-1.0668448,1
6.419999999999865,4.059683000000001,4.7393665,2.0100765,0.2708258,0.0017085526,0.18448327,0.9447858,8.358924,8.379629,0.19372006,0.08540969999999999,1.0227989,-0.6803668,,,,,9.332785000000001,0.048091985,0.5819268,-1.0668448,1
6.429999999999865,4.143321,4.8229246,2.0119214,0.27029315,0.0073836627,0.18255731,0.945285,8.368888,8.3320265,0.17527445,0.07957145,0.9540466000000001,-0.6993314,,,,,9.332785000000001,0.048091985,0.5819268,-1.0668448,1
6.439999999999863,4.2270637,4.9060087,2.013582,0.26978266,0.012779671999999999,0.1804522,0.94577736,8.379716,8.284678999999999,0.15686795,0.07464634,0.8960161,-0.7173654,,,,,9.332785000000001,0.048091985,0.5819268,-1.0668448,1
6.4499999999998625,4.3109183,4.98862,2.0150588,0.26928887,0.017942443,0.17818621,0.94626373,8.391355,8.23757,0.13848832,0.07049175,0.8470351,-0.7345144,,,,,9.348347,-0.051353835,0.41770730000000006,-1.0664717,1
6.459999999999862,4.3948936,5.0707607,2.0163523999999997,0.26878116,0.022841316,0.17575829999999998,0.9467565,8.403779,8.190607,0.12025874,0.051466145,0.7800903,-0.75080365,,,,,9.348347,-0.051353835,0.41770730000000006,-1.0664717,1
6.469999999999862,4.4789962999999995,5.152433,2.017464,0.26823506,0.027453946,0.17316924,0.94726586,8.416911,8.14386,0.10204198,0.03541102,0.7235843000000001,-0.7662936,,,,,9.348347,-0.051353835,0.41770730000000006,-1.0664717,1
6.479999999999864,4.5632343,5.2336392,2.0183933,0.26765448,0.031827074,0.17043608,0.9477888000000001,8.430695,8.097318,0.08383598,0.021862712000000003,0.67588943,-0.78102344,,,,,9.348347,-0.051353835,0.41770730000000006,-1.0664717,1
6.489999999999862,4.6476125999999995,5.3143806,2.0191407,0.26704282,0.036000025,0.16757354,0.94832224,8.445084,8.050975,0.06563912,0.010430045,0.63563174,-0.79503053,,,,,9.111457000000001,-0.013380729,0.7240739,-0.9179478000000001,1
6.4999999999998614,4.732136,5.3946657,2.0196962,0.26639759999999996,0.04011978,0.16464385,0.9488514000000001,8.459667,8.005997,0.045424778,0.0067264354,0.6494261,-0.8010621,,,,,9.111457000000001,-0.013380729,0.7240739,-0.9179478000000001,1
6.509999999999861,4.8168073,5.4745016,2.0200496,0.2657175,0.044303699999999994,0.16169947,0.94936216,8.474808,7.9612103,0.02521456,0.0035992803000000004,0.66106904,-0.80679774,,,,,9.111457000000001,-0.013380729,0.7240739,-0.9179478000000001,1
6.519999999999861,4.9016337,5.55389,2.0202006999999997,0.26500666,0.048542358,0.15873900000000002,0.9498530999999999,8.490517,7.916620299999999,0.0050042540000000005,0.0009587716000000001,0.6708959,-0.8122520000000001,,,,,9.111457000000001,-0.013380729,0.7240739,-0.9179478000000001,1
6.529999999999863,4.9866195,5.6328344,2.0201497,0.26426846,0.052827723,0.15576142,0.9503229,8.506802,7.872228999999999,-0.015210876000000002,-0.0012708504,0.6791902,-0.8174385000000001,,,,,9.021289999999999,-0.01927521,0.7147553000000001,-0.8554037,1
6.539999999999862,5.071771,5.711337599999999,2.0198926999999998,0.26350453,0.057146985,0.15277255,0.9507701999999999,8.523503,7.828476400000001,-0.03620655,-0.0040748035999999994,0.68473816,-0.8193014000000001,,,,,9.021289999999999,-0.01927521,0.7147553000000001,-0.8554037,1
6.549999999999862,5.157092,5.7894044000000005,2.0194259,0.26271638,0.061489302999999995,0.14977814,0.9511937,8.54079,7.784925,-0.057217084,-0.006442081,0.6894206,-0.8210729999999999,,,,,9.021289999999999,-0.01927521,0.7147553000000001,-0.8554037,1
6.559999999999862,5.242589,5.867037,2.0187483,0.26190660000000004,0.06585098,0.14677754,0.9515928,8.558662,7.741575,-0.07824775,-0.00844049,0.69337267,-0.82275766,,,,,9.021289999999999,-0.01927521,0.7147553000000001,-0.8554037,1
6.569999999999862,5.3282676,5.9442368,2.0178607,0.26107726,0.07022885,0.14377025,0.9519666999999999,8.577127,7.6984277,-0.09930409,-0.010127691999999999,0.69670814,-0.8243596,,,,,9.126832,0.16749802,0.7877113,-0.8529001,1
6.5799999999998615,5.4141345,6.0210032,2.0167665,0.26029718,0.07465856,0.14075842,0.9522933000000001,8.596411,7.6549783,-0.11949251,0.017581303,0.7108852,-0.8257601000000001,,,,,9.126832,0.16749802,0.7877113,-0.8529001,1
6.589999999999861,5.500198,6.0973370000000005,2.0154705,0.25962108,0.07916788,0.13774337,0.9525545,8.61631,7.611717,-0.13973132,0.040967874,0.72285354,-0.82709193,,,,,9.126832,0.16749802,0.7877113,-0.8529001,1
6.599999999999861,5.586463,6.1732388,2.0139718,0.25903147,0.083743766,0.13472377,0.9527556,8.636842,7.5686279999999995,-0.16003938,0.06070637,0.7329574000000001,-0.82835835,,,,,9.126832,0.16749802,0.7877113,-0.8529001,1
6.609999999999861,5.672937,6.24871,2.0122695,0.25851366,0.08837521,0.1316986,0.9529008,8.65802,7.525695,-0.18043393,0.0773656,0.7414871999999999,-0.8295626,,,,,9.4055195,0.19657484,0.7952805000000001,-0.4469491,1
6.619999999999861,5.7596292,6.3237467,2.0103744999999997,0.2580703,0.09304435,0.12871468,0.9529843000000001,8.680522,7.481598399999999,-0.19856147,0.09595153,0.74986744,-0.8107877,,,,,9.4055195,0.19657484,0.7952805000000001,-0.4469491,1
6.6299999999998604,5.84655,6.3983426,2.0082977,0.25770408,0.097734764,0.12581609,0.95300096,8.703710000000001,7.437636,-0.2168116,0.11163859,0.75694263,-0.792934,,,,,9.4055195,0.19657484,0.7952805000000001,-0.4469491,1
6.63999999999986,5.933706,6.4724994,2.0060377000000003,0.2574032,0.102439865,0.122998,0.9529559999999999,8.727591,7.3937936,-0.23520029999999997,0.12487903,0.7629158,-0.77595645,,,,,9.4055195,0.19657484,0.7952805000000001,-0.4469491,1
6.64999999999986,6.0211043,6.5462184,2.0035932,0.25715770000000004,0.10715428,0.12025594,0.95285386,8.752172999999999,7.350061,-0.2537424,0.13605456,0.7679589,-0.75981194,,,,,9.835807,0.3031868,0.87029356,-0.28374848,1
6.65999999999986,6.108758,6.619491,2.0009806,0.25699848,0.111902036,0.11760810000000001,0.95268154,8.778622,7.30443,-0.26882073,0.1621146,0.7839075,-0.7364514,,,,,9.835807,0.3031868,0.87029356,-0.28374848,1
6.669999999999861,6.1966795999999995,6.6923075,1.9982162,0.25694996,0.116701216,0.11507077,0.95242864,8.805824000000001,7.2588843999999995,-0.28409612,0.18410957,0.7973715,-0.7142371,,,,,9.835807,0.3031868,0.87029356,-0.28374848,1
6.679999999999861,6.284877,6.7646690000000005,1.995298,0.25699577,0.12153976400000001,0.112637326,0.95210195,8.833796000000001,7.2134075,-0.29959026,0.20267375,0.8087377,-0.69311285,,,,,9.835807,0.3031868,0.87029356,-0.28374848,1
6.689999999999861,6.3733580000000005,6.836575999999999,1.9922236,0.25712192,0.12640765,0.11030172,0.95170736,8.862548,7.167985400000001,-0.315323,0.21834227,0.81833315,-0.6730252,,,,,10.071449000000001,0.40397528,0.28172943,-0.50131017,1
6.699999999999859,6.462134,6.908024,1.9890006000000002,0.25737742,0.13108388,0.10796708599999999,0.9512734,8.892787,7.1215134,-0.32934427,0.24725094,0.7346387,-0.66459906,,,,,10.071449000000001,0.40397528,0.28172943,-0.50131017,1
6.709999999999859,6.551216,6.979007000000001,1.9856358,0.25779969,0.13539426,0.10555223,0.9508261999999998,8.923767999999999,7.075039,-0.34363702,0.271658,0.6639986,-0.65658647,,,,,10.071449000000001,0.40397528,0.28172943,-0.50131017,1
6.7199999999998585,6.6406116,7.0495243,1.9821266,0.25836220000000004,0.13939427,0.10307306,0.9503674000000001,8.955424,7.028519599999999,-0.35820678,0.29226422,0.60437673,-0.64896697,,,,,10.071449000000001,0.40397528,0.28172943,-0.50131017,1
6.7299999999998565,6.730326700000001,7.1195765,1.9784706000000003,0.25904268,0.14313076,0.10054289999999999,0.94989765,8.987695,6.9819192999999995,-0.37305787,0.30966163,0.55405414,-0.64172137,,,,,10.33573,0.6475073,0.037916403,-0.5162515999999999,1
6.739999999999856,6.8203716,7.189155599999999,1.9746754000000002,0.25992423,0.14656088,0.097931735,0.9494065,9.021391,6.9339767000000005,-0.38601798,0.36231285,0.47354227,-0.63556457,,,,,10.33573,0.6475073,0.037916403,-0.5162515999999999,1
6.749999999999856,6.910756,7.258255,1.9707491000000001,0.2610715,0.14965254,0.09521549,0.9488856,9.055597,6.8858547,-0.39928314,0.40675900000000004,0.40558985,-0.62970984,,,,,10.33573,0.6475073,0.037916403,-0.5162515999999999,1
6.759999999999858,7.001485000000001,7.326872,1.9666886000000001,0.26244202,0.15245691,0.09241243,0.9483381,9.090247,6.837492999999999,-0.41286530000000005,0.4442788,0.3482377,-0.6241424,,,,,10.33573,0.6475073,0.037916403,-0.5162515999999999,1
6.7699999999998575,7.092562700000001,7.395003999999999,1.9624907,0.26400012,0.15501724,0.08953795,0.9477661000000001,9.125283999999999,6.7888417,-0.42677435,0.47595152,0.29983200000000004,-0.6188482,,,,,10.516195,0.27480194,-0.0005502887,-0.32817912,1
6.779999999999857,7.183995200000001,7.4626436,1.9581593000000002,0.26557937,0.15733622,0.08664627400000001,0.9472113999999999,9.161278,6.739008999999999,-0.43955052,0.44456118,0.25300425,-0.604585,,,,,10.516195,0.27480194,-0.0005502887,-0.32817912,1
6.789999999999857,7.2757893,7.5297832,1.9536986,0.26704732,0.15941770000000002,0.083784625,0.94670796,9.197566,6.688845,-0.45264524,0.41806996,0.21347660000000002,-0.59102166,,,,,10.516195,0.27480194,-0.0005502887,-0.32817912,1
6.799999999999857,7.367947,7.596419999999999,1.9491055,0.26842186,0.1612969,0.08095527400000001,0.946247,9.2341,6.638364299999999,-0.46603469999999997,0.39571300000000004,0.18011102,-0.57812387,,,,,10.516195,0.27480194,-0.0005502887,-0.32817912,1
6.809999999999857,7.4604716,7.6625495,1.9443771,0.26971817,0.16300353,0.078159764,0.9458208,9.270844,6.587576400000001,-0.47969863,0.37684509999999993,0.15194711,-0.565859,,,,,10.538551,0.19264415,-0.23926641,-0.26276627,1
6.819999999999856,7.553364999999999,7.728169,1.9395113999999998,0.27092662,0.16446766,0.07538631,0.9454469999999999,9.307839999999999,6.536382700000001,-0.49343854,0.34809566,0.09095155,-0.5509861999999999,,,,,10.538551,0.19264415,-0.23926641,-0.26276627,1
6.829999999999856,7.646628999999999,7.7932754,1.9345073,0.27204022,0.16563514,0.07262634,0.9451394000000001,9.344954,6.484901,-0.50740564,0.32383427,0.03946597,-0.5368430999999999,,,,,10.538551,0.19264415,-0.23926641,-0.26276627,1
6.839999999999856,7.7402644,7.8578660000000005,1.9293625,0.27307427,0.16655025,0.06988489,0.944887,9.382128999999999,6.433141,-0.52157134,0.30336007,-0.0039924290000000005,-0.52339405,,,,,10.538551,0.19264415,-0.23926641,-0.26276627,1
6.849999999999856,7.834272,7.9219375,1.9240751,0.27404177,0.16725047,0.067165874,0.9446804,9.419319,6.3811097000000006,-0.53591144,0.28608164,-0.040674972999999996,-0.510605,,,,,10.820033,0.34525159999999994,-0.28067067,-0.30254295,1
6.8599999999998555,7.928655,7.9854803,1.9186547999999999,0.27501154,0.16775712,0.06445281,0.9444976999999999,9.457478,6.3274155,-0.5481733,0.29529724,-0.07810323,-0.5003953,,,,,10.820033,0.34525159999999994,-0.28067067,-0.30254295,1
6.869999999999855,8.02342,8.048485000000001,1.9131112000000001,0.27603847,0.16808875,0.061731767,0.94432086,9.495572,6.273437,-0.5605851,0.30307794,-0.109694205,-0.49068663,,,,,10.820033,0.34525159999999994,-0.28067067,-0.30254295,1
6.879999999999855,8.118566,8.110949,1.9074426,0.27711374,0.16827087,0.059008777000000005,0.9441476000000001,9.533567,6.219159599999999,-0.5731416,0.30964717,-0.1363581,-0.48145434,,,,,10.820033,0.34525159999999994,-0.28067067,-0.30254295,1
6.889999999999855,8.214091,8.172868,1.9016476999999998,0.27822998,0.16832502,0.05628871,0.94397575,9.571433,6.164572,-0.58583856,0.3151935,-0.1588635,-0.47267509,,,,,10.491932,-0.3773674,-0.22460462,-0.11841032,1
6.8999999999998565,8.309989,8.234248,1.8957123,0.27911064,0.16826847,0.053651936,0.9438794,9.608004,6.111342,-0.60125095,0.20718768,-0.16908021,-0.4552912,,,,,10.491932,-0.3773674,-0.22460462,-0.11841032,1
6.909999999999853,8.406252,8.295094500000001,1.8896223,0.27953720000000004,0.16811602,0.05116527,0.94391835,9.644409,6.0578833,-0.61673903,0.11602602,-0.17771086,-0.43876037,,,,,10.491932,-0.3773674,-0.22460462,-0.11841032,1
6.9199999999998525,8.502877,8.355406,1.8833773,0.27958184,0.16788107,0.048813783,0.9440715000000001,9.680643,6.0042767999999995,-0.6322468000000001,0.039081473,-0.18500145,-0.4230407,,,,,10.491932,-0.3773674,-0.22460462,-0.11841032,1
6.929999999999854,8.599864,8.41518,1.8769773999999997,0.27930534,0.16757481,0.04658444,0.9443203000000001,9.716696,5.95059,-0.64772666,-0.025863372000000003,-0.19115989,-0.4080924,,,,,10.6534195,-0.59707,-0.27313235,-0.20711556,1
6.939999999999854,8.697213,8.474414,1.8704294999999997,0.27867484,0.16718735,0.044464786,0.9446775,9.753112,5.8960595,-0.6618633,-0.11494488,-0.20392053,-0.39823043,,,,,10.6534195,-0.59707,-0.27313235,-0.20711556,1
6.949999999999854,8.794926,8.533102,1.8637407,0.27766642,0.16671187,0.042442475,0.9451513,9.789327,5.8415837,-0.6758776999999999,-0.19013354,-0.21469569,-0.38885236,,,,,10.6534195,-0.59707,-0.27313235,-0.20711556,1
6.959999999999852,8.892999999999999,8.591247000000001,1.8569126,0.27633923,0.16616116,0.040507033,0.94572204,9.825330000000001,5.78723,-0.6897222,-0.25359610000000005,-0.22379415,-0.37993449999999995,,,,,10.6534195,-0.59707,-0.27313235,-0.20711556,1
6.969999999999851,8.991432000000001,8.648849,1.8499471,0.27474314,0.16554594,0.038649403,0.9463725000000001,9.861114,5.7330565,-0.7033571999999999,-0.30716140000000003,-0.23147675,-0.37145418,,,,,11.082467,-0.0038632383000000003,-0.5934268,-0.32815915,1
6.979999999999851,9.090228,8.705898,1.8428633,0.27314726,0.16476695,0.03677314,0.94704497,9.898097,5.6769300000000005,-0.7133430000000001,-0.25987550000000004,-0.28793454,-0.3693297,,,,,11.082467,-0.0038632383000000003,-0.5934268,-0.32815915,1
6.989999999999851,9.189391,8.762387,1.8356810000000001,0.27176663,0.16374601,0.034799635,0.9476935,9.934792999999999,5.621003599999999,-0.72308177,-0.21996167,-0.33558592,-0.36730945,,,,,11.082467,-0.0038632383000000003,-0.5934268,-0.32815915,1
6.999999999999851,9.28892,8.818318,1.8284025000000002,0.27056727,0.16251989,0.032745562,0.94832075,9.97115,5.5652328,-0.7325826,-0.18627037,-0.3758043,-0.36538833,,,,,11.082467,-0.0038632383000000003,-0.5934268,-0.32815915,1
7.009999999999851,9.388812,8.8736925,1.8210301,0.2695204,0.16111961,0.03062487,0.94892853,10.007126,5.5095797,-0.7418534000000001,-0.1578317,-0.40974936,-0.36356148,,,,,11.135579,0.47461107,-0.60294473,-0.32646826,1
7.01999999999985,9.489061999999999,8.928510000000001,1.8135683999999996,0.26878357,0.15957353,0.028417617000000003,0.94946724,10.0428505,5.453739,-0.75047886,-0.059209317000000004,-0.43990162,-0.3617413,,,,,11.135579,0.47461107,-0.60294473,-0.32646826,1
7.02999999999985,9.589668,8.982768,1.8060212,0.26848063,0.15790497,0.026108867999999997,0.9498981,10.078117,5.397899,-0.75892293,0.024034344,-0.46534774,-0.36001042,,,,,11.135579,0.47461107,-0.60294473,-0.32646826,1
7.039999999999852,9.690624,9.036468,1.7983904,0.26854342,0.15613161,0.023716005,0.9502361999999999,10.112896000000001,5.341977,-0.76722735,0.09429707,-0.4868222,-0.35836446,,,,,11.135579,0.47461107,-0.60294473,-0.32646826,1
7.0499999999998515,9.791925,9.089607,1.790677,0.26891443,0.15426847,0.021253545,0.9504938,10.147160000000001,5.285904,-0.7754276999999999,0.15360312,-0.5049452,-0.3567993,,,,,11.228843,0.5450516,-0.73660576,-0.29837220000000003,1
7.059999999999851,9.893567,9.142183000000001,1.7828858,0.26957336,0.15227708,0.018718187,0.9506815999999999,10.181164,5.22915,-0.7828007,0.21464176,-0.5410863,-0.35393226,,,,,11.228843,0.5450516,-0.73660576,-0.29837220000000003,1
7.069999999999851,9.995545,9.194189999999999,1.7750211,0.2705013,0.1501274,0.016108323,0.9508078000000001,10.214583,5.1721260000000004,-0.7901255,0.26616300000000004,-0.5715888000000001,-0.35120595,,,,,11.228843,0.5450516,-0.73660576,-0.29837220000000003,1
7.079999999999849,10.097856,9.245625500000001,1.7670833,0.27165532,0.14784260000000002,0.013437349,0.9508783000000002,10.24738,5.114781400000001,-0.797425,0.30965066,-0.59733266,-0.34861338,,,,,11.228843,0.5450516,-0.73660576,-0.29837220000000003,1
7.089999999999851,10.200492,9.296485,1.7590724999999998,0.27299914,0.14544235,0.010716453999999999,0.9508982,10.279521,5.0570755,-0.8047191999999999,0.34635735,-0.61906004,-0.34614804,,,,,12.119619,0.9149995000000001,-0.8255942,-0.22273237,1
7.09999999999985,10.303457,9.346741999999999,1.7510248,0.27464446,0.14290833,0.007932706,0.9508358,10.31347,4.994357,-0.8048272,0.43503204,-0.6512872,-0.34009203,,,,,12.119619,0.9149995000000001,-0.8255942,-0.22273237,1
7.10999999999985,10.406758,9.396369,1.7429758000000002,0.27667803,0.14022590000000001,0.0050778706,0.9506652,10.346634,4.931129,-0.8049944,0.50987923,-0.6784849000000001,-0.33433318,,,,,12.119619,0.9149995000000001,-0.8255942,-0.22273237,1
7.11999999999985,10.510386,9.445361,1.7349245999999998,0.27903774,0.13741565,0.00216672,0.9503969000000001,10.378972000000001,4.867316000000001,-0.805265,0.573055,-0.70143837,-0.32885690000000006,,,,,12.119619,0.9149995000000001,-0.8255942,-0.22273237,1
7.12999999999985,10.614334,9.493712,1.7268698,0.28167109999999995,0.13449506,-0.00078850833,0.95004,10.410446,4.8028555,-0.8056784,0.6263794,-0.72080976,-0.32364932,,,,,12.38649,0.94549024,-0.9223449,-0.1933446,1
7.13999999999985,10.718595500000001,9.5414095,1.7188208999999999,0.28454566,0.13144125,-0.0037868079,0.9496034999999999,10.441694,4.736262,-0.8041226,0.67614114,-0.7522468000000001,-0.31725523,,,,,12.38649,0.94549024,-0.9223449,-0.1933446,1
7.149999999999849,10.823164,9.588436,1.7107865000000002,0.2876331,0.12823671,-0.006826631,0.94909436,10.47198,4.6689099999999994,-0.8027801,0.71814364,-0.7787794,-0.31117490000000003,,,,,12.38649,0.94549024,-0.9223449,-0.1933446,1
7.159999999999849,10.928030999999999,9.634786,1.7027644,0.29089817,0.12490261,-0.009897989,0.94851655,10.501261999999999,4.600761400000001,-0.80167943,0.75359666,-0.8011726,-0.30539292,,,,,12.38649,0.94549024,-0.9223449,-0.1933446,1
7.169999999999847,11.033185000000001,9.6804495,1.694752,0.29431093,0.12145695,-0.012992618999999999,0.94787365,10.529501,4.531787400000001,-0.80084735,0.78352153,-0.8200725,-0.2998947,,,,,12.35759,0.97770494,-0.877077,-0.3231683,1
7.179999999999847,11.138616,9.72542,1.6867453000000001,0.29785675,0.11793676,-0.016115109,0.9471624,10.556602499999999,4.4621296,-0.8005397,0.81380206,-0.8289689,-0.30103675,,,,,12.35759,0.97770494,-0.877077,-0.3231683,1
7.189999999999847,11.244311,9.769689999999999,1.6787401000000002,0.30152246,0.114373,-0.019270917,0.94638026,10.58261,4.391607,-0.80055326,0.8393605,-0.8364769000000001,-0.30212277,,,,,12.35759,0.97770494,-0.877077,-0.3231683,1
7.199999999999848,11.350263,9.81325,1.6707331000000003,0.30528688,0.110771626,-0.022454883999999998,0.94553125,10.607505999999999,4.320204299999999,-0.80091506,0.8609334999999999,-0.8428134,-0.30315548,,,,,12.35759,0.97770494,-0.877077,-0.3231683,1
7.209999999999848,11.456458,9.856091000000001,1.6627206,0.30913216,0.10713774,-0.02566264,0.9446186,10.631271,4.247913,-0.8016501,0.87914234,-0.84816086,-0.3041375,,,,,12.862623,0.79354477,-0.7618958,-0.45747309999999997,1
7.219999999999848,11.562889,9.89819,1.6547185000000002,0.31297317,0.103526406,-0.028884059,0.9436629999999999,10.6548195,4.1717379999999995,-0.79881716,0.8657921999999999,-0.83470964,-0.31166175,,,,,12.862623,0.79354477,-0.7618958,-0.45747309999999997,1
7.229999999999848,11.669549,9.939522,1.6467427,0.31674212,0.09998271,-0.032113265,0.94268274,10.677184,4.0946555,-0.79640543,0.8545236999999999,-0.82335615,-0.31881675,,,,,12.862623,0.79354477,-0.7618958,-0.45747309999999997,1
7.2399999999998474,11.776428,9.980079,1.6387889,0.32044843,0.09649717,-0.035352428,0.9416769,10.698375,4.0166900000000005,-0.79442114,0.8450124,-0.8137732,-0.32562068,,,,,12.862623,0.79354477,-0.7618958,-0.45747309999999997,1
7.249999999999847,11.8835125,10.019853,1.6308528,0.3241,0.093061745,-0.038603175,0.9406448000000001,10.718402000000001,3.9378655,-0.79287064,0.8369843000000001,-0.80568475,-0.33209074,,,,,13.273026999999999,0.65974355,-0.5099515,-0.6033941999999999,1
7.259999999999847,11.990794000000001,10.058819999999999,1.6229458,0.32765559999999994,0.08977241,-0.041845955,0.93959343,10.737877000000001,3.8556644999999996,-0.7885944,0.8093469,-0.75956637,-0.34540367,,,,,13.273026999999999,0.65974355,-0.5099515,-0.6033941999999999,1
7.269999999999847,12.098266,10.096962,1.6150792999999999,0.33108371,0.08670592,-0.04506741,0.93853015,10.756208,3.7726383,-0.78477377,0.7860191,-0.72064024,-0.35806334,,,,,13.273026999999999,0.65974355,-0.5099515,-0.6033941999999999,1
7.279999999999847,12.2059145,10.134271,1.6072487,0.33440337,0.08383001400000001,-0.048276804000000006,0.9374543,10.773448,3.6888232000000003,-0.7814091,0.7663287,-0.68778497,-0.37010178,,,,,13.273026999999999,0.65974355,-0.5099515,-0.6033941999999999,1
7.289999999999846,12.31373,10.170736,1.5994495000000002,0.33763042,0.081117265,-0.05148166,0.9363651,10.789636999999999,3.6042507000000006,-0.778501,0.7497083999999999,-0.6600535,-0.3815495,,,,,14.132230999999999,0.5145291,0.09503828,-0.88155,1
7.299999999999846,12.421709,10.206325999999999,1.5917097,0.34073406,0.078785785,-0.054633617,0.9352607,10.805808,3.5134284,-0.76954156,0.71305275,-0.5422998,-0.4060847,,,,,14.132230999999999,0.5145291,0.09503828,-0.88155,1
7.309999999999846,12.529844,10.241000999999999,1.584057,0.34369183,0.07700893,-0.057698343,0.9341417,10.821048,3.4218699999999997,-0.76107365,0.6821125,-0.4429094,-0.4294159000000001,,,,,14.132230999999999,0.5145291,0.09503828,-0.88155,1
7.319999999999846,12.638128,10.274759,1.5764866000000002,0.34652692,0.07570481,-0.060700063,0.93301004,10.835500999999999,3.3296115,-0.7531008000000001,0.655996,-0.35901898,-0.45160225,,,,,14.132230999999999,0.5145291,0.09503828,-0.88155,1
7.3299999999998455,12.7465515,10.3075905,1.5689932,0.34925845,0.07480407,-0.06365878,0.93186635,10.849286,3.2366824,-0.7456255999999999,0.6339511999999999,-0.28821123,-0.4726999,,,,,14.953559,0.33746418,0.33529076,-1.0111972,1
7.3399999999998435,12.855115,10.339463,1.5616028,0.35184142,0.07434767,-0.06656691,0.93072724,10.863281,3.1376722000000004,-0.7325413000000001,0.58774084,-0.1909724,-0.49912414,,,,,14.953559,0.33746418,0.33529076,-1.0111972,1
7.349999999999843,12.963817,10.370341999999999,1.5543407,0.35424116,0.07436586,-0.06942078,0.9296064,10.876822,3.0380228,-0.7199729,0.5487350999999999,-0.10889846,-0.52425176,,,,,14.953559,0.33746418,0.33529076,-1.0111972,1
7.359999999999843,13.072650999999999,10.400222,1.5472016000000002,0.35648587,0.07478976,-0.07224047,0.9284988000000001,10.890039,2.937774,-0.7079076,0.5158104,-0.039624058,-0.5481463000000001,,,,,14.953559,0.33746418,0.33529076,-1.0111972,1
7.369999999999845,13.181616,10.429095,1.5401808000000001,0.35859916,0.07556093,-0.07504243,0.9273996999999999,10.903039999999999,2.8369584,-0.6963345999999999,0.48801859999999997,0.018846435,-0.5708684,,,,,15.538929000000001,0.16300508,0.3246865,-1.0662459,1
7.3799999999998445,13.290713,10.456939,1.5332947000000001,0.36053512,0.07663361,-0.077842526,0.9263296999999998,10.916421000000001,2.7316394,-0.68096775,0.43735159999999995,0.066553846,-0.5951767,,,,,15.538929000000001,0.16300508,0.3246865,-1.0662459,1
7.389999999999844,13.399944,10.4837265,1.5265598,0.36225814,0.07796938,-0.080654405,0.9253049000000001,10.929755,2.6258097,-0.6660718000000001,0.3945847,0.10682008,-0.61829215,,,,,15.538929000000001,0.16300508,0.3246865,-1.0662459,1
7.399999999999844,13.509309,10.509454,1.5199717,0.36380032,0.07953214,-0.08348705,0.9243151,10.943116,2.5195146,-0.65161663,0.35848558,0.1408057,-0.6402734,,,,,15.538929000000001,0.16300508,0.3246865,-1.0662459,1
7.409999999999844,13.618808,10.534116000000001,1.5135261999999998,0.36518842,0.08129113,-0.08634754,0.92335135,10.956565,2.4127917,-0.63757735,0.32801464,0.16949014,-0.66117597,,,,,15.561476,0.16792545,0.4056252,-1.1394038999999998,1
7.419999999999844,13.728439999999999,10.557708,1.5072198,0.36644882,0.08325313,-0.08923801,0.92240185,10.970172,2.3055165,-0.62377185,0.30306792,0.20632133,-0.6846428000000001,,,,,15.561476,0.16792545,0.4056252,-1.1394038999999998,1
7.429999999999843,13.83821,10.580226,1.5010493999999999,0.36760345,0.08542231,-0.09216107400000001,0.9214562,10.983977000000001,2.1978679,-0.61034995,0.28200972,0.23740795,-0.706958,,,,,15.561476,0.16792545,0.4056252,-1.1394038999999998,1
7.439999999999843,13.948120000000001,10.6016655,1.4950113999999999,0.36866686,0.08777081,-0.09512211,0.9205093000000001,10.998032,2.0898643,-0.59730273,0.26423398,0.2636458,-0.7281781999999999,,,,,15.561476,0.16792545,0.4056252,-1.1394038999999998,1
7.449999999999843,14.058172,10.622023,1.4891021,0.36965123,0.09027486,-0.09812514,0.9195566999999999,11.012379,1.9815216,-0.58462363,0.24922894,0.28579125,-0.7483572,,,,,16.125317000000003,0.25170705,0.19734572,-1.2406743999999998,1
7.4599999999998445,14.168370999999999,10.641275,1.4833378000000002,0.37058812,0.09283882,-0.101218455,0.91858846,11.02758,1.8689137999999998,-0.5683075,0.24961297,0.27199408,-0.7725153,,,,,16.125317000000003,0.25170705,0.19734572,-1.2406743999999998,1
7.469999999999844,14.278723999999999,10.659399,1.4777348,0.37150246,0.09538624,-0.10444181400000001,0.9175966999999998,11.043104,1.7559706999999998,-0.55236584,0.24993774,0.26034868,-0.795488,,,,,16.125317000000003,0.25170705,0.19734572,-1.2406743999999998,1
7.479999999999842,14.389234,10.676393,1.4722892,0.37239479999999997,0.09792414,-0.107786015,0.9165803,11.058928,1.6426938000000002,-0.5367970999999999,0.25021225,0.25051984,-0.8173334,,,,,16.125317000000003,0.25170705,0.19734572,-1.2406743999999998,1
7.489999999999842,14.499904,10.692252,1.4669976,0.37326562,0.1004582,-0.111242674,0.91553825,11.075032,1.5290841999999998,-0.5216004,0.25044426,0.24222393,-0.8381068000000002,,,,,16.260143,0.24604854,-0.19127454,-1.2950888999999999,1
7.499999999999842,14.610736,10.706969,1.4618608,0.37409508,0.10285339999999998,-0.11486816400000001,0.91448545,11.091525,1.4141918,-0.5058278,0.24972460000000002,0.17461693,-0.86053103,,,,,16.260143,0.24604854,-0.19127454,-1.2950888999999999,1
7.509999999999842,14.721734,10.720536,1.4568799,0.37486678,0.10500335,-0.11870724,0.91343427,11.108185,1.2989781,-0.4904048,0.24912089999999998,0.117553145,-0.88185483,,,,,16.260143,0.24604854,-0.19127454,-1.2950888999999999,1
7.51999999999984,14.8329,10.732948,1.4520515,0.37558585,0.10695059,-0.12273687,0.9123798000000001,11.124918,1.1834563999999999,-0.47530603,0.24861526,0.06938869,-0.9021323,,,,,16.260143,0.24604854,-0.19127454,-1.2950888999999999,1
7.5299999999998395,14.944234,10.7442045,1.4473726999999998,0.37625685,0.108730756,-0.12693696,0.91131765,11.141646000000001,1.0676389,-0.46050897,0.2481917,0.028735645,-0.9214148000000001,,,,,16.47362,0.4355125,-0.7563406,-1.3224131000000001,1
7.539999999999841,15.055735999999998,10.7542925,1.4428478,0.37692305,0.11015916,-0.13138649,0.9102395000000001,11.158503,0.9500112,-0.44451398,0.2773297,-0.093717664,-0.9410919,,,,,16.47362,0.4355125,-0.7563406,-1.3224131000000001,1
7.549999999999841,15.167404000000001,10.763204,1.4384816,0.37761763,0.11109073,-0.13614722,0.90913814,11.175092999999999,0.8320964,-0.42877669999999996,0.30193248,-0.19707220000000003,-0.9598034,,,,,16.47362,0.4355125,-0.7563406,-1.3224131000000001,1
7.559999999999841,15.279236,10.770934,1.4342716,0.37833038,0.11160621,-0.14117938,0.9080104999999999,11.191237,0.7138972,-0.41327038,0.32270652,-0.28430647,-0.97759676,,,,,16.47362,0.4355125,-0.7563406,-1.3224131000000001,1
7.56999999999984,15.391226999999999,10.777481,1.4302155,0.37905282,0.11177349999999998,-0.14644878,0.90685326,11.206781,0.59541965,-0.39797068,0.34024775,-0.35793477,-0.99451697,,,,,17.004068,0.9637889999999999,-1.2613469,-1.5423421,1
7.57999999999984,15.503371,10.782822999999999,1.4263296,0.37993625,0.111445285,-0.15205073,0.9056011999999999,11.222054,0.47284079999999995,-0.3792159,0.43738872,-0.49889170000000005,-1.0213988999999999,,,,,17.004068,0.9637889999999999,-1.2613469,-1.5423421,1
7.58999999999984,15.6156645,10.786937,1.4226303999999999,0.3810972,0.11050768,-0.15806186,0.90419805,11.236305999999999,0.34993654,-0.36067459999999996,0.51939106,-0.6178591999999999,-1.0469618,,,,,17.004068,0.9637889999999999,-1.2613469,-1.5423421,1
7.59999999999984,15.728093,10.789819999999999,1.4191154,0.38248235,0.10905839,-0.16442901,0.9026523000000001,11.24929,0.2266667,-0.34237146,0.58861494,-0.71826714,-1.0712701999999998,,,,,17.004068,0.9637889999999999,-1.2613469,-1.5423421,1
7.60999999999984,15.840645,10.79147,1.4157821000000002,0.38404699999999997,0.10717976,-0.17110625,0.9009704,11.260796000000001,0.103006795,-0.32432693,0.64705193,-0.8030106,-1.0943857,,,,,17.1961,1.0620029,-1.6169642,-1.5725069999999999,1
7.619999999999841,15.953304000000001,10.791872999999999,1.4126345,0.38576347,0.10480763,-0.17811607,0.89915586,11.2707405,-0.022454797999999998,-0.30524802,0.71165884,-0.93000305,-1.1178473,,,,,17.1961,1.0620029,-1.6169642,-1.5725069999999999,1
7.629999999999841,16.066053,10.791019,1.4096763,0.387606,0.10189465,-0.18547353,0.89720863,11.278764,-0.14831609,-0.2864511,0.7662019,-1.037185,-1.1401576999999998,,,,,17.1961,1.0620029,-1.6169642,-1.5725069999999999,1
7.639999999999841,16.178871,10.788905,1.4069046,0.38954252,0.098527454,-0.19313152,0.8951278,11.284647999999999,-0.27455799999999997,-0.267938,0.8122491999999999,-1.1276467,-1.1613731000000003,,,,,17.1961,1.0620029,-1.6169642,-1.5725069999999999,1
7.6499999999998405,16.291737,10.785527,1.4043165000000002,0.39154628,0.09477915599999999,-0.20104924,0.89291215,11.288208000000001,-0.40115067,-0.24971168,0.8511245000000001,-1.2039959999999998,-1.1815476,,,,,17.361979,1.0929698,-1.6088008999999999,-1.5307871000000002,1
7.6599999999998385,16.404626999999998,10.780876,1.401915,0.39360714,0.09070977599999999,-0.20918658,0.89055634,11.289299,-0.5292798000000001,-0.2306575,0.8887777,-1.2671639,-1.1986849,,,,,17.361979,1.0929698,-1.6088008999999999,-1.5307871000000002,1
7.669999999999838,16.517513,10.7749405,1.3997023000000002,0.3957163,0.08636964,-0.21750838,0.888056,11.287749,-0.65768147,-0.21190737,0.9205658999999999,-1.3204767,-1.2149812,,,,,17.361979,1.0929698,-1.6088008999999999,-1.5307871000000002,1
7.679999999999838,16.630371,10.767721,1.3976758,0.39785498,0.08180262,-0.22598831,0.88541156,11.283447,-0.7863066999999999,-0.19347274,0.9474029,-1.3654714,-1.2304779,,,,,17.361979,1.0929698,-1.6088008999999999,-1.5307871000000002,1
7.689999999999838,16.743170000000003,10.759214,1.3958318,0.40000758,0.07704580000000001,-0.23460345,0.8826232,11.276295,-0.91510046,-0.17536502,0.97006005,-1.4034458,-1.2452141,,,,,18.006361,1.0914683,-1.8285592000000002,-1.492444,1
7.699999999999838,16.855883,10.749394,1.3941888999999998,0.4021398,0.07205123,-0.24336466,0.879699,11.265832000000001,-1.0487843000000001,-0.15329275,0.98892826,-1.4697652,-1.2573458,,,,,18.006361,1.0914683,-1.8285592000000002,-1.492444,1
7.709999999999836,16.968475,10.738238,1.3927649,0.40422255,0.06678247,-0.25227812,0.8766439,11.252213000000001,-1.1824934,-0.13156559,1.0048624,-1.5257393,-1.2688822,,,,,18.006361,1.0914683,-1.8285592000000002,-1.492444,1
7.719999999999835,17.080915,10.725745,1.3915565,0.40625095,0.061284000000000005,-0.26131862,0.87345374,11.235335000000001,-1.3161352,-0.11017847,1.0183184,-1.5729821000000002,-1.2798524,,,,,18.006361,1.0914683,-1.8285592000000002,-1.492444,1
7.729999999999835,17.193169,10.711917,1.3905603000000002,0.40822116,0.055593397,-0.2704643,0.8701254,11.215116499999999,-1.4496148000000002,-0.08912956,1.0296822,-1.6128557,-1.2902843000000002,,,,,18.174774,1.0440542,-1.5034748,-1.355294,1
7.739999999999835,17.305204,10.696749,1.3897784,0.41015056,0.049853783,-0.27962732,0.8666626000000001,11.1912775,-1.584086,-0.06731076,1.0319344000000001,-1.5958016000000002,-1.2934742000000001,,,,,18.174774,1.0440542,-1.5034748,-1.355294,1
7.749999999999835,17.416985,10.680237,1.3892127,0.41205590000000003,0.04417906,-0.2887352,0.86307275,11.164016,-1.7182292000000001,-0.045854162000000004,1.0338333,-1.581407,-1.2965076,,,,,18.174774,1.0440542,-1.5034748,-1.355294,1
7.759999999999836,17.528473,10.662386,1.3888597,0.41393316,0.038559265,-0.29779106,0.8593588,11.133361,-1.8519802,-0.024780404,1.0354345999999999,-1.5692567,-1.2993921999999998,,,,,18.174774,1.0440542,-1.5034748,-1.355294,1
7.769999999999836,17.639637,10.643199000000001,1.3887156,0.41577876,0.032986104,-0.30679727,0.85552317,11.099342,-1.9852738,-0.0041078143,1.0367848,-1.5590011000000001,-1.3021353,,,,,19.213844,1.1715136,-1.1408902,-1.1790855,1
7.779999999999836,17.750435,10.622645,1.3888098999999998,0.41767920000000003,0.02755171,-0.31567842,0.85154957,11.059857000000001,-2.125643,0.022906817000000003,1.0578566999999999,-1.4938108,-1.2960973,,,,,19.213844,1.1715136,-1.1408902,-1.1790855,1
7.789999999999836,17.860823,10.60069,1.3891718000000002,0.41970497,0.022326365,-0.3243722,0.8474292,11.016927,-2.2654528999999997,0.04941226,1.0756332,-1.4387841000000001,-1.2903554,,,,,19.213844,1.1715136,-1.1408902,-1.1790855,1
7.7999999999998355,17.970764000000003,10.577339,1.3897963,0.42183137,0.017274564,-0.33289823,0.8431744000000001,10.970631,-2.4046988,0.07534310000000001,1.0906296999999998,-1.3923364,-1.2848953,,,,,19.213844,1.1715136,-1.1408902,-1.1790855,1
7.809999999999835,18.080227,10.552599,1.3906767,0.42403704,0.012366695,-0.34127307,0.8387948000000001,10.921038000000001,-2.5433686,0.100643694,1.1032808,-1.3531302,-1.2797033000000002,,,,,20.075429999999997,1.3398446000000002,-1.0131983,-1.2642885,1
7.819999999999835,18.189165,10.5264435,1.3918343,0.42637749999999996,0.007602121999999999,-0.34949884,0.8342658000000002,10.865839999999999,-2.68764,0.1307641,1.1402174999999999,-1.3001485000000002,-1.2789469999999998,,,,,20.075429999999997,1.3398446000000002,-1.0131983,-1.2642885,1
7.829999999999835,18.297535,10.498847999999999,1.3932892,0.42889553,0.0029791142,-0.35757849999999997,0.82956725,10.807314,-2.8313012000000004,0.16009095,1.1713871999999999,-1.2554241000000002,-1.2782277,,,,,20.075429999999997,1.3398446000000002,-1.0131983,-1.2642885,1
7.839999999999835,18.4053,10.469819000000001,1.395033,0.4315569,-0.0015262744000000001,-0.3655265,0.8247128,10.745505,-2.974358,0.18854496,1.1976902,-1.2176703000000002,-1.2775437,,,,,20.075429999999997,1.3398446000000002,-1.0131983,-1.2642885,1
7.849999999999834,18.512434,10.439363,1.3970568,0.43433240000000006,-0.0059338743,-0.3733551,0.8197136999999999,10.680452,-3.1168046,0.21605842,1.2198861,-1.1858008,-1.2768933,,,,,19.94584,1.369866,-0.81154644,-1.1865033999999999,1
7.859999999999834,18.618902,10.407489,1.3993467,0.4372374,-0.010202796,-0.38103159999999997,0.81457883,10.612638,-3.257715,0.24176599,1.243327,-1.1274518,-1.2724577,,,,,19.94584,1.369866,-0.81154644,-1.1865033999999999,1
7.869999999999834,18.724678,10.374209,1.4018885,0.44028372,-0.014302428999999998,-0.38852984,0.80931735,10.541702,-3.3980184,0.26640937,1.2631044,-1.0781994,-1.26824,,,,,19.94584,1.369866,-0.81154644,-1.1865033999999999,1
7.879999999999834,18.829727,10.33953,1.4046712,0.44344327,-0.018261489,-0.39586797,0.80393875,10.467705,-3.5377233,0.2899235,1.2797908000000002,-1.0366255,-1.264229,,,,,19.94584,1.369866,-0.81154644,-1.1865033999999999,1
7.889999999999834,18.934023,10.303456,1.4076831,0.44669205,-0.022103842000000002,-0.40306154,0.79845065,10.390699,-3.6768273999999996,0.31225288,1.2938694,-1.0015329,-1.2604151000000001,,,,,19.804436,0.85726714,-0.5081607,-1.1211783000000002,1
7.899999999999832,19.037535000000002,10.265999999999998,1.410908,0.44989583,-0.025672998,-0.41006818,0.7929585,10.3113165,-3.8143404000000003,0.33251494,1.2258488,-0.9245305,-1.2535828000000002,,,,,19.804436,0.85726714,-0.5081607,-1.1211783000000002,1
7.909999999999831,19.140238,10.227171,1.4143293,0.4529515,-0.028845474,-0.41685674,0.78755176,10.229174,-3.9512482,0.35158867,1.1684252,-0.85954595,-1.2470857,,,,,19.804436,0.85726714,-0.5081607,-1.1211783000000002,1
7.919999999999831,19.24211,10.186976,1.4179356,0.4558812,-0.03168416,-0.42345443,0.7822143,10.144442,-4.0875535,0.36951604,1.1199483000000001,-0.80470383,-1.2409075,,,,,19.804436,0.85726714,-0.5081607,-1.1211783000000002,1
7.929999999999833,19.343119,10.145421,1.4217156000000002,0.45870298,-0.034242116,-0.42988420000000005,0.7769318000000001,10.057267,-4.2232575,0.38633367,1.0790235000000001,-0.758421,-1.2350322,,,,,19.24374,0.6056832,-0.34741965,-1.0258211,1
7.9399999999998325,19.443258,10.102532,1.4256423999999999,0.46138114,-0.036476142999999996,-0.43613040000000003,0.77174586,9.970316,-4.3545365,0.39885524,1.0052627,-0.69425946,-1.2247663,,,,,19.24374,0.6056832,-0.34741965,-1.0258211,1
7.949999999999832,19.542519,10.058333,1.4296893999999998,0.46388966,-0.03835482,-0.44218153,0.76669115,9.88128,-4.485244000000001,0.41039148,0.94299585,-0.6401142,-1.2150040000000002,,,,,19.24374,0.6056832,-0.34741965,-1.0258211,1
7.959999999999832,19.640877,10.012830000000001,1.4338471000000002,0.46625456,-0.03993535,-0.44806084,0.7617465999999999,9.790312,-4.615394,0.42100087,0.890432,-0.5944216,-1.2057208000000001,,,,,19.24374,0.6056832,-0.34741965,-1.0258211,1
7.969999999999832,19.738317000000002,9.966027,1.4381064,0.4684972,-0.04126597,-0.45378820000000003,0.7568938000000001,9.697541000000001,-4.745,0.43073374,0.84605914,-0.555862,-1.1968931,,,,,18.940576999999998,0.31420929999999997,-0.19247915,-0.94432443,1
7.979999999999832,19.83483,9.917942,1.4424504999999999,0.4705752,-0.042292085,-0.4593487,0.7521791999999999,9.604574000000001,-4.8720403,0.43795326,0.76316553,-0.4991219,-1.1844994,,,,,18.940576999999998,0.31420929999999997,-0.19247915,-0.94432443,1
7.9899999999998315,19.930407000000002,9.868589,1.4468629,0.4724573,-0.04297285,-0.46473143,0.7476406999999999,9.5101,-4.998581400000001,0.44443109999999997,0.69319147,-0.45124182,-1.172714,,,,,18.940576999999998,0.31420929999999997,-0.19247915,-0.94432443,1
7.999999999999831,20.025028,9.817972,1.4513368999999998,0.47417417,-0.043364342,-0.46995702,0.74325186,9.414266,-5.12465,0.45024014,0.6341234,-0.41083816,-1.1615069,,,,,18.940576999999998,0.31420929999999997,-0.19247915,-0.94432443,1
8.009999999999831,20.118686999999998,9.766097,1.4558656,0.4757512,-0.043513868,-0.47504309999999994,0.7389898,9.317195,-5.250271,0.45544246,0.58426136,-0.3767434,-1.1508497,,,,,18.12347,-0.022683643,-0.21354283,-0.6450121,1
8.019999999999829,20.211389999999998,9.712995,1.4604214,0.47710454,-0.04342084,-0.47998729999999995,0.73491675,9.223234,-5.3700614,0.45566660000000003,0.48963338,-0.35121325,-1.1260281,,,,,18.12347,-0.022683643,-0.21354283,-0.6450121,1
8.029999999999829,20.303148,9.658697,1.4649774,0.47816953,-0.04308862,-0.48478585,0.73108447,9.1283245,-5.489450499999999,0.4554674,0.40975863,-0.32967859999999993,-1.1024245000000001,,,,,18.12347,-0.022683643,-0.21354283,-0.6450121,1
8.03999999999983,20.393953,9.603209,1.4695296999999998,0.47899103,-0.042559348,-0.48945063,0.7274606,9.032589999999999,-5.6084447,0.45494480000000004,0.34233709999999995,-0.31151366,-1.0799791,,,,,18.12347,-0.022683643,-0.21354283,-0.6450121,1
8.04999999999983,20.483797,9.546531,1.4740753999999998,0.47960654,-0.041868508,-0.49399209999999993,0.72401726,8.936134,-5.7270517,0.454183,0.28542736,-0.296191,-1.0586351,,,,,17.832266,-0.21422938,-0.13026811,-0.62146187,1
8.05999999999983,20.572681,9.488678,1.478605,0.4800085,-0.04098523,-0.49840447,0.7207701,8.84061,-5.843381,0.45169538,0.20752797,-0.27025884,-1.0371829,,,,,17.832266,-0.21422938,-0.13026811,-0.62146187,1
8.06999999999983,20.660606,9.429665,1.4831092,0.48019300000000004,-0.039886422000000005,-0.5026841,0.71773046,8.744577,-5.9593573,0.44912744,0.14177342,-0.24838111,-1.0167832,,,,,17.832266,-0.21422938,-0.13026811,-0.62146187,1
8.07999999999983,20.74757,9.369492999999999,1.4875877,0.48019350000000005,-0.03861004,-0.50684196,0.71487004,8.648143,-6.0750027,0.44655406,0.08627023,-0.22992349,-0.9973847,,,,,17.832266,-0.21422938,-0.13026811,-0.62146187,1
8.08999999999983,20.833567000000002,9.308166,1.4920406000000002,0.48003817,-0.037188,-0.5108879,0.7121645999999999,8.551393,-6.1903377,0.44403806,0.039420187,-0.21435139,-0.9789380999999999,,,,,17.356697,-0.45954683,-0.008026261,-0.61288184,1
8.09999999999983,20.918608,9.245703,1.4964561,0.47970578,-0.03556253,-0.51481,0.7096427,8.456996,-6.3023143,0.4390837,-0.03837069,-0.18212594,-0.9609755999999999,,,,,17.356697,-0.45954683,-0.008026261,-0.61288184,1
8.109999999999829,21.002703,9.182121,1.5008229,0.47918109999999997,-0.033688866,-0.5185993,0.7073258000000001,8.362483000000001,-6.4140440000000005,0.43430758,-0.10403412,-0.15493517,-0.9438945,,,,,17.356697,-0.45954683,-0.008026261,-0.61288184,1
8.119999999999829,21.085852,9.117422,1.5051431999999998,0.47849366,-0.031609263,-0.52226776,0.70518476,8.267958,-6.525562,0.42977297,-0.15946057,-0.1319924,-0.9276515999999999,,,,,17.356697,-0.45954683,-0.008026261,-0.61288184,1
8.129999999999828,21.16806,9.051609,1.5094196000000002,0.47766817,-0.029359298,-0.5258262,0.70319444,8.173513,-6.636900999999999,0.42553199999999997,-0.20624611,-0.11263371,-0.91220576,,,,,16.993069000000002,-0.6348233,0.024649482,-0.69415224,1
8.139999999999828,21.249334,8.984695,1.5136452,0.47668323,-0.02691793,-0.5292866,0.701362,8.081206,-6.745761,0.41965714,-0.2730692,-0.09118665,-0.9015058000000001,,,,,16.993069000000002,-0.6348233,0.024649482,-0.69415224,1
8.149999999999828,21.329687,8.916694,1.517814,0.47552282,-0.02426899,-0.5326599,0.6996906999999999,7.9891515,-6.8545050000000005,0.41417012,-0.32947344,-0.07309128,-0.8913309000000001,,,,,16.993069000000002,-0.6348233,0.024649482,-0.69415224,1
8.159999999999828,21.409117000000002,8.847605,1.5219302,0.47421315,-0.021446682999999998,-0.535953,0.6981553,7.897436,-6.963161500000001,0.40912232,-0.3770833,-0.057823412000000005,-0.8816553,,,,,16.993069000000002,-0.6348233,0.024649482,-0.69415224,1
8.169999999999828,21.487633,8.777431,1.5259982,0.4727763,-0.018479876,-0.53917223,0.6967344,7.806136,-7.071753999999999,0.4045553,-0.41727003,-0.044941165,-0.87245446,,,,,16.851035999999997,-0.97475743,-0.21926834,-0.6960506999999999,1
8.17999999999983,21.565243,8.706175,1.5300193000000002,0.47108307,-0.015387203,-0.5423715,0.6954722,7.716080000000001,-7.179392999999999,0.39972663,-0.5042249,-0.07208074,-0.86379826,,,,,16.851035999999997,-0.97475743,-0.21926834,-0.6960506999999999,1
8.189999999999829,21.641956,8.633842,1.5339949,0.46903148,-0.012183973,-0.5455928000000001,0.69440186,7.626590299999999,-7.286968700000001,0.39551324,-0.57761645,-0.094996296,-0.8555669,,,,,16.851035999999997,-0.97475743,-0.21926834,-0.6960506999999999,1
8.199999999999829,21.717776999999998,8.560435,1.537932,0.46667483,-0.008888301999999999,-0.5488251000000001,0.6934918000000001,7.537752,-7.3944597000000005,0.39201352,-0.6395607,-0.11434515599999999,-0.8477394,,,,,16.851035999999997,-0.97475743,-0.21926834,-0.6960506999999999,1
8.209999999999829,21.792713,8.485954,1.5418379999999998,0.46405810000000003,-0.0055155772999999995,-0.5520595,0.69271517,7.449639,-7.5018454,0.38930807,-0.6918426999999999,-0.13068217,-0.84029603,,,,,16.896467,-0.9737146999999999,0.3405877,-0.8334549000000001,1
8.219999999999828,21.866772,8.4103985,1.5457225,0.46134356,-0.001916127,-0.5551963000000001,0.6920403,7.3620887,-7.609412,0.38771302,-0.73576015,-0.057164013,-0.8399603000000001,,,,,16.896467,-0.9737146999999999,0.3405877,-0.8334549000000001,1
8.229999999999826,21.939958999999998,8.333767,1.5495951000000001,0.45866248,0.0020287995999999997,-0.55815905,0.6914385999999999,7.2754397,-7.716944,0.3869667,-0.7728351,0.0048853735999999995,-0.8396411,,,,,16.896467,-0.9737146999999999,0.3405877,-0.8334549000000001,1
8.239999999999826,22.012285000000002,8.25606,1.5534645,0.45600779999999996,0.00626547,-0.56097126,0.69089305,7.1897917,-7.824528999999999,0.38704455,-0.8041335999999999,0.05725498,-0.8393376,,,,,16.896467,-0.9737146999999999,0.3405877,-0.8334549000000001,1
8.249999999999826,22.08376,8.177275999999999,1.5573386999999999,0.45337337,0.010748436,-0.56365275,0.69038904,7.105229,-7.932239999999999,0.38792172,-0.8305556000000001,0.10145488,-0.8390489,,,,,16.741692999999998,-1.0500530000000001,0.30810985,-0.86884207,1
8.259999999999826,22.154396,8.097419,1.5612209,0.45072517,0.0154495165,-0.5662284000000001,0.689926,7.0225906,-8.039150999999999,0.38866147,-0.8647684000000001,0.13370219,-0.8405109000000001,,,,,16.741692999999998,-1.0500530000000001,0.30810985,-0.86884207,1
8.269999999999825,22.224213,8.016492,1.5651145,0.4480357,0.020344675,-0.5687189,0.68950224,6.941175,-8.146297,0.39015827,-0.8936485999999999,0.16091768,-0.8419011999999999,,,,,16.741692999999998,-1.0500530000000001,0.30810985,-0.86884207,1
8.279999999999825,22.293222,7.934492,1.5690267,0.44530845,0.025403945,-0.5711335,0.6891052,6.861046000000001,-8.253717,0.39240134,-0.9180271999999999,0.1838862,-0.8432232,,,,,16.741692999999998,-1.0500530000000001,0.30810985,-0.86884207,1
8.289999999999825,22.361437,7.851416599999999,1.572965,0.44254646,0.030601918999999998,-0.57347995,0.6887244,6.7822614,-8.3614435,0.3953773,-0.9386056999999999,0.20327096,-0.84448034,,,,,16.189873000000002,-1.2111279,0.24707781,-0.89074236,1
8.299999999999825,22.428885,7.767280599999999,1.57692,0.43969354,0.035938463999999996,-0.57577527,0.6883786999999999,6.7074240000000005,-8.46594,0.39571926,-0.9811014000000001,0.21012758,-0.84675044,,,,,16.189873000000002,-1.2111279,0.24707781,-0.89074236,1
8.309999999999825,22.495588,7.682097,1.5808818,0.43670487,0.041412562,-0.57803255,0.68808174,6.6340012999999995,-8.570774,0.3967659,-1.0169705,0.21591105,-0.84890914,,,,,16.189873000000002,-1.2111279,0.24707781,-0.89074236,1
8.319999999999824,22.561567,7.595864,1.5848577,0.43359795,0.047003052999999996,-0.58025265,0.6878187,6.562054600000001,-8.675955,0.39852569,-1.0472462,0.22078963,-0.85096186,,,,,16.189873000000002,-1.2111279,0.24707781,-0.89074236,1
8.329999999999824,22.626832999999998,7.508577000000001,1.5888547,0.4303875,0.052691914000000006,-0.5824363,0.68757707,6.4916387,-8.781487,0.40100098,-1.0728008999999998,0.22490479,-0.85291386,,,,,15.975998,-1.1178238,0.057034474,-0.9721996999999999,1
8.339999999999824,22.691408,7.4202394,1.5928735,0.42706683,0.058394086,-0.58462584,0.68732876,6.423706500000001,-8.885977,0.40285268,-1.079836,0.19873337,-0.8587673000000001,,,,,15.975998,-1.1178238,0.057034474,-0.9721996999999999,1
8.349999999999826,22.755312,7.330856,1.5969142,0.42363113,0.06404178599999999,-0.58685607,0.6870512,6.357344599999999,-8.990791999999999,0.40541422,-1.0857718,0.17664263,-0.8643334,,,,,15.975998,-1.1178238,0.057034474,-0.9721996999999999,1
8.359999999999825,22.81856,7.2404227,1.6009841,0.42009458,0.06964404,-0.5891175999999999,0.6867420999999999,6.2925606,-9.095907,0.40868947,-1.0907803999999999,0.15799634,-0.8696264000000001,,,,,15.975998,-1.1178238,0.057034474,-0.9721996999999999,1
8.369999999999825,22.881166,7.1489367,1.6050904,0.4164692,0.07520838,-0.59140223,0.6863997,6.2293614999999996,-9.201297,0.4126781,-1.0950063,0.14225739,-0.8746596999999999,,,,,15.6828575,-0.53206587,-0.1988001,-1.2207747,1
8.379999999999825,22.943154999999997,7.056405499999999,1.6092306,0.41286328,0.080544725,-0.5937853,0.6859151,6.1688714000000004,-9.304996000000001,0.41548657,-1.0072451999999998,0.089030944,-0.8916436,,,,,15.6828575,-0.53206587,-0.1988001,-1.2207747,1
8.389999999999825,23.004547,6.962836299999999,1.6134022,0.4093634,0.085503995,-0.59633166,0.68520314,6.1098300000000005,-9.40888,0.41895947,-0.9331668,0.04411088,-0.9077941999999999,,,,,15.6828575,-0.53206587,-0.1988001,-1.2207747,1
8.399999999999824,23.065357000000002,6.8682275,1.6176118999999998,0.4059497,0.09014712,-0.5990203000000001,0.68429315,6.0521199999999995,-9.512893,0.42306608,-0.87063754,0.006200944,-0.9231521999999999,,,,,15.6828575,-0.53206587,-0.1988001,-1.2207747,1
8.409999999999824,23.125595,6.772578200000001,1.6218656,0.40260527,0.09452542,-0.60183275,0.6832096,5.995645,-9.616983,0.42778109999999997,-0.8178569,-0.02579286,-0.93775666,,,,,15.160124,0.041102863999999996,-0.5602602,-1.3340530000000002,1
8.419999999999822,23.185284,6.675905,1.6261524,0.399384,0.09845069999999999,-0.60484266,0.68188655,5.9421506,-9.717632,0.42963609999999997,-0.6839549,-0.10921587,-0.9572030999999999,,,,,15.160124,0.041102863999999996,-0.5602602,-1.3340530000000002,1
8.429999999999822,23.244442000000003,6.578226,1.6304604,0.39632735,0.10177624,-0.6081099,0.68027395,5.889578299999999,-9.818223,0.43203739999999996,-0.5709286,-0.17961961,-0.9756952,,,,,15.160124,0.041102863999999996,-0.5602602,-1.3340530000000002,1
8.439999999999822,23.303078,6.4795413,1.6347951,0.39340535,0.10459776,-0.6115997,0.678411,5.83775,-9.918669,0.43496928,-0.47552297,-0.23903522,-0.99327993,,,,,15.160124,0.041102863999999996,-0.5602602,-1.3340530000000002,1
8.449999999999822,23.361198,6.3798532,1.6391616999999998,0.3905925,0.106995925,-0.6152816,0.67632985,5.786514,-10.018894,0.43842083,-0.3949908,-0.28917790000000004,-1.0100017,,,,,15.076773000000001,0.52544975,-0.80780876,-1.3931396,1
8.45999999999982,23.418812,6.279167,1.6435626,0.38793626,0.10885506,-0.61919343,0.67398787,5.7360115,-10.11828,0.4418229,-0.25150636,-0.37014914,-1.0288024,,,,,15.076773000000001,0.52544975,-0.80780876,-1.3931396,1
8.46999999999982,23.475922,6.177489,1.6479999,0.38547215,0.11008669,-0.62336385,0.67135227,5.6857690000000005,-10.217286999999999,0.44572368,-0.13039115,-0.43848142,-1.0466805000000001,,,,,15.076773000000001,0.52544975,-0.80780876,-1.3931396,1
8.47999999999982,23.532528,6.074823,1.6524788000000001,0.383164,0.110790074,-0.62775487,0.66846013,5.6356,-10.315824000000001,0.4501156,-0.02815776,-0.49614698,-1.0636812,,,,,15.076773000000001,0.52544975,-0.80780876,-1.3931396,1
8.48999999999982,23.588632999999998,5.9711742,1.6570040000000001,0.38098136,0.11104894,-0.6323333999999999,0.66534203,5.58535,-10.41381,0.45499449999999997,0.058137617999999995,-0.54481095,-1.0798478,,,,,15.259769,1.1032813,-1.1630983,-1.40805,1
8.49999999999982,23.64423,5.866543,1.6615868000000003,0.37896162,0.110693455,-0.63715124,0.66194975,5.534262,-10.512348,0.4616148,0.22105268,-0.6413494000000001,-1.0959529,,,,,15.259769,1.1032813,-1.1630983,-1.40805,1
8.50999999999982,23.699316,5.7609296,1.6662381999999998,0.37713070000000004,0.10959180000000002,-0.6422458000000001,0.658245,5.4827332,-10.6101265,0.46872908,0.35857046,-0.72281754,-1.1112677,,,,,15.259769,1.1032813,-1.1630983,-1.40805,1
8.51999999999982,23.753885,5.654343,1.6709631999999999,0.37544963,0.107860275,-0.64756995,0.65426373,5.430556,-10.70702,0.47634158,0.4746505999999999,-0.79156756,-1.1258309,,,,,15.259769,1.1032813,-1.1630983,-1.40805,1
8.52999999999982,23.807926000000002,5.5467925000000005,1.6757667,0.3738857,0.10559708599999999,-0.65308255,0.6500354,5.3775606,-10.802916,0.4844567,0.5726351,-0.84958446,-1.1396796,,,,,15.229813,1.7284585,-1.303128,-1.4864144,1
8.53999999999982,23.861435,5.438289,1.680653,0.37253562,0.102688424,-0.65880114,0.6454901,5.323701,-10.897518,0.49286518,0.75282234,-0.92045623,-1.1566938,,,,,15.229813,1.7284585,-1.303128,-1.4864144,1
8.54999999999982,23.914398000000002,5.3288459999999995,1.6856258000000002,0.37147182,0.099047266,-0.6647345,0.64057046,5.2686543,-10.990886999999999,0.5017549,0.904917,-0.98025763,-1.1728733999999998,,,,,15.229813,1.7284585,-1.303128,-1.4864144,1
8.55999999999982,23.966804999999997,5.218476,1.6906898000000001,0.37063637,0.09478645,-0.67083746,0.63531524,5.2122145,-11.082889999999999,0.5111001000000001,1.0332991,-1.0307174000000001,-1.1882589,,,,,15.229813,1.7284585,-1.303128,-1.4864144,1
8.56999999999982,24.018635,5.107193,1.6958494,0.36998063,0.09000153,-0.6770708000000001,0.6297564999999999,5.1542153,-11.173405,0.52087706,1.1416656,-1.0732943000000001,-1.2028893999999999,,,,,14.749629999999998,2.2871702000000003,-1.2583433000000002,-1.3917992000000001,1
8.57999999999982,24.069891000000002,4.995026999999999,1.7010916,0.36961704,0.08462839,-0.68340576,0.6238445,5.0963936,-11.259513,0.52764285,1.3202771,-1.1023003999999998,-1.2121593000000002,,,,,14.749629999999998,2.2871702000000003,-1.2583433000000002,-1.3917992000000001,1
8.58999999999982,24.120558,4.8820086,1.7064034,0.36963028,0.07861805,-0.6898122,0.6175401999999999,5.0367336,-11.343948,0.5347381,1.4710379,-1.1267626,-1.2209743,,,,,14.749629999999998,2.2871702000000003,-1.2583433000000002,-1.3917992000000001,1
8.599999999999818,24.17062,4.768154,1.7117873,0.36994544,0.072066225,-0.69625646,0.6108828000000001,4.9750614,-11.426591,0.54209554,1.5982906000000001,-1.1473925,-1.2293566,,,,,14.749629999999998,2.2871702000000003,-1.2583433000000002,-1.3917992000000001,1
8.609999999999818,24.220055,4.6534830000000005,1.7172459,0.37049955,0.06505445,-0.7027095,0.6039051999999999,4.9112415,-11.507325,0.54965276,1.7057008999999999,-1.16479,-1.2373277,,,,,14.825892999999999,2.6968467,-1.3263825,-1.675577,1
8.619999999999818,24.268836999999998,4.5380125,1.7227837,0.37131637,0.05753318,-0.70918673,0.5965505,4.8448199999999995,-11.586441,0.5578953000000001,1.8602324000000001,-1.1901407,-1.2588327,,,,,14.825892999999999,2.6968467,-1.3263825,-1.675577,1
8.62999999999982,24.316942,4.4217615,1.7284042000000002,0.37240872,0.049468055,-0.71569633,0.58876795,4.7759895,-11.663383,0.56620175,1.9906685000000002,-1.2115208999999998,-1.2792825,,,,,14.825892999999999,2.6968467,-1.3263825,-1.675577,1
8.63999999999982,24.364345999999998,4.3047523000000005,1.7341076000000002,0.37371343,0.040944163,-0.7222046999999999,0.5805915,4.704631299999999,-11.738002999999999,0.5744946999999999,2.1007662,-1.2295518,-1.2987287,,,,,14.825892999999999,2.6968467,-1.3263825,-1.675577,1
8.649999999999816,24.411022,4.1870093,1.7398938000000002,0.37517747,0.032034144,-0.72868264,0.57205033,4.630661,-11.810164,0.58270025,2.1936970000000002,-1.2447574,-1.3172207,,,,,14.921425,2.8500254000000003,-1.2606258,-1.6730716,1
8.659999999999817,24.456945,4.068556,1.7457645,0.37681037,0.022770087999999997,-0.7350962,0.56314594,4.553529,-11.880179,0.5914286,2.2960346,-1.2473458999999998,-1.3346825,,,,,14.921425,2.8500254000000003,-1.2606258,-1.6730716,1
8.669999999999817,24.502083,3.9494157,1.7517215,0.37861675,0.013180608,-0.7414149,0.5538808000000001,4.4736605,-11.947452,0.5999081,2.3824139,-1.2495177,-1.3512874,,,,,14.921425,2.8500254000000003,-1.2606258,-1.6730716,1
8.679999999999817,24.546406,3.8296167999999997,1.7577616999999999,0.3805491,0.0033187878000000004,-0.7476195999999999,0.54427993,4.391026999999999,-12.011855,0.60805106,2.4553232000000005,-1.2513393,-1.3670775,,,,,14.921425,2.8500254000000003,-1.2606258,-1.6730716,1
8.689999999999817,24.589893,3.7091892,1.7638811999999997,0.38256752,-0.006769713,-0.75369394,0.5343651999999999,4.305624,-12.073267999999999,0.6157741999999999,2.5168633,-1.2528669,-1.3820928,,,,,14.188076,2.7199886,-0.8253943000000001,-1.6532810000000002,1
8.699999999999816,24.632532,3.5881767,1.7700497,0.38474324,-0.016914787,-0.75955665,0.52418005,4.2218018,-12.128713000000001,0.61781687,2.5485902,-1.1862533000000002,-1.3954002,,,,,14.188076,2.7199886,-0.8253943000000001,-1.6532810000000002,1
8.709999999999816,24.67432,3.466625,1.7762356,0.3871345,-0.026980832000000003,-0.7651460999999999,0.5137655,4.1354012,-12.181171,0.61927646,2.5753615,-1.1300232,-1.4080545,,,,,14.188076,2.7199886,-0.8253943000000001,-1.6532810000000002,1
8.719999999999816,24.715232999999998,3.3445637,1.7824328,0.3896928,-0.03697754,-0.77047455,0.5031359000000001,4.046475,-12.23062,0.6200501,2.5979509999999997,-1.0825578000000002,-1.4200878000000001,,,,,14.188076,2.7199886,-0.8253943000000001,-1.6532810000000002,1
8.729999999999816,24.755241,3.222023,1.7886338,0.392377,-0.04691231,-0.7755522,0.49230367,3.9550815000000004,-12.277027,0.62004507,2.6170117999999998,-1.0424902,-1.4315307,,,,,14.197376,2.5029538,-0.548475,-1.585333,1
8.739999999999817,24.794325,3.0990336,1.7948308999999998,0.39519578,-0.056672398,-0.78034496,0.48132622,3.8612287000000003,-12.3203945,0.61924016,2.5992912999999995,-0.9654450000000001,-1.4390778999999998,,,,,14.197376,2.5029538,-0.548475,-1.585333,1
8.749999999999817,24.832458,2.9756258,1.8010153999999998,0.39815736,-0.06616983,-0.7848295,0.47025478,3.7650647000000004,-12.360709,0.61748666,2.5843244,-0.90041673,-1.4462546,,,,,14.197376,2.5029538,-0.548475,-1.585333,1
8.759999999999817,24.86962,2.8518298,1.8071772000000002,0.40122820000000003,-0.07544269,-0.7890279,0.4590903,3.6666819999999998,-12.397995,0.6147071999999999,2.5716825,-0.8455311,-1.4530791,,,,,14.197376,2.5029538,-0.548475,-1.585333,1
8.769999999999817,24.905787,2.7276762000000003,1.8133056,0.40437922,-0.08452252,-0.7929585,0.44783354,3.5661716,-12.432266,0.61083347,2.5610049,-0.7992060000000001,-1.4595687,,,,,14.992929,2.1378324,0.040628176,-1.5272814,1
8.779999999999816,24.940908,2.603186,1.8194158,0.4077082,-0.093217835,-0.7965517,0.4365713,3.4578800000000003,-12.465299,0.6110161999999999,2.4951346,-0.6681771,-1.4628913000000001,,,,,14.992929,2.1378324,0.040628176,-1.5272814,1
8.789999999999814,24.974936,2.4783807,1.8255213,0.41129637,-0.101381354,-0.7997588000000001,0.42537939999999996,3.347544,-12.495288,0.6098925000000001,2.4395177,-0.55759144,-1.466051,,,,,14.992929,2.1378324,0.040628176,-1.5272814,1
8.799999999999814,25.00785,2.3532906000000002,1.8316089,0.41509736,-0.10909609,-0.8026208,0.41424229999999995,3.2352626,-12.522362,0.60738367,2.392558,-0.46425924,-1.4690555,,,,,14.992929,2.1378324,0.040628176,-1.5272814,1
8.809999999999814,25.039635,2.2279433999999996,1.8376641,0.41907078,-0.11643131,-0.8051716999999999,0.40314585,3.1211271000000003,-12.546627,0.60342234,2.3529084,-0.38548887,-1.4719126,,,,,15.159188,1.9334781000000003,0.35199556,-1.371924,1
8.819999999999814,25.070263,2.102366,1.8436773999999998,0.42324759999999995,-0.12333734,-0.8073898,0.39214247,3.0039368,-12.568414,0.5989759,2.2876096,-0.27040863,-1.4670062,,,,,15.159188,1.9334781000000003,0.35199556,-1.371924,1
8.829999999999814,25.099709,1.9765838,1.8496381999999998,0.42765190000000003,-0.12978025,-0.8092608,0.38127753,2.8850392999999994,-12.587582000000001,0.5929368,2.2324764999999998,-0.17328554,-1.4623406,,,,,15.159188,1.9334781000000003,0.35199556,-1.371924,1
8.839999999999812,25.127956,1.8506228,1.8555304,0.43224140000000005,-0.13583395,-0.8108201999999999,0.37052909999999994,2.76451,-12.604257,0.5852465,2.1859264,-0.09131767,-1.4579038999999998,,,,,15.159188,1.9334781000000003,0.35199556,-1.371924,1
8.849999999999811,25.154995,1.724507,1.8613373,0.43697953,-0.14156010000000002,-0.81209755,0.35987774,2.6424184,-12.618538000000001,0.5758542,2.146623,-0.02214004,-1.4536847,,,,,15.460207,1.7057514,0.38188353,-1.1783572,1
8.859999999999811,25.18079,1.5982589,1.8670503,0.44180873,-0.14694229,-0.81311727,0.34936799999999996,2.5163797999999997,-12.630747999999999,0.566446,2.0779285,0.04095055,-1.4401743,,,,,15.460207,1.7057514,0.38188353,-1.1783572,1
8.869999999999811,25.205317,1.4718999,1.8726601999999999,0.44668302,-0.15197168,-0.81390214,0.3390381,2.3888987999999998,-12.640698,0.555241,2.019937,0.094190255,-1.4273268999999997,,,,,15.460207,1.7057514,0.38188353,-1.1783572,1
8.879999999999812,25.228561,1.3454523,1.8781488999999998,0.45158815,-0.15670554,-0.8144722,0.32886350000000003,2.2600548,-12.6484785,0.5422281,1.9709805,0.13911694,-1.4151098999999998,,,,,15.460207,1.7057514,0.38188353,-1.1783572,1
8.889999999999812,25.250513,1.2189375,1.8834984000000001,0.45651135,-0.16119175,-0.8148443,0.3188228,2.1299200000000003,-12.654156,0.5273975999999999,1.9296519,0.17702891,-1.4034923000000001,,,,,16.098604,1.5002163999999998,0.12141989,-0.9808690000000001,1
8.899999999999812,25.27113,1.0923755,1.8887073,0.46132700000000004,-0.16544724,-0.81508666,0.30893838,1.9931424,-12.657936999999999,0.51411164,1.8626715,0.16844295,-1.3827542,,,,,16.098604,1.5002163999999998,0.12141989,-0.9808690000000001,1
8.909999999999812,25.290373000000002,0.9657860999999999,1.8937743000000002,0.46593598,-0.16948809,-0.81525666,0.2992301,1.8551942,-12.659628,0.49897778,1.8061383999999998,0.16118388,-1.3630335,,,,,16.098604,1.5002163999999998,0.12141989,-0.9808690000000001,1
8.919999999999812,25.30823,0.83919007,1.8986808000000002,0.47036353,-0.17334995,-0.8153524999999999,0.28967717,1.716174,-12.659263000000001,0.48205176,1.7584224999999998,0.15504663,-1.3442806,,,,,16.098604,1.5002163999999998,0.12141989,-0.9808690000000001,1
8.929999999999811,25.324694,0.71260786,1.9034092,0.47463062,-0.17706270000000002,-0.81537277,0.2802614,1.57617,-12.656868,0.46338162,1.7181491999999998,0.14985783,-1.3264479999999998,,,,,16.818932,0.9474466,-0.13762905,-0.70591784,1
8.939999999999811,25.33972,0.58606046,1.9079598999999998,0.47860366,-0.18051611,-0.8153965999999999,0.27108204,1.4289646,-12.652272,0.4465013,1.5979176000000002,0.10516014,-1.2959983,,,,,16.818932,0.9474466,-0.13762905,-0.70591784,1
8.949999999999811,25.353270000000002,0.45956925,1.9123337,0.48218125,-0.18362625,-0.8154916999999999,0.26222244,1.2809476999999998,-12.645657,0.42799053,1.496444,0.067411125,-1.267043,,,,,16.818932,0.9474466,-0.13762905,-0.70591784,1
8.95999999999981,25.365335,0.33315396,1.9165148999999997,0.48542228,-0.18645173,-0.81564045,0.25364578,1.1322396000000001,-12.6371,0.40799308,1.4108013000000001,0.035531215,-1.2395085,,,,,16.818932,0.9474466,-0.13762905,-0.70591784,1
8.969999999999812,25.375914,0.20683366,1.9204891,0.48837579999999997,-0.18904187,-0.8158276999999999,0.24532007,0.9829426,-12.626667,0.38663235,1.3385196000000001,0.008608302,-1.213325,,,,,17.885158999999998,0.30836030000000003,-0.9585824000000001,-0.4364885,1
8.979999999999812,25.384947,0.08063063,1.9242674,0.49074683,-0.19132541,-0.8162425,0.23730779,0.8236617,-12.613641000000001,0.368829,1.1777511,-0.14206813,-1.1752053,,,,,17.885158999999998,0.30836030000000003,-0.9585824000000001,-0.4364885,1
8.989999999999812,25.392385,-0.045432735,1.9278621999999999,0.4923065,-0.19324788,-0.8170374,0.22966085,0.6640368000000001,-12.598744,0.35001170000000004,1.0420787,-0.26927447,-1.1389563,,,,,17.885158999999998,0.30836030000000003,-0.9585824000000001,-0.4364885,1
8.999999999999812,25.398226,-0.17133805,1.9312652,0.49318016,-0.19487013,-0.81815,0.2223383,0.5042425,-12.582041,0.33048990000000006,0.9275844000000001,-0.37666574,-1.1044861000000001,,,,,17.885158999999998,0.30836030000000003,-0.9585824000000001,-0.4364885,1
9.009999999999811,25.40247,-0.29706752,1.9344706999999999,0.49347219999999997,-0.19624351,-0.8195258,0.21530432,0.34442446,-12.563585,0.31052718,0.83096135,-0.46732804,-1.0717072,,,,,18.192947,0.068812944,-1.4621191999999998,-0.27043690000000004,1
9.019999999999811,25.405102,-0.42260224,1.9374818999999999,0.49308014,-0.19738568,-0.8212316999999999,0.20855226,0.18196501,-12.543083,0.29170457,0.71201235,-0.62236387,-1.0323886999999998,,,,,18.192947,0.068812944,-1.4621191999999998,-0.27043690000000004,1
9.029999999999811,25.40611,-0.5479234000000001,1.9403051,0.49192616,-0.19831229999999997,-0.82331693,0.20207642,0.019774638,-12.520887,0.2729767,0.61163616,-0.7532408,-0.9949995999999999,,,,,18.192947,0.068812944,-1.4621191999999998,-0.27043690000000004,1
9.039999999999807,25.405497,-0.6730142,1.9429427,0.49012315,-0.19906068,-0.8257131,0.19584864,-0.14199302,-12.497031,0.25462836,0.5269316999999999,-0.8637228000000001,-0.9594450999999999,,,,,18.192947,0.068812944,-1.4621191999999998,-0.27043690000000004,1
9.049999999999807,25.403270000000003,-0.79785836,1.9453999,0.48776582,-0.19966233,-0.8283618,0.1898443,-0.30320457,-12.471546,0.2368998,0.45545113,-0.9569876,-0.92563534,,,,,18.617527,-0.18200245,-1.6519568,-0.26523843,1
9.059999999999807,25.399418,-0.92243654,1.9476931,0.48485157,-0.20007499,-0.83126986,0.18407607,-0.4674858,-12.44384,0.22189678,0.35599770000000003,-1.0653001,-0.89322954,,,,,18.617527,-0.18200245,-1.6519568,-0.26523843,1
9.069999999999807,25.393925,-1.0467298,1.9498415,0.48138230000000004,-0.20026553,-0.8344391,0.17855185,-0.6309425000000001,-12.414568,0.20797563,0.27206677,-1.1567347,-0.8624139000000001,,,,,18.617527,-0.18200245,-1.6519568,-0.26523843,1
9.079999999999806,25.386803,-1.1707227,1.951857,0.47743705,-0.20027070000000002,-0.8378164,0.17324504,-0.79345,-12.383797,0.19534743,0.20123506,-1.2339206,-0.83311033,,,,,18.617527,-0.18200245,-1.6519568,-0.26523843,1
9.089999999999806,25.37806,-1.2944007,1.9537533999999999,0.4730823,-0.20012145,-0.8413564,0.16813263,-0.9548966,-12.351589,0.18418774,0.14145774,-1.2990779,-0.8052446999999999,,,,,18.22537,-0.49473992,-1.5576018999999999,-0.24373832,1
9.099999999999806,25.367725,-1.4177533000000002,1.9555368000000002,0.46838474,-0.19973339999999998,-0.8450278,0.16326363,-1.1118058000000002,-12.318723,0.17277914,0.04224605,-1.3393415000000002,-0.7776914,,,,,18.22537,-0.49473992,-1.5576018999999999,-0.24373832,1
9.109999999999808,25.355826999999998,-1.540771,1.9572147,0.46340114,-0.19904098,-0.8488045,0.15867516,-1.2674925,-12.28464,0.16308792,-0.04149046,-1.3733373,-0.75149024,,,,,18.22537,-0.49473992,-1.5576018999999999,-0.24373832,1
9.119999999999807,25.34238,-1.6634422999999998,1.9588047999999998,0.45816976,-0.19809352,-0.8526579,0.1543328,-1.4218806,-12.249472,0.1552296,-0.11216587,-1.4020404,-0.7265746999999999,,,,,18.22537,-0.49473992,-1.5576018999999999,-0.24373832,1
9.129999999999807,25.327396,-1.785757,1.9603259999999998,0.45272285,-0.19693257,-0.8565640999999999,0.15020722,-1.5749,-12.213330000000001,0.14929764,-0.17181745,-1.4262745000000001,-0.7028819000000001,,,,,18.300032,-0.5932554,-1.4533238000000002,-0.23124734,1
9.139999999999807,25.310886,-1.9077051,1.9617996,0.44711720000000005,-0.19555379999999997,-0.8604915999999999,0.1463006,-1.7271087999999999,-12.176171,0.14575154,-0.2375208,-1.4304662000000001,-0.67973864,,,,,18.300032,-0.5932554,-1.4533238000000002,-0.23124734,1
9.149999999999807,25.29286,-2.0292778,1.9632479999999999,0.4414,-0.19395575,-0.8644151,0.14261310000000002,-1.8778308999999997,-12.138262,0.14426666,-0.29297829999999997,-1.4340104,-0.65773106,,,,,18.300032,-0.5932554,-1.4533238000000002,-0.23124734,1
9.159999999999807,25.273332999999997,-2.1504682999999996,1.9646921000000002,0.435583,-0.19217443,-0.8683244000000001,0.13911867,-2.027023,-12.099717,0.14488158,-0.33978823,-1.4370067,-0.6368034,,,,,18.300032,-0.5932554,-1.4533238000000002,-0.23124734,1
9.169999999999806,25.252323,-2.2712705,1.9661528999999998,0.42967626,-0.19024014,-0.8722107,0.13579503,-2.1746442000000004,-12.060635000000001,0.14762445,-0.37929866,-1.4395398000000001,-0.61690265,,,,,18.606939999999998,-0.35936168,-1.0988274,0.0031798742999999997,1
9.179999999999806,25.229832000000002,-2.391676,1.9676605,0.4238197,-0.18825357,-0.8759851999999999,0.13263535,-2.3231113,-12.020439,0.15423024,-0.37614062,-1.3864143,-0.586475,,,,,18.606939999999998,-0.35936168,-1.0988274,0.0031798742999999997,1
9.189999999999808,25.205868,-2.5116775000000002,1.9692447,0.41812559999999993,-0.18629882,-0.8795809000000001,0.12963751,-2.4699612,-11.979852000000001,0.16294374,-0.37348142,-1.3415736,-0.5575405,,,,,18.606939999999998,-0.35936168,-1.0988274,0.0031798742999999997,1
9.199999999999807,25.18044,-2.6312714,1.9709261999999999,0.4125647,-0.18437655,-0.8830201999999999,0.12678981,-2.6152182,-11.938922999999999,0.17368586,-0.37124246,-1.303725,-0.5300256999999999,,,,,18.606939999999998,-0.35936168,-1.0988274,0.0031798742999999997,1
9.209999999999804,25.153568,-2.750455,1.9727252,0.40711218,-0.18248689,-0.88632196,0.1240817,-2.7589011,-11.897697,0.18638791,-0.36935693,-1.2717783,-0.50386125,,,,,19.154612,-0.37306097,-0.6473725,-0.06995836,1
9.219999999999805,25.125248000000003,-2.8692187999999996,1.9746771,0.40190879999999995,-0.18059881,-0.8894315,0.12153087,-2.9052173999999997,-11.855000500000001,0.20429695,-0.36988628,-1.1744075,-0.48256955,,,,,19.154612,-0.37306097,-0.6473725,-0.06995836,1
9.229999999999805,25.095470000000002,-2.9875546,1.9768173999999998,0.39706707,-0.17868789,-0.8923097,0.11914895,-3.0500145,-11.81212,0.22403069,-0.37034103,-1.0922214,-0.46232262,,,,,19.154612,-0.37306097,-0.6473725,-0.06995836,1
9.239999999999805,25.064255,-3.105461,1.9791634999999999,0.39252940000000003,-0.17676231,-0.8949919,0.11691892,-3.1933773,-11.769133,0.24546665,-0.37073147,-1.0228523999999999,-0.4430692,,,,,19.154612,-0.37306097,-0.6473725,-0.06995836,1
9.249999999999805,25.031609,-3.222937,1.9817320999999999,0.3882469,-0.17482854,-0.89750713,0.114826,-3.3353786,-11.726103,0.26850122,-0.37106636,-0.96430093,-0.42476055,,,,,19.039324,-0.010925315,-0.54559684,-0.076334804,1
9.259999999999804,24.997555,-3.3399843999999996,1.9845351000000002,0.38423154,-0.17301694,-0.89983916,0.11280766,-3.4752370999999997,-11.683330999999999,0.2923011,-0.31487456,-0.8990232,-0.4076632,,,,,19.039324,-0.010925315,-0.54559684,-0.076334804,1
9.269999999999804,24.962108999999998,-3.4566038,1.987583,0.38049075,-0.17143136,-0.9019773999999999,0.11081393,-3.6138809000000003,-11.640538000000001,0.31747383,-0.26745003,-0.84392214,-0.39140484,,,,,19.039324,-0.010925315,-0.54559684,-0.076334804,1
9.279999999999804,24.925279999999997,-3.5727949999999997,1.9908891,0.37698022,-0.17004058,-0.90395176,0.10884955,-3.7513782999999994,-11.597686,0.34390348,-0.2274252,-0.7974109,-0.37594426,,,,,19.039324,-0.010925315,-0.54559684,-0.076334804,1
9.289999999999804,24.887082999999997,-3.6885571,1.9944651000000002,0.37366244,-0.16881779,-0.90578717,0.10691802,-3.8877878,-11.554742,0.37149265,-0.19364531,-0.7581507,-0.36124235,,,,,18.776142,0.6107588,-0.63817,-0.08103374,1
9.299999999999805,24.847535999999998,-3.8038924,1.9983137999999998,0.37049875,-0.16796927,-0.9074763000000001,0.10492238400000001,-4.0212864999999995,-11.512253999999999,0.39840105,-0.06818785,-0.73946995,-0.34749243,,,,,18.776142,0.6107588,-0.63817,-0.08103374,1
9.309999999999805,24.80666,-3.9188012999999997,2.0024363999999997,0.36745608,-0.16765739,-0.9090143,0.1027864,-4.153796,-11.469472999999999,0.4262585,0.037703246,-0.723696,-0.33441722,,,,,18.776142,0.6107588,-0.63817,-0.08103374,1
9.319999999999805,24.764464999999998,-4.0332804,2.0068421,0.36451290000000003,-0.16780153,-0.91042286,0.10053987,-4.285343599999999,-11.426227,0.45496288,0.12707947,-0.7103765999999999,-0.32198364,,,,,18.776142,0.6107588,-0.63817,-0.08103374,1
9.329999999999805,24.720959,-4.1473236,2.0115387,0.36165097,-0.16833325,-0.91171974,0.09820736,-4.4159502999999996,-11.382371000000001,0.48442805,0.20251659,-0.69913024,-0.31016016,,,,,18.414316,1.0976883999999998,-0.58670306,-0.13332841,1
9.339999999999804,24.676163,-4.2609296,2.016521,0.35889372,-0.16936783,-0.9128796999999998,0.095736325,-4.543136,-11.338629,0.51210237,0.34212545,-0.6816236,-0.30148298,,,,,18.414316,1.0976883999999998,-0.58670306,-0.13332841,1
9.349999999999802,24.630098,-4.374093,2.0217829,0.35625827,-0.17099322,-0.9138825999999999,0.09308541599999999,-4.6694427,-11.293961999999999,0.5403359999999999,0.45996162,-0.66684145,-0.29323158,,,,,18.414316,1.0976883999999998,-0.58670306,-0.13332841,1
9.359999999999802,24.582777,-4.486805,2.0273292,0.35372198,-0.17311877,-0.91474783,0.090288036,-4.7948923,-11.248178,0.5690228,0.5594205,-0.65436,-0.28538507,,,,,18.414316,1.0976883999999998,-0.58670306,-0.13332841,1
9.369999999999802,24.534204000000003,-4.5990519999999995,2.0331645000000003,0.35126564,-0.17566755,-0.9154914000000001,0.08737188,-4.9195,-11.201116,0.59807104,0.64336824,-0.6438215,-0.2779236,,,,,18.391247,1.3935832000000001,-0.22809400000000002,-0.25047475,1
9.379999999999802,24.484392,-4.710822,2.039291,0.3490173,-0.1786654,-0.9160562,0.08433046,-5.043129,-11.152696,0.62723106,0.76037604,-0.57900965,-0.27657667,,,,,18.391247,1.3935832000000001,-0.22809400000000002,-0.25047475,1
9.389999999999802,24.433346,-4.8221,2.0457096000000003,0.34707764,-0.18212894,-0.9163975000000001,0.08115834,-5.1659985,-11.102712,0.65652096,0.8591346,-0.52430147,-0.27529582,,,,,18.391247,1.3935832000000001,-0.22809400000000002,-0.25047475,1
9.3999999999998,24.381076999999998,-4.932871,2.0524213,0.34539494,-0.18598552,-0.91654336,0.07787784,-5.2881756,-11.051024,0.68579745,0.94249046,-0.47812223,-0.27407783,,,,,18.391247,1.3935832000000001,-0.22809400000000002,-0.25047475,1
9.4099999999998,24.327587,-5.043115,2.059425,0.34392542,-0.19017348,-0.9165168,0.07450751,-5.409712,-10.99752,0.7149366,1.0128455,-0.43914220000000004,-0.27291963,,,,,18.653866,1.5646037,0.28168985,-0.14189753,1
9.4199999999998,24.272876999999998,-5.1528106,2.066728,0.34282163,-0.19469284,-0.9162528,0.07109059,-5.532386,-10.941313000000001,0.74563175,1.0989133,-0.32673946,-0.26649034,,,,,18.653866,1.5646037,0.28168985,-0.14189753,1
9.429999999999799,24.21694,-5.261933999999999,2.0743358,0.34220177,-0.19954212,-0.9157004999999999,0.06766479,-5.654575,-10.883080999999999,0.7758879,1.1715548,-0.23186329,-0.2603765,,,,,18.653866,1.5646037,0.28168985,-0.14189753,1
9.4399999999998,24.159785999999997,-5.3704643,2.0822434,0.34198543,-0.20467053,-0.91489595,0.06423643,-5.7763944,-10.822755,0.8055262,1.2328646,-0.1517807,-0.2545627,,,,,18.653866,1.5646037,0.28168985,-0.14189753,1
9.4499999999998,24.101414000000002,-5.478381,2.0904438,0.34210473,-0.21003473,-0.9138691999999999,0.060810342,-5.897936,-10.760275,0.8343914000000001,1.2846106000000002,-0.08418517,-0.24903421,,,,,18.21099,1.7611688,0.52765775,-0.052021000000000005,1
9.4599999999998,24.041842000000003,-5.5856699999999995,2.0989132,0.34259447,-0.21566744,-0.91259384,0.05739416,-6.0163965,-10.697125999999999,0.859348,1.358945,0.011227856999999999,-0.23936671,,,,,18.21099,1.7611688,0.52765775,-0.052021000000000005,1
9.4699999999998,23.981085,-5.692316,2.1076272,0.34347790000000006,-0.22159283,-0.9110483,0.05399572,-6.134753,-10.631763000000001,0.88324404,1.4216834999999999,0.09176350400000001,-0.23017359,,,,,18.21099,1.7611688,0.52765775,-0.052021000000000005,1
9.4799999999998,23.919145999999998,-5.798297,2.116574,0.3446867,-0.22776495,-0.9092618,0.05061823,-6.253087,-10.564129,0.90591836,1.4746354,0.15974121,-0.22143158,,,,,18.21099,1.7611688,0.52765775,-0.052021000000000005,1
9.4899999999998,23.856023999999998,-5.90359,2.125741,0.34616303,-0.23414458,-0.90725887,0.04726388,-6.3714585,-10.494181,0.9272290000000001,1.5193273,0.21711941,-0.21311855,,,,,17.413921,2.4120955000000004,0.55408204,-0.28808948,1
9.4999999999998,23.791742000000003,-6.008188,2.1350877,0.3478863,-0.24092345,-0.90499496,0.043819718,-6.4847264000000004,-10.42503,0.94187874,1.6585618000000002,0.26964524,-0.21679738,,,,,17.413921,2.4120955000000004,0.55408204,-0.28808948,1
9.509999999999799,23.726328,-6.1120825,2.1445732000000004,0.34983575,-0.24824780000000002,-0.9024288,0.04019158,-6.5980906,-10.353477,0.95492005,1.7760817999999998,0.3139822,-0.22029570000000004,,,,,17.413921,2.4120955000000004,0.55408204,-0.28808948,1
9.519999999999799,23.659779999999998,-6.215249,2.1541799999999998,0.3519664,-0.25602534,-0.89958346,0.036406245,-6.711553,-10.279374,0.9661765,1.8752738000000002,0.35140732,-0.22362237,,,,,17.413921,2.4120955000000004,0.55408204,-0.28808948,1
9.5299999999998,23.592095999999998,-6.3176613,2.1638900000000003,0.35424029999999995,-0.26417774,-0.89647853,0.03248645,-6.825100999999999,-10.202608,0.9754891,1.9589964,0.38299805,-0.22678579999999998,,,,,16.859818,2.8876188,0.36923346,-0.45249054,1
9.539999999999797,23.523294,-6.419304,2.1736657999999998,0.35657004,-0.27280375,-0.8931056,0.028345969,-6.93509,-10.125607,0.9793582000000001,2.1038167000000003,0.38081512,-0.23786119,,,,,16.859818,2.8876188,0.36923346,-0.45249054,1
9.549999999999798,23.453394,-6.520163,2.1834697999999997,0.3588833,-0.28197423,-0.88945305,0.023913773,-7.045057000000001,-10.045772,0.9810485999999999,2.2260525,0.37897470000000005,-0.24839313,,,,,16.859818,2.8876188,0.36923346,-0.45249054,1
9.559999999999798,23.382395000000002,-6.620209,2.1932788,0.36117074,-0.29159024,-0.8855316999999999,0.019228693,-7.154909,-9.96296,0.9804113999999999,2.3292257999999997,0.37742373,-0.25840825,,,,,16.859818,2.8876188,0.36923346,-0.45249054,1
9.569999999999798,23.310297,-6.719411999999999,2.2030694,0.36342442,-0.30156797,-0.881351,0.014324225,-7.2645497,-9.877061999999999,0.97730917,2.4163089,0.3761168,-0.26793194,,,,,16.305798,3.1731389,0.170125,-0.82145756,1
9.579999999999798,23.237123,-6.817754700000001,2.212801,0.36558253,-0.31192106,-0.87691325,0.009123235,-7.3702807,-9.790916000000001,0.96857685,2.5343366,0.34392726,-0.29509359999999996,,,,,16.305798,3.1731389,0.170125,-0.82145756,1
9.589999999999796,23.162893,-6.9152203,2.2224321,0.36759657,-0.3226516,-0.8722164000000001,0.0035600213,-7.475565400000001,-9.701595,0.9572155000000001,2.6339574,0.31675949999999997,-0.3209224,,,,,16.305798,3.1731389,0.170125,-0.82145756,1
9.599999999999795,23.087614000000002,-7.011775500000001,2.231936,0.36947834,-0.3336784,-0.8672626,-0.0023223693,-7.580253599999999,-9.609011,0.9431099000000001,2.7180424,0.2938309,-0.34548379999999995,,,,,16.305798,3.1731389,0.170125,-0.82145756,1
9.609999999999795,23.01129,-7.1073889999999995,2.2412843999999996,0.37123767,-0.34493290000000004,-0.8620540999999999,-0.008486219,-7.6841984,-9.513105,0.9261526,2.7890143,0.27448064,-0.36883995,,,,,15.787348999999999,2.9332632999999997,-0.25310317,-1.007157,1
9.619999999999795,22.933949,-7.202042,2.250436,0.37274635,-0.35626440000000004,-0.85669017,-0.014941501999999999,-7.783970399999999,-9.417005,0.90376866,2.8114944,0.19214143,-0.4001623,,,,,15.787348999999999,2.9332632999999997,-0.25310317,-1.007157,1
9.629999999999795,22.855614000000003,-7.295717999999999,2.25935,0.37390792,-0.36754984,-0.85125476,-0.021697953,-7.882694,-9.317667,0.8785259,2.8304682,0.12264587,-0.4299477,,,,,15.787348999999999,2.9332632999999997,-0.25310317,-1.007157,1
9.639999999999795,22.776298999999998,-7.388385,2.2679972999999998,0.37477209999999994,-0.37877294,-0.84572893,-0.028723601,-7.980185499999999,-9.215114,0.85043204,2.8464840000000002,0.06399105,-0.45827156,,,,,15.787348999999999,2.9332632999999997,-0.25310317,-1.007157,1
9.649999999999794,22.696014,-7.480009599999999,2.276349,0.3753803,-0.38992012,-0.8400965,-0.0359898,-8.076278,-9.109385000000001,0.8194893,2.860003,0.01448623,-0.48520556,,,,,16.22842,2.850148,-0.44265977,-1.2839194999999999,1
9.659999999999794,22.614763,-7.5705466,2.2843864,0.37571844,-0.40093648,-0.8343844000000001,-0.043516877999999995,-8.1734495,-8.997483,0.7874973000000001,2.8584423,-0.056877967,-0.5243986999999999,,,,,16.22842,2.850148,-0.44265977,-1.2839194999999999,1
9.669999999999796,22.532549,-7.659948299999999,2.2920892000000004,0.3757802,-0.41177616,-0.82861394,-0.05132304,-8.268842999999999,-8.882422,0.75260913,2.8571255,-0.11710928400000001,-0.5616686,,,,,16.22842,2.850148,-0.44265977,-1.2839194999999999,1
9.679999999999795,22.449392,-7.748183999999999,2.2994292,0.37560770000000004,-0.42244098,-0.8227648000000001,-0.059380617000000004,-8.362292,-8.764272,0.71485794,2.856015,-0.16794434,-0.5971097,,,,,16.22842,2.850148,-0.44265977,-1.2839194999999999,1
9.689999999999795,22.365309,-7.835223700000001,2.306377,0.37523586,-0.43293262,-0.8168196999999999,-0.0676645,-8.453645,-8.643103,0.6742704,2.855079,-0.21084863,-0.6308116,,,,,17.088491,2.2127976,-0.7508997,-1.3532888,1
9.699999999999795,22.2803,-7.921003999999999,2.3129193999999997,0.37461573,-0.44303396,-0.8109228,-0.07611709,-8.547481,-8.512429,0.6337862,2.7548742,-0.29509187,-0.6662637,,,,,17.088491,2.2127976,-0.7508997,-1.3532888,1
9.709999999999795,22.194366,-8.005463,2.319043,0.37371668,-0.4525773,-0.80519706,-0.084693305,-8.63883,-8.378822999999999,0.59050405,2.6702988,-0.36619696,-0.69997627,,,,,17.088491,2.2127976,-0.7508997,-1.3532888,1
9.719999999999795,22.107533,-8.088571,2.3247204,0.37258896,-0.46163046,-0.79959935,-0.09338801,-8.727586,-8.242442,0.5445888000000001,2.5989153,-0.42621306,-0.73203456,,,,,17.088491,2.2127976,-0.7508997,-1.3532888,1
9.729999999999794,22.019825,-8.170302000000001,2.329926,0.37127352,-0.47025079999999997,-0.79409194,-0.1021953,-8.813647999999999,-8.103431,0.49618270000000003,2.538667,-0.4768697,-0.7625196999999999,,,,,17.553862,1.6319034,-0.9816556000000001,-1.3248485,1
9.739999999999794,21.931257000000002,-8.250611,2.3346422000000002,0.36975414,-0.47829497,-0.78878796,-0.111063525,-8.899202,-7.958077,0.44671515,2.3972087,-0.5555638,-0.79011333,,,,,17.553862,1.6319034,-0.9816556000000001,-1.3248485,1
9.749999999999796,21.841852,-8.329454,2.3388524,0.36802375,-0.48565593,-0.78378195,-0.11995176,-8.981850999999999,-7.8103447,0.39505705,2.2778150000000004,-0.6219903,-0.8163529,,,,,17.553862,1.6319034,-0.9816556000000001,-1.3248485,1
9.759999999999796,21.751635,-8.40681,2.3425362,0.36612418,-0.49242684,-0.77901715,-0.12886775,-9.061558,-7.660408,0.34143624,2.1770446,-0.6780618,-0.8413049000000001,,,,,17.553862,1.6319034,-0.9816556000000001,-1.3248485,1
9.769999999999795,21.660635,-8.482656,2.3456748,0.36408904,-0.49868613,-0.77444404,-0.13781673,-9.138292999999999,-7.508420500000001,0.28604925,2.0919933,-0.7253928000000001,-0.86503255,,,,,17.9282,0.8865824000000001,-1.3915063,-1.2958216999999999,1
9.779999999999793,21.568873999999997,-8.556956,2.3482562999999996,0.3618594,-0.50424826,-0.7702305,-0.14677297,-9.213605000000001,-7.351246000000001,0.22996797,1.9039403999999998,-0.8291934000000001,-0.8861715,,,,,17.9282,0.8865824000000001,-1.3915063,-1.2958216999999999,1
9.789999999999793,21.476376000000002,-8.629675,2.3502702999999996,0.35939437,-0.5089723,-0.7665121,-0.1557175,-9.285863,-7.192309,0.17259888,1.7452214,-0.9168171999999999,-0.9062730999999999,,,,,17.9282,0.8865824000000001,-1.3915063,-1.2958216999999999,1
9.799999999999793,21.383167,-8.700797,2.351705,0.35674128,-0.5129787,-0.7632044,-0.16466147,-9.355088,-7.0317845000000005,0.11426407,1.6112611000000001,-0.9907858,-0.9253884,,,,,17.9282,0.8865824000000001,-1.3915063,-1.2958216999999999,1
9.809999999999793,21.289282,-8.770307,2.3525531,0.35393798,-0.5163686,-0.760234,-0.17361297,-9.421299000000001,-6.8698254,0.055239199999999995,1.4981978999999999,-1.0532275,-0.9435655999999999,,,,,17.597994,0.31578276,-1.5834423999999998,-1.3501108999999998,1
9.819999999999792,21.194755999999998,-8.838204,2.352805,0.35100046,-0.51903814,-0.75768226,-0.18254183,-9.483358,-6.709579,-0.004934732,1.3137353999999999,-1.1358184999999998,-0.9635149,,,,,17.597994,0.31578276,-1.5834423999999998,-1.3501108999999998,1
9.829999999999792,21.099623,-8.904494,2.3524540000000003,0.34794548,-0.52090997,-0.75561154,-0.19142565,-9.542552,-6.548223,-0.06523237,1.1580466999999999,-1.2055421,-0.9824853000000001,,,,,17.597994,0.31578276,-1.5834423999999998,-1.3501108999999998,1
9.839999999999792,21.003914,-8.969166,2.3515007000000003,0.34480044,-0.522098,-0.7539366,-0.20027918,-9.598955,-6.38591,-0.12536117,1.0266435999999999,-1.2644035,-1.0005248,,,,,17.597994,0.31578276,-1.5834423999999998,-1.3501108999999998,1
9.849999999999792,20.907654,-9.032209,2.3499482000000005,0.34158649999999996,-0.5226980999999999,-0.7525839,-0.20911361,-9.652636,-6.2227745,-0.18507206,0.9157382,-1.3140956,-1.0176790999999998,,,,,17.715052,-0.2635763,-1.4228049999999999,-1.4074520000000001,1
9.859999999999793,20.81087,-9.093614,2.3478026,0.33842164,-0.52262825,-0.7515892,-0.21783024,-9.70401,-6.057853,-0.24388534,0.7317971999999999,-1.3309363,-1.0368054,,,,,17.715052,-0.2635763,-1.4228049999999999,-1.4074520000000001,1
9.869999999999793,20.713583,-9.153364999999999,2.3450735000000003,0.33540267,-0.5218295999999999,-0.75097877,-0.22635259,-9.752882000000001,-5.8923836,-0.30182177,0.5765437,-1.3451653000000001,-1.054993,,,,,17.715052,-0.2635763,-1.4228049999999999,-1.4074520000000001,1
9.879999999999793,20.615820000000003,-9.21146,2.34177,0.33251490000000006,-0.5204076,-0.7506816999999999,-0.23471768,-9.799425999999999,-5.726511,-0.35866728,0.44550395,-1.3571882,-1.0722883,,,,,17.715052,-0.2635763,-1.4228049999999999,-1.4074520000000001,1
9.889999999999793,20.517603,-9.267895,2.3379044999999996,0.32974428,-0.5184506,-0.750637,-0.24295565,-9.843792,-5.560363,-0.41424143,0.33490172,-1.3673476,-1.0887347,,,,,17.590578,-0.5505879,-1.2852508999999999,-1.3981502000000001,1
9.89999999999979,20.418955,-9.322673,2.3334887,0.3271466,-0.51596075,-0.7508344,-0.25102395,-9.885823,-5.3952227,-0.4686987,0.19680575,-1.3544488000000001,-1.103918,,,,,17.590578,-0.5505879,-1.2852508999999999,-1.3981502000000001,1
9.90999999999979,20.319893,-9.375799,2.3285357999999996,0.32476562,-0.5129447,-0.75126344,-0.25889,-9.926011,-5.230042,-0.5215984,0.08024523,-1.3435746000000002,-1.118356,,,,,17.590578,-0.5505879,-1.2852508999999999,-1.3981502000000001,1
9.91999999999979,20.22044,-9.427275,2.3230624,0.3225721,-0.5094766,-0.7518755,-0.26658925,-9.964526,-5.064931400000001,-0.5728177,-0.018138137,-1.3344072,-1.1320857,,,,,17.590578,-0.5505879,-1.2852508999999999,-1.3981502000000001,1
9.92999999999979,20.12061,-9.477098,2.3170855,0.3205402,-0.5056188,-0.75262916,-0.27415094,-10.00152,-4.899988700000001,-0.6222546999999999,-0.10117899,-1.3266793,-1.1451416,,,,,17.309584,-0.5265503,-0.98385406,-1.4882008999999998,1
9.93999999999979,20.020418,-9.525288,2.3106196,0.31874105,-0.5014612,-0.7534429,-0.28154975,-10.036563000000001,-4.7379313,-0.67063993,-0.16748948,-1.2731646,-1.1619756,,,,,17.309584,-0.5265503,-0.98385406,-1.4882008999999998,1
9.94999999999979,19.919882,-9.571857000000001,2.3036792,0.31723043,-0.49707925,-0.7542515000000001,-0.2887686,-10.070394,-4.576194,-0.7171774000000001,-0.22346364,-1.2280022,-1.1779834999999999,,,,,17.309584,-0.5265503,-0.98385406,-1.4882008999999998,1
9.95999999999979,19.819014000000003,-9.616812,2.2962825000000002,0.31596620000000003,-0.4925017,-0.7550441,-0.29584008,-10.103154,-4.4148364,-0.7618680999999999,-0.2707123,-1.1898886,-1.193206,,,,,17.309584,-0.5265503,-0.98385406,-1.4882008999999998,1
9.969999999999791,19.717821,-9.660153999999999,2.288448,0.3149121,-0.4877525,-0.75581145,-0.30279103,-10.134966,-4.253911,-0.8047147,-0.31059608,-1.1577238,-1.2076813999999998,,,,,16.547014,-0.31566098,-0.7487520999999999,-1.50326,1
9.979999999999787,19.616323,-9.701925,2.2801821,0.31408334,-0.48294404,-0.75647473,-0.30962586,-10.164571,-4.100529,-0.848245,-0.31134617,-1.0939411,-1.2221856000000002,,,,,16.547014,-0.31566098,-0.7487520999999999,-1.50326,1
9.989999999999787,19.514532,-9.742166000000001,2.2714891,0.31348982,-0.4781678,-0.7569729000000001,-0.31634974,-10.193458,-3.9476212999999998,-0.8900872,-0.3119856,-1.0401056999999998,-1.235978,,,,,16.547014,-0.31566098,-0.7487520999999999,-1.50326,1
9.999999999999789,19.412457,-9.780878999999999,2.2623857999999997,0.3130956,-0.47341418,-0.7573224000000001,-0.32298374,-10.2217,-3.795197,-0.93031156,-0.31253073,-0.9946661,-1.2490937,,,,,16.547014,-0.31566098,-0.7487520999999999,-1.50326,1
10.009999999999788,19.3101,-9.81807,2.2528882,0.31287006,-0.46867475,-0.7575367,-0.32954505,-10.249358,-3.6432660000000006,-0.9689781999999999,-0.31299555,-0.956313,-1.2615656000000002,,,,,15.779221,-0.067642115,-0.50153935,-1.3656448,1
10.019999999999788,19.207478,-9.853781,2.2429973999999997,0.31282112,-0.46405587,-0.75755614,-0.33601978,-10.27523,-3.4988604,-1.0089751,-0.27467772,-0.88542163,-1.2666727,,,,,15.779221,-0.067642115,-0.50153935,-1.3656448,1
10.029999999999788,19.104597000000002,-9.888049,2.2327135,0.31295228,-0.45964354,-0.7573367,-0.34239640000000005,-10.300637,-3.3549127999999997,-1.0476451999999998,-0.24234395,-0.82558125,-1.2715292999999999,,,,,15.779221,-0.067642115,-0.50153935,-1.3656448,1
10.039999999999788,19.001465,-9.92088,2.222049,0.31323346,-0.45540354,-0.7569099,-0.34869072,-10.325607000000002,-3.2113998,-1.0850905,-0.21505976,-0.7750691,-1.2761476,,,,,15.779221,-0.067642115,-0.50153935,-1.3656448,1
10.049999999999788,18.898087,-9.952278999999999,2.2110157000000004,0.31363922,-0.45130649999999994,-0.75630224,-0.3549157,-10.350164,-3.0683024,-1.1213968,-0.19203670000000003,-0.732431,-1.2805392,,,,,15.271841,0.19492194,-0.3335338,-1.2335346999999999,1
10.059999999999787,18.794468,-9.982271,2.1996147999999995,0.31415403,-0.44743612,-0.7554735,-0.36107242,-10.37355,-2.9301882000000004,-1.1586641000000002,-0.13163793,-0.6702739000000001,-1.2782327,,,,,15.271841,0.19492194,-0.3335338,-1.2335346999999999,1
10.069999999999787,18.690617,-10.010883,2.1878457,0.31476307,-0.44385883,-0.75439495,-0.36716098,-10.396548,-2.7924187000000003,-1.1950094,-0.08066667,-0.61780214,-1.2760394,,,,,15.271841,0.19492194,-0.3335338,-1.2335346999999999,1
10.079999999999789,18.586536,-10.03812,2.1757174,0.3154475,-0.44052795,-0.75310224,-0.37318959999999995,-10.419148,-2.6549547000000002,-1.2305323000000001,-0.03765126,-0.5735063,-1.2739537,,,,,15.271841,0.19492194,-0.3335338,-1.2335346999999999,1
10.089999999999788,18.482232999999997,-10.063984,2.1632373,0.31619173,-0.43740377,-0.75162506,-0.3791649,-10.44134,-2.517763,-1.2653159999999999,-0.0013498254000000002,-0.53611267,-1.2719704,,,,,15.058866,0.39646503,-0.21731283,-0.99688214,1
10.099999999999785,18.377714,-10.088486,2.1504087000000003,0.31697407,-0.43454015,-0.7499496999999999,-0.38507578,-10.462809,-2.3827226,-1.3003265,0.06073453,-0.48644677,-1.2584716999999999,,,,,15.058866,0.39646503,-0.21731283,-0.99688214,1
10.109999999999786,18.272982,-10.111639,2.137233,0.3177748,-0.43197966,-0.74806887,-0.39091092,-10.483835000000001,-2.24788,-1.3347683000000001,0.11312957,-0.44451759999999996,-1.2456353999999998,,,,,15.058866,0.39646503,-0.21731283,-0.99688214,1
10.119999999999786,18.168039999999998,-10.133445,2.1237152000000004,0.31858459999999994,-0.42967567,-0.7460141,-0.39667526,-10.504391,-2.1131954,-1.3687233,0.15734759,-0.40911978,-1.2334288,,,,,15.058866,0.39646503,-0.21731283,-0.99688214,1
10.129999999999786,18.062895,-10.153903999999999,2.1098602000000004,0.31939602,-0.42758852,-0.74381167,-0.402373,-10.524447,-1.9786363,-1.4022589,0.19466464,-0.37923595,-1.2218214,,,,,15.400469000000001,0.48100993,-0.14408638,-0.79382676,1
10.139999999999786,17.957548000000003,-10.173003,2.0956788,0.32020047,-0.42572959999999993,-0.74147004,-0.4079875,-10.544423,-1.8411236,-1.4339603,0.23935385,-0.34259677,-1.2008196000000002,,,,,15.400469000000001,0.48100993,-0.14408638,-0.79382676,1
10.149999999999785,17.852007,-10.190726,2.0811822,0.32098955,-0.42410743,-0.73899865,-0.41350365,-10.563835000000001,-1.7036785,-1.4653556,0.27706832,-0.31166512,-1.1808484,,,,,15.400469000000001,0.48100993,-0.14408638,-0.79382676,1
10.159999999999785,17.746273000000002,-10.207075999999999,2.0663728999999997,0.32175818,-0.42268687,-0.7364193,-0.41892692,-10.582658,-1.5662724,-1.4965018,0.30889663,-0.28555194,-1.1618571000000002,,,,,15.400469000000001,0.48100993,-0.14408638,-0.79382676,1
10.169999999999785,17.640354000000002,-10.222053,2.0512528000000003,0.32250255,-0.4214380999999999,-0.7337501000000001,-0.42426234,-10.600864999999999,-1.428882,-1.5274458,0.33575737,-0.26350690000000004,-1.1437978000000002,,,,,16.197191,0.68663895,-0.03863706,-0.6603139,1
10.179999999999785,17.534252,-10.235619,2.0358417,0.3232087,-0.42041934,-0.73096496,-0.4295111,-10.619342999999999,-1.2843785,-1.5547478000000001,0.39050690000000005,-0.22847329,-1.1200732,,,,,16.197191,0.68663895,-0.03863706,-0.6603139,1
10.189999999999785,17.427969,-10.24774,2.0201583,0.32386404,-0.4196759,-0.7280448,-0.43467325,-10.637102,-1.1398363,-1.5819451999999998,0.43671298,-0.19889578,-1.0975127,,,,,16.197191,0.68663895,-0.03863706,-0.6603139,1
10.199999999999786,17.321512,-10.258415,2.004203,0.32446837,-0.4191669,-0.725013,-0.43975148,-10.654096000000001,-0.9952236999999999,-1.6090986,0.47570896,-0.17392465,-1.0760591,,,,,16.197191,0.68663895,-0.03863706,-0.6603139,1
10.209999999999786,17.21489,-10.267645,1.9879763,0.32502177,-0.41885754,-0.72188914,-0.44474830000000004,-10.67028,-0.8505154,-1.6362576000000002,0.5086202000000001,-0.152843,-1.0556583000000002,,,,,16.66832,0.6089896,-0.3636333,-0.41530725,1
10.219999999999786,17.108107,-10.275405000000001,1.9714881000000002,0.3254324,-0.41864768,-0.71875834,-0.44968888,-10.686063,-0.701484,-1.6613921999999999,0.52425385,-0.18571575,-1.0242361,,,,,16.66832,0.6089896,-0.3636333,-0.41530725,1
10.229999999999785,17.001170000000002,-10.281674,1.9547484,0.32562682,-0.41845724,-0.7156911,-0.45459077,-10.70093,-0.5523514,-1.6865413,0.53745383,-0.21346015,-0.9943558000000001,,,,,16.66832,0.6089896,-0.3636333,-0.41530725,1
10.239999999999785,16.89409,-10.286452,1.9377574,0.32563052,-0.41828588,-0.7126825,-0.45944650000000004,-10.714841,-0.40313882,-1.7116654999999998,0.54859906,-0.23687667,-0.9659418,,,,,16.66832,0.6089896,-0.3636333,-0.41530725,1
10.249999999999785,16.786877,-10.289736999999999,1.9205153000000001,0.32546547,-0.41813320000000004,-0.70972824,-0.4642504,-10.727764,-0.25386637,-1.7367307,0.5580090999999999,-0.25664034,-0.9389219999999999,,,,,17.166422,0.51635444,-0.79312825,-0.10320458,1
10.259999999999785,16.679539000000002,-10.291507000000001,1.9030340000000001,0.32502985,-0.4179049,-0.70691377,-0.46903069999999997,-10.740026,-0.10009681,-1.7595096000000001,0.55147094,-0.34028655,-0.8979130999999999,,,,,17.166422,0.51635444,-0.79312825,-0.10320458,1
10.269999999999785,16.572083,-10.2917385,1.8853258000000002,0.3242427,-0.41752717,-0.704309,-0.47380626,-10.7512045,0.05365243,-1.7820787,0.54596364,-0.41089007,-0.8589165999999999,,,,,17.166422,0.51635444,-0.79312825,-0.10320458,1
10.279999999999786,16.46452,-10.290434,1.8673935000000002,0.32314968,-0.41702685,-0.7018889,-0.47856099999999996,-10.761268,0.20731938,-1.8043243999999998,0.54132396,-0.47048438,-0.8218335999999999,,,,,17.166422,0.51635444,-0.79312825,-0.10320458,1
10.289999999999782,16.356861,-10.287593,1.8492408,0.32178938,-0.41642645,-0.6996319999999999,-0.48328203,-10.77019,0.36084884,-1.8261502,0.53741497,-0.520786,-0.7865703000000001,,,,,17.354418,0.30221590000000004,-1.3356788,0.078596085,1
10.299999999999782,16.249119,-10.283209,1.8308765999999999,0.3200752,-0.41558662,-0.6976357,-0.48800603,-10.778038,0.5158623999999999,-1.8466175,0.50068843,-0.64783525,-0.7441163000000001,,,,,17.354418,0.30221590000000004,-1.3356788,0.078596085,1
10.309999999999784,16.141304,-10.277277,1.8123109,0.31793988,-0.4143974,-0.69597626,-0.49275944,-10.784706,0.6705793999999999,-1.8663862,0.46970463,-0.7550766999999999,-0.70374554,,,,,17.354418,0.30221590000000004,-1.3356788,0.078596085,1
10.319999999999784,16.033428,-10.269798,1.7935518,0.31543952,-0.41291523,-0.6946074000000001,-0.4975191,-10.790192,0.8248953000000001,-1.8852772,0.44356441,-0.8455981,-0.6653558,,,,,17.354418,0.30221590000000004,-1.3356788,0.078596085,1
10.329999999999783,15.925504,-10.260779,1.7746089,0.31262177,-0.4111875,-0.6934891,-0.50226593,-10.794495,0.97871727,-1.903141,0.4215099,-0.9220063000000001,-0.62884986,,,,,17.14791,0.049446084,-1.7584693,0.3138995,1
10.339999999999778,15.817542999999999,-10.250235,1.7554881999999998,0.30944854,-0.40910757,-0.69269586,-0.5070018000000001,-10.797586,1.1301311,-1.9208089,0.36346483,-1.0524176,-0.5825889,,,,,17.14791,0.049446084,-1.7584693,0.3138995,1
10.349999999999778,15.709557,-10.238178999999999,1.7361973999999998,0.3058906,-0.40659225,-0.6922845000000001,-0.5117242000000001,-10.799547,1.2808458,-1.9371396,0.3144852,-1.1624982,-0.5385979999999999,,,,,17.14791,0.049446084,-1.7584693,0.3138995,1
10.359999999999777,15.601556,-10.224621,1.7167506000000001,0.30199683,-0.4037099,-0.69219935,-0.51641273,-10.800410000000001,1.4307379999999998,-1.9519540000000002,0.27315405,-1.2554176000000001,-0.49676567,,,,,17.14791,0.049446084,-1.7584693,0.3138995,1
10.369999999999779,15.493551,-10.209567999999999,1.6971638999999998,0.29780865,-0.40051773,-0.6923925,-0.52105075,-10.800207,1.579696,-1.9651052,0.23827606,-1.3338508999999998,-0.4569861,,,,,16.615326,-0.38050082,-2.023654,0.5775281,1
10.379999999999779,15.385554999999998,-10.193054,1.6774411,0.2933646,-0.3968988,-0.6929401999999999,-0.5255933,-10.799017999999998,1.7230182,-1.9791574,0.14179355,-1.4413917,-0.40622216,,,,,16.615326,-0.38050082,-2.023654,0.5775281,1
10.389999999999779,15.277575500000001,-10.175112,1.6575872,0.28869614,-0.39276263,-0.6939001,-0.5300005999999999,-10.796928,1.8652023999999998,-1.9913166000000002,0.060366087,-1.5321716,-0.35794926,,,,,16.615326,-0.38050082,-2.023654,0.5775281,1
10.399999999999778,15.169620000000002,-10.155754,1.6376218,0.28382605,-0.38818893,-0.6952095,-0.5342676,-10.794038,2.006121,-2.0014381,-0.008356615999999999,-1.6088022,-0.31204509999999996,,,,,16.615326,-0.38050082,-2.023654,0.5775281,1
10.409999999999778,15.061696,-10.134994,1.6175658000000002,0.27877378,-0.3832447,-0.6968146,-0.5383903,-10.790433,2.1456556,-2.0094075,-0.06635788,-1.6734881000000001,-0.26839352,,,,,16.727552,-0.38933352,-2.2937397999999996,0.71132165,1
10.419999999999778,14.953813,-10.112841,1.5974443999999999,0.27347624,-0.37792975,-0.69870925,-0.5423939,-10.786158,2.2846257999999997,-2.0145042,-0.11668743,-1.7702106,-0.22031862,,,,,16.727552,-0.38933352,-2.2937397999999996,0.71132165,1
10.429999999999778,14.845975,-10.089307000000002,1.5772839,0.26788294,-0.3722457,-0.7008846,-0.54629534,-10.781289,2.421957,-2.0172262,-0.15916297,-1.8518534,-0.17460273,,,,,16.727552,-0.38933352,-2.2937397999999996,0.71132165,1
10.439999999999777,14.738189000000002,-10.064407000000001,1.5571085,0.26202685,-0.36624697,-0.7032941,-0.5500805000000001,-10.775868,2.5575166,-2.0174763,-0.1950114,-1.9207668000000002,-0.13113019,,,,,16.727552,-0.38933352,-2.2937397999999996,0.71132165,1
10.449999999999779,14.630459,-10.038163,1.5369433000000001,0.25593635,-0.35997924,-0.70589787,-0.55373794,-10.769932,2.6911817000000005,-2.0151830000000004,-0.2252675,-1.9789352,-0.08979084,,,,,16.431847,-0.31612173,-2.3593717,0.7933549,1
10.459999999999779,14.522789999999999,-10.010603999999999,1.5168048,0.24959758,-0.35348967,-0.70866346,-0.55726844,-10.76362,2.820507,-2.0121151999999998,-0.23938219,-2.0382700000000002,-0.04645463,,,,,16.431847,-0.31612173,-2.3593717,0.7933549,1
10.469999999999779,14.415187,-9.981761,1.4967098,0.24300059999999998,-0.34681755,-0.71156335,-0.56067085,-10.756836,2.947742,-2.0064604,-0.25129515,-2.088352,-0.0052449377000000005,,,,,16.431847,-0.31612173,-2.3593717,0.7933549,1
10.479999999999778,14.307654000000001,-9.951656,1.4766846000000002,0.23617387,-0.33998784,-0.71457225,-0.56393486,-10.749581,3.072777,-1.9981965,-0.26135048,-2.1306243,0.033942595,,,,,16.431847,-0.31612173,-2.3593717,0.7933549,1
10.489999999999778,14.200196,-9.920313,1.4567549,0.22914211,-0.33302143,-0.71766835,-0.5670526,-10.741858,3.1955087000000004,-1.9873148999999997,-0.2698386,-2.1663040000000002,0.07120717,,,,,16.380373000000002,0.19226786,-2.1408925,0.7624241,1
10.499999999999778,14.092818,-9.887757,1.4369454,0.22187561,-0.32613117,-0.7207439,-0.5700385,-10.733678999999999,3.3154682999999996,-1.9741783,-0.19772576,-2.1623422999999997,0.105125375,,,,,16.380373000000002,0.19226786,-2.1408925,0.7624241,1
10.509999999999778,13.985524,-9.8540125,1.4172801000000002,0.21435304,-0.31948853,-0.7237161999999999,-0.5729055000000001,-10.7249365,3.4329898,-1.9585110000000001,-0.13686126,-2.1589959999999997,0.1373792,,,,,16.380373000000002,0.19226786,-2.1408925,0.7624241,1
10.519999999999778,13.878321,-9.819105,1.3977836000000001,0.2066058,-0.31305346,-0.7266008,-0.5756465000000001,-10.715532000000001,3.5480362999999997,-1.9403932000000002,-0.08549098,-2.1561701,0.16805033,,,,,16.380373000000002,0.19226786,-2.1408925,0.7624241,1
10.529999999999776,13.771215,-9.783061,1.3784802999999999,0.19866098,-0.30679175,-0.72940964,-0.57825625,-10.705384,3.6605703999999997,-1.9199018,-0.042133983,-2.1537838,0.19721642,,,,,16.226264999999998,0.43865946,-1.8960235,0.809902,1
10.539999999999775,13.664214999999999,-9.745909,1.3593878000000001,0.19055478,-0.30080435,-0.7321065999999999,-0.5807165,-10.694519999999999,3.7695242999999996,-1.8982553,0.032881975,-2.1135759999999997,0.22728108,,,,,16.226264999999998,0.43865946,-1.8960235,0.809902,1
10.549999999999775,13.557328,-9.707678999999999,1.3405225,0.18231797,-0.29517084,-0.73466676,-0.5830139,-10.682751,3.8759612999999997,-1.8744496,0.09619647,-2.0796378,0.25587046,,,,,16.226264999999998,0.43865946,-1.8960235,0.809902,1
10.559999999999777,13.450563,-9.668398,1.3219056999999999,0.17396483,-0.28983518,-0.7371129,-0.5851518,-10.669985,3.9798918,-1.8485987000000002,0.14963510000000002,-2.0509915000000003,0.28305697,,,,,16.226264999999998,0.43865946,-1.8960235,0.809902,1
10.569999999999776,13.343932999999998,-9.62809,1.3035572,0.16550781,-0.28474970000000005,-0.7394628000000001,-0.5871334,-10.656147,4.0813217,-1.8208066000000003,0.19473808,-2.0268128,0.3089094,,,,,16.247631,0.39732048,-1.8299216,0.8685351,1
10.579999999999776,13.237445999999998,-9.586780000000001,1.2854966,0.15698504,-0.279878,-0.74173564,-0.5889468000000001,-10.641154,4.180383999999999,-1.791002,0.22636032,-1.9960973999999998,0.33637038,,,,,16.247631,0.39732048,-1.8299216,0.8685351,1
10.589999999999776,13.131114000000002,-9.544491,1.267743,0.14842764,-0.27518937,-0.7439474,-0.59058315,-10.624981,4.2769523000000005,-1.7594455000000002,0.25304946,-1.9701723000000002,0.36248386,,,,,16.247631,0.39732048,-1.8299216,0.8685351,1
10.599999999999776,13.02495,-9.501248,1.2503133,0.13983627,-0.2706534,-0.7461069,-0.5920499,-10.60759,4.3710303,-1.7262267,0.27557474,-1.9482905,0.38731593,,,,,16.247631,0.39732048,-1.8299216,0.8685351,1
10.609999999999776,12.918966000000001,-9.457078,1.2332238000000002,0.1312118,-0.266244,-0.748221,-0.5933541,-10.58895,4.4626193,-1.691429,0.29458603,-1.9298216000000001,0.4109295,,,,,15.880064,0.52667224,-1.3601816,0.8751394,1
10.619999999999775,12.813172,-9.412014,1.2164747,0.12266531,-0.26208982,-0.75025797,-0.5944588000000001,-10.569486999999999,4.5497136,-1.6581793000000002,0.33078334,-1.8409718000000002,0.4337084,,,,,15.880064,0.52667224,-1.3601816,0.8751394,1
10.629999999999775,12.70758,-9.366092,1.2000648999999999,0.11428598,-0.2582929,-0.75219774,-0.59533864,-10.548753999999999,4.634457599999999,-1.6235928999999998,0.361336,-1.7659793000000001,0.45536956,,,,,15.880064,0.52667224,-1.3601816,0.8751394,1
10.639999999999777,12.6022005,-9.319333,1.184007,0.10604526,-0.25479677,-0.75405955,-0.59601444,-10.526733,4.716934999999999,-1.5877913000000001,0.38712418,-1.7026825,0.47596776,,,,,15.880064,0.52667224,-1.3601816,0.8751394,1
10.649999999999777,12.497048,-9.27176,1.1683128,0.097919084,-0.25155340000000004,-0.7558581999999999,-0.59650403,-10.503407000000001,4.797217400000001,-1.5508811000000002,0.40889105,-1.6492578000000002,0.49555522,,,,,15.48066,0.6056264,-1.0218873,0.8472728,1
10.659999999999776,12.392134,-9.223405,1.1529757999999999,0.08997171,-0.24862637,-0.75758296,-0.5967948000000001,-10.479379,4.8734074,-1.5163825,0.4395577,-1.551405,0.5128140999999999,,,,,15.48066,0.6056264,-1.0218873,0.8472728,1
10.669999999999776,12.287465,-9.174298,1.1379881,0.08225374,-0.24606456,-0.7592279000000001,-0.5968798000000001,-10.454055,4.9476285,-1.4810115,0.46544427,-1.4688135,0.52922606,,,,,15.48066,0.6056264,-1.0218873,0.8472728,1
10.679999999999776,12.183057000000002,-9.124458,1.123358,0.07472793,-0.24381013,-0.76080954,-0.5967806,-10.427425999999999,5.019987599999999,-1.4448736999999998,0.48729596,-1.3991033000000002,0.5448327,,,,,15.48066,0.6056264,-1.0218873,0.8472728,1
10.689999999999776,12.078921000000001,-9.073903999999999,1.109093,0.067362845,-0.24181402,-0.7623406,-0.59651566,-10.3994875,5.0905747,-1.4080606000000002,0.5057417000000001,-1.3402653,0.5596734999999999,,,,,14.543455999999999,0.83001345,-0.58033466,0.7361681999999999,1
10.699999999999775,11.975062,-9.022674,1.0951579,0.060216624,-0.24020767,-0.7637901,-0.5960746,-10.372002,5.155307,-1.3788611000000002,0.5562756,-1.2217329,0.56833416,,,,,14.543455999999999,0.83001345,-0.58033466,0.7361681999999999,1
10.709999999999773,11.871485,-8.970803,1.0815172,0.053334884000000006,-0.23909363,-0.76513517,-0.5954524999999999,-10.343257000000001,5.2185926,-1.3492131,0.5989339,-1.121688,0.5765698,,,,,14.543455999999999,0.83001345,-0.58033466,0.7361681999999999,1
10.719999999999773,11.768201,-8.918305,1.0681747,0.046676166,-0.2383942,-0.7663951999999999,-0.5946710999999999,-10.313234,5.2805705000000005,-1.3192178999999997,0.6349442,-1.0372474,0.58440137,,,,,14.543455999999999,0.83001345,-0.58033466,0.7361681999999999,1
10.729999999999773,11.665224,-8.865194,1.0551336,0.04020536,-0.23804360000000002,-0.7675854,-0.59374845,-10.281917,5.3413577000000005,-1.2889625,0.66534275,-0.9659773000000001,0.5918486,,,,,14.115332,0.9520687,-0.28164079999999997,0.6049295,1
10.739999999999773,11.562562,-8.811491,1.0423771000000002,0.03395948,-0.23809405,-0.76869184,-0.5926859,-10.25025,5.399303400000001,-1.2623086000000001,0.7100169,-0.85923773,0.5924904999999999,,,,,14.115332,0.9520687,-0.28164079999999997,0.6049295,1
10.749999999999773,11.460223,-8.757211999999999,1.0298878,0.02796708,-0.23858406,-0.7697038,-0.5914874,-10.217298,5.45633,-1.2355638999999998,0.7477303000000001,-0.769147,0.5931009,,,,,14.115332,0.9520687,-0.28164079999999997,0.6049295,1
10.759999999999774,11.35822,-8.702366,1.017666,0.022189242999999997,-0.23944381,-0.7706354000000001,-0.5901704000000001,-10.183047,5.5125627999999995,-1.2088085,0.7795678,-0.69310814,0.59368134,,,,,14.115332,0.9520687,-0.28164079999999997,0.6049295,1
10.769999999999774,11.256566000000001,-8.646962,1.0057116,0.016593011,-0.24061428,-0.7714979999999999,-0.5887495,-10.1474905,5.5681105,-1.1821118999999998,0.8064446,-0.6289294,0.5942333000000001,,,,,14.007814000000002,1.0513563,0.10476194,0.6254776,1
10.779999999999774,11.155274,-8.591008,0.9940187,0.011245901,-0.24216723,-0.77229035,-0.58719844,-10.1109,5.622655,-1.1564871,0.8445947,-0.51449496,0.5957664,,,,,14.007814000000002,1.0513563,0.10476194,0.6254776,1
10.789999999999774,11.054355000000001,-8.534511,0.9825811,0.006200041,-0.24415684,-0.77301276,-0.5854964,-10.073007,5.676758,-1.131061,0.87680215,-0.41790885,0.59722435,,,,,14.007814000000002,1.0513563,0.10476194,0.6254776,1
10.799999999999773,10.953819000000001,-8.477474,0.9713965,0.0014089067000000002,-0.24651320000000002,-0.77367514,-0.5836624,-10.0338125,5.7305546,-1.1059072,0.90399235,-0.33638713,0.59861076,,,,,14.007814000000002,1.0513563,0.10476194,0.6254776,1
10.809999999999773,10.8536825,-8.419901,0.9604618,-0.003166847,-0.24917726,-0.7742852,-0.58171207,-9.993323,5.784161599999999,-1.0810896,0.9269473,-0.26758027,0.5999291,,,,,13.631689999999999,0.57932264,0.49346456,0.62785625,1
10.819999999999773,10.753950999999999,-8.361799000000001,0.94975686,-0.007330341,-0.25204334,-0.7748972,-0.57962096,-9.95268,5.8362455,-1.0599521,0.8726893,-0.1489161,0.60129946,,,,,13.631689999999999,0.57932264,0.49346456,0.62785625,1
10.829999999999773,10.654632000000001,-8.303175999999999,0.9392613000000001,-0.010927686499999999,-0.25502515,-0.77555764,-0.5773723000000001,-9.910891000000001,5.8883686,-1.0392286,0.82689977,-0.048754387,0.6026026,,,,,13.631689999999999,0.57932264,0.49346456,0.62785625,1
10.839999999999769,10.555736,-8.244031,0.9289708000000001,-0.014047441,-0.25810286,-0.7762600000000001,-0.57498837,-9.868062,5.940646,-1.0189435,0.788257,0.035789885,0.6038418000000001,,,,,13.631689999999999,0.57932264,0.49346456,0.62785625,1
10.849999999999769,10.4572735,-8.184361,0.9188808,-0.016764328000000002,-0.2612598,-0.7769979,-0.5724876,-9.824286,5.993176,-0.99911743,0.7556457,0.10715173,0.60502017,,,,,13.876953,0.25560948,0.7488196999999999,0.6921544,1
10.859999999999769,10.359257000000001,-8.124161,0.90899736,-0.018990008,-0.26443940000000005,-0.77780586,-0.56985503,-9.77885,6.046996,-0.9776521,0.6776254,0.20719074,0.60929585,,,,,13.876953,0.25560948,0.7488196999999999,0.6921544,1
10.869999999999768,10.261699,-8.063419,0.8993261,-0.020658346,-0.26759598,-0.7787123,-0.56707895,-9.732669999999999,6.101258799999999,-0.95667225,0.61177814,0.29163307,0.6133618000000001,,,,,13.876953,0.25560948,0.7488196999999999,0.6921544,1
10.879999999999768,10.164606,-8.002132000000001,0.88986224,-0.02185732,-0.27073097,-0.7797026,-0.5641778000000001,-9.685878,6.156053,-0.9361761999999999,0.55620456,0.3629104,0.61722815,,,,,13.876953,0.25560948,0.7488196999999999,0.6921544,1
10.889999999999768,10.067982,-7.940295,0.8806009,-0.022661082000000003,-0.2738457,-0.7807639000000001,-0.56116724,-9.638584,6.211454,-0.916162,0.5093017,0.42307526,0.6209048,,,,,14.741009,-0.42660144,0.89249694,0.8499003,1
10.89999999999977,9.971849,-7.877883,0.871574,-0.022939714,-0.27675977,-0.7819719,-0.55803555,-9.587933,6.271015,-0.8892960999999999,0.36331517,0.49622506,0.63214165,,,,,14.741009,-0.42660144,0.89249694,0.8499003,1
10.90999999999977,9.876224,-7.814872,0.8628135,-0.022595162999999998,-0.2793299,-0.7833886,-0.5547724,-9.537065,6.331338,-0.8628838,0.24009898,0.5579743,0.6428271,,,,,14.741009,-0.42660144,0.89249694,0.8499003,1
10.919999999999769,9.781108,-7.751253599999999,0.85431504,-0.02172774,-0.281607,-0.7849835000000001,-0.551391,-9.486184,6.392462,-0.8368683000000001,0.13610165,0.61010027,0.6529881999999999,,,,,14.741009,-0.42660144,0.89249694,0.8499003,1
10.929999999999769,9.6865,-7.6870202999999995,0.84607494,-0.020421801,-0.28363398,-0.7867295999999999,-0.54790235,-9.435461,6.454418,-0.81120104,0.04832554,0.6541028,0.66265076,,,,,15.211569,-0.95663655,0.93119085,0.99859834,1
10.939999999999769,9.592406,-7.6221523,0.8381097,-0.018625412,-0.28528816,-0.7886736,-0.54430085,-9.383448,6.5192337,-0.7818936,-0.108423695,0.6972459,0.6791358000000001,,,,,15.211569,-0.95663655,0.93119085,0.99859834,1
10.949999999999768,9.49883,-7.5566325,0.8304362,-0.016302472,-0.28647340000000004,-0.7908516999999999,-0.54057974,-9.331974,6.584931,-0.7528187,-0.24072558,0.7336686,0.69481194,,,,,15.211569,-0.95663655,0.93119085,0.99859834,1
10.959999999999768,9.405764999999999,-7.490451299999999,0.8230527,-0.013539456000000002,-0.28725900000000004,-0.7932269000000001,-0.5367455,-9.281246000000001,6.651501700000001,-0.72389823,-0.35239276,0.7644183000000001,0.7097188,,,,,15.211569,-0.95663655,0.93119085,0.99859834,1
10.969999999999768,9.313202,-7.4236,0.81595796,-0.010408961999999999,-0.2877035,-0.7957665,-0.53280365,-9.231442,6.7189345000000005,-0.69506747,-0.4466436,0.79037875,0.7238941999999999,,,,,14.845926,-1.6733061999999999,0.69751084,1.0539602,1
10.97999999999977,9.221127000000001,-7.356078599999999,0.8091361,-0.006896096700000001,-0.28757787,-0.7985270999999999,-0.5287831000000001,-9.183896,6.785563499999999,-0.6693129,-0.6379423000000001,0.7757991999999999,0.74009067,,,,,14.845926,-1.6733061999999999,0.69751084,1.0539602,1
10.98999999999977,9.129519,-7.287886599999999,0.8025720999999999,-0.002993809,-0.28670245,-0.8015509,-0.52470434,-9.137621000000001,6.852922400000001,-0.6434715,-0.7994085,0.76350445,0.7554923000000001,,,,,14.845926,-1.6733061999999999,0.69751084,1.0539602,1
10.999999999999769,9.038368,-7.219017999999999,0.79626733,0.0012315575999999999,-0.28518897,-0.8047909000000001,-0.52056026,-9.092825,6.920911299999999,-0.6174308000000001,-0.93569446,0.75313693,0.7701382,,,,,14.845926,-1.6733061999999999,0.69751084,1.0539602,1
11.009999999999769,8.947658,-7.149466499999999,0.79022443,0.0057245353,-0.28313184,-0.8082060000000001,-0.5163452000000001,-9.049685499999999,6.989437,-0.5911,-1.0507269,0.74439496,0.7840655,,,,,15.347207999999998,-2.6228792999999997,0.5444045,1.4201096000000002,1
11.019999999999769,8.857375,-7.079216000000001,0.7844677,0.010571873999999998,-0.28027135,-0.8118901,-0.5120315,-9.006973,7.060732000000001,-0.56018037,-1.2959018,0.7130554,0.8152763000000001,,,,,15.347207999999998,-2.6228792999999997,0.5444045,1.4201096000000002,1
11.029999999999768,8.767509,-7.008251,0.77902263,0.01583637,-0.27640316,-0.815912,-0.50758636,-8.966408,7.13232,-0.528732,-1.5028424999999999,0.68661565,0.8449556999999999,,,,,15.347207999999998,-2.6228792999999997,0.5444045,1.4201096000000002,1
11.039999999999766,8.678038,-6.936569,0.77389526,0.021443568,-0.2716752,-0.8202021,-0.50299805,-8.92825,7.204028599999999,-0.49662045,-1.6775118000000002,0.66431123,0.8731787,,,,,15.347207999999998,-2.6228792999999997,0.5444045,1.4201096000000002,1
11.049999999999766,8.588935000000001,-6.86417,0.7690928000000001,0.027331324,-0.2662124,-0.82469964,-0.49825722,-8.892721,7.2756953,-0.46374449999999995,-1.8249421000000001,0.6454962,0.9000168,,,,,15.783524,-3.0014062000000004,0.22437619,1.6203862,1
11.059999999999766,8.500178,-6.7910449999999996,0.76464194,0.033410486,-0.25993234,-0.8294069,-0.49336496,-8.859083,7.3491883,-0.42627725,-2.0083860000000002,0.57966906,0.9353655000000001,,,,,15.783524,-3.0014062000000004,0.22437619,1.6203862,1
11.069999999999766,8.411742,-6.717187400000001,0.76057047,0.039605785,-0.25277483,-0.8343200000000001,-0.48831579999999997,-8.828536,7.4222474,-0.38784742,-2.1632247000000002,0.5241198,0.9689796,,,,,15.783524,-3.0014062000000004,0.22437619,1.6203862,1
11.079999999999766,8.323596,-6.642602,0.75688845,0.04588856,-0.24486770000000002,-0.8393805,-0.4830945,-8.801249,7.4946427,-0.3483783,-2.293919,0.477245,1.0009443,,,,,15.783524,-3.0014062000000004,0.22437619,1.6203862,1
11.089999999999767,8.235705000000001,-6.567297,0.75360656,0.052235287000000005,-0.23631932,-0.8445372999999999,-0.47768942,-8.777358999999999,7.566162599999999,-0.30782357,-2.4042343999999995,0.43769090000000005,1.0313405,,,,,16.929953,-2.9102382999999996,-0.25512412,1.5702133999999999,1
11.099999999999767,8.148044,-6.4912567,0.7507864000000001,0.05844834,-0.22716123,-0.8497454,-0.47214416,-8.755493,7.641715,-0.2560081,-2.4830785,0.32955125,1.0577831,,,,,16.929953,-2.9102382999999996,-0.25512412,1.5702133999999999,1
11.109999999999767,8.060582,-6.414468,0.7484906,0.06437000000000001,-0.21742564,-0.8549688,-0.46649405,-8.737416,7.715841,-0.20298082,-2.549635,0.23828383,1.0829282,,,,,16.929953,-2.9102382999999996,-0.25512412,1.5702133999999999,1
11.119999999999767,7.9732833,-6.336945500000001,0.74673104,0.070036575,-0.20719835,-0.8601779,-0.46072072,-8.723125999999999,7.788281,-0.1487352,-2.6058192000000004,0.16125703,1.1068394,,,,,16.929953,-2.9102382999999996,-0.25512412,1.5702133999999999,1
11.129999999999766,7.886108,-6.2587085,0.74552,0.075479314,-0.19655204,-0.8653460999999999,-0.45480993,-8.712617999999999,7.8587985,-0.09328515,-2.6532478,0.09624916,1.1295773,,,,,16.895788,-2.8513145,-0.6190269,1.6784548,1
11.139999999999766,7.7990184000000005,-6.1797775999999995,0.7448678000000001,0.080585554,-0.18550405,-0.8704630999999999,-0.44876942,-8.705879,7.927035000000001,-0.0369714,-2.684054,-0.015367579,1.156511,,,,,16.895788,-2.8513145,-0.6190269,1.6784548,1
11.149999999999766,7.7119775,-6.1001763,0.7447845000000001,0.085267015,-0.17407323,-0.87552077,-0.44260278,-8.702816,7.992888499999999,0.02048918,-2.7100656,-0.1095726,1.182123,,,,,16.895788,-2.8513145,-0.6190269,1.6784548,1
11.159999999999766,7.6249495,-6.019928500000001,0.7452814,0.08958174,-0.16231836,-0.88049984,-0.43629533,-8.703339,8.056125999999999,0.07906042,-2.7320293999999996,-0.189082,1.2064781,,,,,16.895788,-2.8513145,-0.6190269,1.6784548,1
11.169999999999767,7.537899,-5.9390626,0.7463694000000001,0.093579285,-0.15028921,-0.88538283,-0.4298361,-8.707360000000001,8.116538,0.13869208,-2.7505752999999995,-0.25618762,1.2296382,,,,,17.984968,-2.5697593999999997,-1.5879138000000002,2.0933596999999997,1
11.179999999999767,7.450789,-5.8575892,0.7481099,0.096902214,-0.1379673,-0.89019614,-0.4232393,-8.715247999999999,8.17762,0.20956202,-2.7221982000000002,-0.46392217,1.2720214,,,,,17.984968,-2.5697593999999997,-1.5879138000000002,2.0933596999999997,1
11.189999999999767,7.3635826,-5.7755220000000005,0.7505643,0.0992685,-0.12534508,-0.8949655000000001,-0.4165054,-8.726479,8.235182,0.28147528,-2.6982636,-0.6392591,1.3123246000000002,,,,,17.984968,-2.5697593999999997,-1.5879138000000002,2.0933596999999997,1
11.199999999999767,7.2762485,-5.6928988,0.7537428,0.10081923,-0.11247529,-0.89967227,-0.40960988,-8.740753999999999,8.288935,0.35440370000000004,-2.6780777000000002,-0.7872509,1.3506503,,,,,17.984968,-2.5697593999999997,-1.5879138000000002,2.0933596999999997,1
11.209999999999766,7.188758,-5.609758,0.7576556,0.101674326,-0.09940184,-0.90429735,-0.40253395,-8.757813,8.33863,0.42830193,-2.6610541000000003,-0.912162,1.3870953000000001,,,,,15.199456,-1.9048815,-1.9604659,1.6433418999999998,1
11.219999999999766,7.1010979999999995,-5.526177400000001,0.7621781999999999,0.10169995,-0.08633748,-0.9087915999999999,-0.39535606,-8.774353,8.37702,0.47633043,-2.542973,-1.0755587,1.3996693999999998,,,,,15.199456,-1.9048815,-1.9604659,1.6433418999999998,1
11.229999999999762,7.0132639999999995,-5.442231,0.7671846,0.10079811,-0.07345481,-0.91312146,-0.388148,-8.792694000000001,8.411679,0.5250748000000001,-2.4433279999999997,-1.2134877,1.4116266000000002,,,,,15.199456,-1.9048815,-1.9604659,1.6433418999999998,1
11.239999999999762,6.925239,-5.357957,0.77268183,0.09911095,-0.060732695999999996,-0.91728854,-0.38088816,-8.812513000000001,8.442516,0.57447845,-2.3592405,-1.329919,1.4229968000000002,,,,,15.199456,-1.9048815,-1.9604659,1.6433418999999998,1
11.249999999999762,6.83701,-5.2733935999999995,0.77867615,0.09675863400000001,-0.048152454000000004,-0.92129153,-0.37355936,-8.833522,8.469456,0.62447965,-2.2882826,-1.4282027,1.4338091999999998,,,,,14.286461,-1.7424896,-2.4188762,1.70619,1
11.259999999999762,6.7485729999999995,-5.1885886,0.78512865,0.093648985,-0.035690486,-0.9251443000000001,-0.36615529999999996,-8.854136,8.491052,0.6660858000000001,-2.2030087000000003,-1.5826374,1.4471749,,,,,14.286461,-1.7424896,-2.4188762,1.70619,1
11.269999999999762,6.659926,-5.103586,0.7919994,0.08971407,-0.023328722000000003,-0.92885464,-0.35866675,-8.87533,8.508847,0.70814055,-2.1310540000000002,-1.7129984,1.4598848999999998,,,,,14.286461,-1.7424896,-2.4188762,1.70619,1
11.27999999999976,6.571065400000001,-5.018425,0.7992928,0.08508049,-0.011059068,-0.9324101,-0.3510784,-8.89682,8.522772999999999,0.7505871000000001,-2.0703386999999998,-1.8230383000000001,1.4719712,,,,,14.286461,-1.7424896,-2.4188762,1.70619,1
11.28999999999976,6.4819894,-4.933144,0.8070123,0.07985546,0.0011257441,-0.93579835,-0.34337884,-8.918358999999999,8.532776,0.79335964,-2.0191073,-1.9159251,1.4834644,,,,,15.62631,-1.9436948,-3.8650417,2.617364,1
11.29999999999976,6.3926888,-4.8477798,0.81522703,0.07361489,0.013495443999999999,-0.9390857,-0.33544356,-8.941699,8.539357,0.84962445,-2.006973,-2.2199497000000004,1.5391052,,,,,15.62631,-1.9436948,-3.8650417,2.617364,1
11.309999999999759,6.303158,-4.762373,0.82400554,0.06602537,0.026258325,-0.9423023000000001,-0.32714427,-8.964416499999999,8.541354,0.9061085999999999,-1.996763,-2.4765596000000003,1.5920156,,,,,15.62631,-1.9436948,-3.8650417,2.617364,1
11.319999999999759,6.213404,-4.676969000000001,0.8333497,0.05729432,0.039338008,-0.9453845,-0.31847098,-8.986092999999999,8.538533000000001,0.9627288,-1.9881746999999999,-2.693149,1.6423298,,,,,15.62631,-1.9436948,-3.8650417,2.617364,1
11.329999999999758,6.1234407,-4.5916185,0.8432603000000001,0.047598757,0.052670114000000004,-0.94827527,-0.30941862,-9.006347,8.530714999999999,1.0193691999999999,-1.9809531999999999,-2.8759593999999997,1.690175,,,,,15.675254999999998,-1.9753971000000001,-3.9485197,2.5470574,1
11.33999999999976,6.0332828,-4.5063724999999994,0.8537392,0.037061717,0.066222794,-0.9509214,-0.29999197,-9.024889,8.517726,1.0763706,-1.9798197,-3.0432777,1.7322224,,,,,15.675254999999998,-1.9753971000000001,-3.9485197,2.5470574,1
11.34999999999976,5.94295,-4.421282,0.86478674,0.025789992999999997,0.0799672,-0.95327365,-0.29019865,-9.041328,8.499488000000001,1.1330798999999998,-1.9788879000000001,-3.1845002,1.7722067,,,,,15.675254999999998,-1.9753971000000001,-3.9485197,2.5470574,1
11.35999999999976,5.852464,-4.3364,0.87639916,0.013902416,0.09385679,-0.95529014,-0.28004324,-9.055366000000001,8.475936,1.1893071000000002,-1.9781244999999998,-3.3036969,1.8102287000000001,,,,,15.675254999999998,-1.9753971000000001,-3.9485197,2.5470574,1
11.36999999999976,5.761851999999999,-4.2517805,0.88857055,0.0015013085,0.10785165,-0.9569344999999999,-0.2695329,-9.066725,8.447042999999999,1.2448453000000002,-1.9775006000000002,-3.4043023999999997,1.8463851000000002,,,,,15.963370999999999,-2.30707,-3.890315,2.4747288,1
11.37999999999976,5.6711392,-4.1674805,0.90130705,-0.01126853,0.12203824,-0.9581575999999999,-0.25868818,-9.075314,8.412183,1.3022791,-2.0287359,-3.4801983999999995,1.8772182000000002,,,,,15.963370999999999,-2.30707,-3.890315,2.4747288,1
11.389999999999759,5.580357,-4.0835557,0.9146120999999999,-0.024287831,0.13648246,-0.9589141999999999,-0.24753188,-9.080729,8.371879,1.3585353999999998,-2.071996,-3.5442483,1.9065381999999997,,,,,15.963370999999999,-2.30707,-3.890315,2.4747288,1
11.399999999999759,5.489537,-4.0000615,0.92847276,-0.037508305,0.15112405,-0.9591811,-0.23607644,-9.082799000000001,8.326144000000001,1.4133524,-2.1085234,-3.598301,1.9344195,,,,,15.963370999999999,-2.30707,-3.890315,2.4747288,1
11.409999999999759,5.3987136,-3.9170513,0.94287324,-0.050887123,0.16591078,-0.9589389000000001,-0.22433472,-9.081366000000001,8.275030000000001,1.4664633999999999,-2.139366,-3.6439166,1.9609326,,,,,16.825854999999997,-2.2212074,-3.4417242999999993,2.5401783,1
11.419999999999757,5.307924,-3.8345937999999995,0.9578356,-0.06422033,0.18072581,-0.95819145,-0.21234137,-9.076012,8.215578,1.5256653,-2.1521022000000003,-3.6124407999999995,1.9893563000000003,,,,,16.825854999999997,-2.2212074,-3.4417242999999993,2.5401783,1
11.429999999999756,5.2172074,-3.752758,0.97337854,-0.077342585,0.19547729,-0.95695376,-0.2001302,-9.066741,8.150714,1.5825288,-2.1628506,-3.5858697999999998,2.0163849999999996,,,,,16.825854999999997,-2.2212074,-3.4417242999999993,2.5401783,1
11.439999999999756,5.126603,-3.6715972000000003,0.98947734,-0.09027045,0.21015617,-0.95522535,-0.18771248,-9.053503,8.080627999999999,1.6368091999999999,-2.1719213,-3.563439,2.042088,,,,,16.825854999999997,-2.2212074,-3.4417242999999993,2.5401783,1
11.449999999999756,5.0361514000000005,-3.5911623999999995,1.0061050999999999,-0.103016876,0.22475340000000002,-0.95300555,-0.1750991,-9.036245,8.005519999999999,1.6882688999999997,-2.179576,-3.5445025,2.0665294999999997,,,,,17.779329999999998,-2.2688862999999997,-3.1943808,2.8687766,1
11.459999999999757,4.945898000000001,-3.5115254,1.023274,-0.11548506,0.23926570000000003,-0.9503073000000001,-0.16228703,-9.013716,7.921072000000001,1.7449821,-2.1934874,-3.4899762,2.105896,,,,,17.779329999999998,-2.2688862999999997,-3.1943808,2.8687766,1
11.469999999999757,4.8558917,-3.4327574,1.0409929,-0.12759669999999998,0.25369197,-0.9471447000000001,-0.14927284,-8.986889999999999,7.831775,1.7982516,-2.2052248,-3.4439483,2.1433307999999998,,,,,17.779329999999998,-2.2688862999999997,-3.1943808,2.8687766,1
11.479999999999757,4.7661753,-3.3549056000000004,1.0592264,-0.13938545,0.26802576,-0.94351774,-0.13606669,-8.955775,7.7378716,1.8478689,-2.2151277,-3.4050937000000006,2.1789286,,,,,17.779329999999998,-2.2688862999999997,-3.1943808,2.8687766,1
11.489999999999757,4.6767907,-3.2780150000000003,1.0779370000000001,-0.15087879,0.28225988,-0.93942577,-0.122678645,-8.92037,7.639609,1.8936346000000002,-2.2234833,-3.3722942000000002,2.2127795,,,,,18.74629,-2.5469868,-3.0191116,3.6583754999999996,1
11.499999999999757,4.5877924000000005,-3.202155,1.0971233999999999,-0.16199225,0.29649767,-0.9348574000000001,-0.10906435,-8.87852,7.5316644,1.9429610000000002,-2.2738593,-3.317393,2.2837152,,,,,18.74629,-2.5469868,-3.0191116,3.6583754999999996,1
11.509999999999756,4.499235,-3.1273959,1.1167808000000001,-0.17265508,0.31082183,-0.9297992,-0.09518061,-8.832196000000001,7.419611,1.987816,-2.3163784,-3.2710414,2.3511702999999997,,,,,18.74629,-2.5469868,-3.0191116,3.6583754999999996,1
11.519999999999756,4.411164,-3.0537765,1.1368636,-0.18290551,0.32519644,-0.9242464,-0.08103956,-8.7814455,7.303677599999999,2.0279974999999997,-2.3522666,-3.2319063999999997,2.4153152,,,,,18.74629,-2.5469868,-3.0191116,3.6583754999999996,1
11.529999999999756,4.3236217,-2.981335,1.157324,-0.19277468,0.33958882,-0.9181942,-0.066653855,-8.726302,7.184108,2.0633154,-2.3825576,-3.1988635,2.4763126,,,,,18.6298,-1.9742886999999998,-2.3024507,3.8919842000000004,1
11.539999999999758,4.236651,-2.9101024,1.1781085,-0.20202982,0.353749,-0.9117789000000001,-0.052064545,-8.667176,7.0619380000000005,2.0928144,-2.3189747000000005,-3.0590707999999998,2.5457799999999997,,,,,18.6298,-1.9742886999999998,-2.3024507,3.8919842000000004,1
11.549999999999757,4.1502930000000005,-2.8401065,1.1991631,-0.21048696,0.36748934,-0.9051304,-0.03730686,-8.603852999999999,6.9367776,2.1173043,-2.2652897999999997,-2.9410849999999997,2.6118386,,,,,18.6298,-1.9742886999999998,-2.3024507,3.8919842000000004,1
11.559999999999757,4.064588,-2.7713757,1.2204375,-0.21823534,0.38086402,-0.89823204,-0.022385642,-8.536472999999999,6.808981,2.1368115000000003,-2.219961,-2.8415043,2.6746557,,,,,18.6298,-1.9742886999999998,-2.3024507,3.8919842000000004,1
11.569999999999757,3.9795768,-2.7039347,1.2418822,-0.22535035,0.39391568,-0.8910669,-0.007306774,-8.465147,6.678878999999999,2.1513605,-2.1816876,-2.7574575,2.7343903,,,,,16.100929999999998,-0.6020187,-0.64959526,3.0365505,1
11.579999999999757,3.8952475,-2.6377153,1.2633742000000001,-0.23135278,0.40616935,-0.8839961,0.0076897573,-8.400209,6.56473,2.1464002,-1.9359009999999999,-2.4283185,2.7492172999999998,,,,,16.100929999999998,-0.6020187,-0.64959526,3.0365505,1
11.589999999999756,3.8115826,-2.5726447,1.284797,-0.23587936,0.41727573,-0.8773519000000001,0.02239412,-8.332277000000001,6.4492297,2.1375592,-1.7283598000000002,-2.1505718,2.7633169,,,,,16.100929999999998,-0.6020187,-0.64959526,3.0365505,1
11.599999999999756,3.7286108000000002,-2.5087345,1.3061136,-0.23914514,0.42742902,-0.8710697000000001,0.036842816,-8.261667999999998,6.332696400000001,2.1252325,-1.5531121,-1.9161933999999998,2.7767242999999997,,,,,16.100929999999998,-0.6020187,-0.64959526,3.0365505,1
11.609999999999756,3.6463574999999997,-2.4459934,1.3272909,-0.24133182,0.4367871,-0.865086,0.051068097,-8.188651,6.2153797,2.1097672000000003,-1.4051327,-1.7184119999999998,2.7894740000000002,,,,,12.231137,0.8269398000000001,0.4026148,2.1775186,1
11.619999999999758,3.5647553999999997,-2.3842874,1.348203,-0.24224484,0.44498554,-0.85970426,0.064959295,-8.131542999999999,6.1258273,2.07232,-1.0576711,-1.3869867,2.7594452,,,,,12.231137,0.8269398000000001,0.4026148,2.1775186,1
11.629999999999757,3.4837317000000003,-2.3234779999999997,1.3687316,-0.24174428,0.4517532,-0.8551815,0.07841657,-8.073049000000001,6.036032,2.033171,-0.7642899999999999,-1.1073575,2.7308898,,,,,12.231137,0.8269398000000001,0.4026148,2.1775186,1
11.639999999999757,3.4032989000000002,-2.2635669999999997,1.388862,-0.24004509,0.45732799999999996,-0.85139084,0.09148216,-8.013422,5.9461527,1.992746,-0.5165733,-0.8714280000000001,2.7037356,,,,,12.231137,0.8269398000000001,0.4026148,2.1775186,1
11.649999999999752,3.3234665,-2.2045546000000003,1.4085834,-0.23732848,0.4619038,-0.8482156,0.10419349,-7.9528832,5.8563019999999995,1.951409,-0.30741492,-0.67236805,2.677914,,,,,10.264585499999999,2.485916,1.3410833,0.95053023,1
11.659999999999751,3.2441942999999998,-2.146368,1.4278431,-0.23342745,0.46508320000000003,-0.84596545,0.11643753,-7.9014874000000015,5.780998,1.9004688000000003,0.12763444,-0.3576184,2.5931504000000003,,,,,10.264585499999999,2.485916,1.3410833,0.95053023,1
11.669999999999751,3.1654382,-2.0889335,1.4465927,-0.22822133,0.4665603,-0.84488535,0.12810612,-7.849737599999999,5.705901,1.8494714,0.49495372,-0.09211128,2.5125465,,,,,10.264585499999999,2.485916,1.3410833,0.95053023,1
11.679999999999753,3.0872,-2.0322487000000002,1.4648337,-0.22191337,0.46659896,-0.8447832000000001,0.13923779,-7.7978773,5.6311029999999995,1.798827,0.805083,0.13186258,2.4358978,,,,,10.264585499999999,2.485916,1.3410833,0.95053023,1
11.689999999999753,3.00948,-1.9763101000000003,1.4825715,-0.21467476,0.46541520000000003,-0.84548753,0.14986691,-7.746128999999999,5.5566716,1.7488754000000002,1.0669233,0.32080513,2.3630104,,,,,10.390737,4.239679,2.3863282000000003,-0.85451156,1
11.699999999999752,2.9323595,-1.921234,1.4998938999999998,-0.20608565,0.46287295,-0.84722114,0.1596856,-7.678306,5.4590106,1.7156116999999997,1.463816,0.74072295,2.2344751,,,,,10.390737,4.239679,2.3863282000000003,-0.85451156,1
11.709999999999752,2.8559048,-1.8671197,1.5168841999999998,-0.19581302,0.45888686,-0.8501321,0.16840826,-7.61309,5.3643217000000005,1.68251,1.7931156000000004,1.1008474,2.1091235,,,,,10.390737,4.239679,2.3863282000000003,-0.85451156,1
11.719999999999752,2.7800872,-1.8139375,1.5335459999999999,-0.18410899,0.45368215,-0.85397464,0.17609523,-7.5508995,5.272523400000001,1.6499506000000002,2.0659256,1.4099452,1.9868761000000001,,,,,10.390737,4.239679,2.3863282000000003,-0.85451156,1
11.729999999999752,2.704875,-1.7616593999999997,1.549886,-0.17118903,0.4474416,-0.8585338,0.1828003,-7.4920789999999995,5.183535,1.6181806,2.2915650000000003,1.6754681,1.8676564999999998,,,,,11.360472,5.495486,3.278675,-1.7432584999999998,1
11.739999999999752,2.6302967,-1.7103563999999998,1.5659895000000001,-0.15681662,0.44001190000000007,-0.8638935,0.18839301,-7.424331,5.0775785,1.602737,2.6446612000000003,2.0719345000000002,1.7248194,,,,,11.360472,5.495486,3.278675,-1.7432584999999998,1
11.749999999999751,2.5563715,-1.6600963,1.5819455,-0.14080931,0.43126854,-0.8700757,0.19275420000000001,-7.3615727,4.974933999999999,1.5886937,2.9378443,2.4114259999999996,1.5855198999999998,,,,,11.360472,5.495486,3.278675,-1.7432584999999998,1
11.759999999999753,2.4830465,-1.6108464,1.5977687,-0.12341361,0.421385,-0.87682086,0.19594571,-7.304244000000001,4.875573999999999,1.576191,3.1811688,2.7021196,1.4496703000000002,,,,,11.360472,5.495486,3.278675,-1.7432584999999998,1
11.769999999999749,2.4102664000000003,-1.5625737,1.6134746000000002,-0.10484295,0.41050386,-0.88390446,0.19802342,-7.252692,4.779497,1.5652395000000001,3.3830633000000003,2.9509733,1.3171852,,,,,12.703453999999999,6.713338,3.8239574,-2.8866457999999997,1
11.779999999999749,2.338034,-1.51537,1.629197,-0.08509024,0.39858920000000003,-0.8912534,0.19889583,-7.1950009999999995,4.661861,1.5795121,3.6324828,3.2457247000000002,1.1533501,,,,,12.703453999999999,6.713338,3.8239574,-2.8866457999999997,1
11.78999999999975,2.2663387999999998,-1.4693216,1.6450709,-0.06416692,0.3856098,-0.8987771000000001,0.19847754,-7.145349499999999,4.5484915,1.5955085,3.840953,3.4965742,0.9935726999999999,,,,,12.703453999999999,6.713338,3.8239574,-2.8866457999999997,1
11.79999999999975,2.1950986,-1.4243852,1.6611124,-0.04227369,0.37168190000000007,-0.906273,0.19682679,-7.104023,4.4395003,1.6130025,4.0156546,3.7095735,0.8377524,,,,,12.703453999999999,6.713338,3.8239574,-2.8866457999999997,1
11.80999999999975,2.1242292000000003,-1.3805162,1.6773351000000003,-0.019587377,0.35690415,-0.9135681,0.19399776,-7.071198,4.3350215,1.6316798000000001,4.1625953,3.8898828,0.6857911999999999,,,,,14.721601500000002,7.1926646,3.9432037,-3.5956142,1
11.81999999999975,2.0536687,-1.3377603999999998,1.693856,0.0037377337,0.3413429,-0.9205368,0.18997096,-7.042527000000001,4.2169932999999995,1.6726202000000001,4.296392,4.050903,0.5105473,,,,,14.721601500000002,7.1926646,3.9432037,-3.5956142,1
11.82999999999975,1.9833439999999998,-1.2961566,1.7107891,0.027559942999999996,0.32505584,-0.9270712,0.18472716,-7.0239983,4.10468,1.714017,4.410826999999999,4.1853169999999995,0.33964357,,,,,14.721601500000002,7.1926646,3.9432037,-3.5956142,1
11.83999999999975,1.9131542000000001,-1.2556465,1.7281361000000002,0.05174833,0.30811125,-0.9330589,0.17831616,-7.015507700000001,3.9982903,1.7553433999999997,4.50967,4.2965217,0.17297255,,,,,14.721601500000002,7.1926646,3.9432037,-3.5956142,1
11.84999999999975,1.8430000000000002,-1.2161698,1.7458936999999999,0.07618548,0.29056942,-0.9384048,0.17078517,-7.0168576,3.8980322,1.7960544999999999,4.596065,4.3874207,0.0104293935,,,,,15.760719,7.7300496,3.4232720999999997,-4.5430837,1
11.859999999999747,1.7727758999999998,-1.177749,1.7641764,0.10062986,0.2725708,-0.94302267,0.16215116,-7.029702,3.7873062999999996,1.8602177,4.632436,4.419608599999999,-0.17643872,,,,,15.760719,7.7300496,3.4232720999999997,-4.5430837,1
11.869999999999747,1.7023691000000003,-1.1403973,1.7830912,0.124876335,0.2542379,-0.94685864,0.15242574,-7.053300999999999,3.6842375,1.9223626,4.668129,4.441779599999999,-0.3586788,,,,,15.760719,7.7300496,3.4232720999999997,-4.5430837,1
11.879999999999747,1.6316751,-1.1040371999999998,1.8026148000000002,0.14887415,0.23559713,-0.94988054,0.14164503,-7.087069500000001,3.5889928,1.9818804,4.7039137,4.45483,-0.5364053000000001,,,,,15.760719,7.7300496,3.4232720999999997,-4.5430837,1
11.889999999999747,1.5605951999999998,-1.0685898999999999,1.8227179,0.17257528,0.21667296,-0.9520594000000001,0.12984386,-7.130378200000001,3.5017207000000004,2.038209,4.7404175,4.459537,-0.7097302,,,,,17.283413,7.608279,1.4951936000000001,-4.8564844,1
